MEME version 4

ALPHABET= ACGT

strands: + -

Background letter frequencies (from uniform background):
A 0.25000 C 0.25000 G 0.25000 T 0.25000 

MOTIF ArgR_Enterobacteriales ArgR-family

letter-probability matrix: alength= 4 w= 18 nsites= 259 E= 0
  0.613900	  0.019305	  0.042471	  0.324324	
  0.347490	  0.104247	  0.185328	  0.362934	
  0.065637	  0.092664	  0.003861	  0.837838	
  0.027027	  0.088803	  0.861004	  0.023166	
  0.536680	  0.347490	  0.011583	  0.104247	
  0.845560	  0.042471	  0.015444	  0.096525	
  0.057915	  0.003861	  0.000000	  0.938224	
  0.594595	  0.003861	  0.092664	  0.308880	
  0.532819	  0.030888	  0.019305	  0.416988	
  0.501931	  0.042471	  0.027027	  0.428571	
  0.382239	  0.127413	  0.000000	  0.490347	
  0.938224	  0.000000	  0.003861	  0.057915	
  0.100386	  0.019305	  0.003861	  0.876448	
  0.154440	  0.019305	  0.328185	  0.498069	
  0.011583	  0.915058	  0.065637	  0.007722	
  0.864865	  0.015444	  0.034749	  0.084942	
  0.266409	  0.216216	  0.111969	  0.405405	
  0.432432	  0.046332	  0.011583	  0.509653	

URL http://regprecise.lbl.gov/RegPrecise/regulog.jsp?regulog_id=1268

MOTIF ArgR_Thermotogales ArgR-family

letter-probability matrix: alength= 4 w= 19 nsites= 10 E= 0
  1.000000	  0.000000	  0.000000	  0.000000	
  0.000000	  0.000000	  0.000000	  1.000000	
  1.000000	  0.000000	  0.000000	  0.000000	
  0.500000	  0.000000	  0.000000	  0.500000	
  0.000000	  0.000000	  0.000000	  1.000000	
  0.000000	  0.000000	  0.000000	  1.000000	
  1.000000	  0.000000	  0.000000	  0.000000	
  0.000000	  0.000000	  0.000000	  1.000000	
  0.000000	  0.000000	  1.000000	  0.000000	
  0.000000	  1.000000	  0.000000	  0.000000	
  0.000000	  0.000000	  0.000000	  1.000000	
  0.900000	  0.000000	  0.100000	  0.000000	
  0.000000	  0.000000	  0.000000	  1.000000	
  0.500000	  0.500000	  0.000000	  0.000000	
  0.500000	  0.000000	  0.000000	  0.500000	
  1.000000	  0.000000	  0.000000	  0.000000	
  0.100000	  0.000000	  0.500000	  0.400000	
  0.900000	  0.000000	  0.000000	  0.100000	
  0.500000	  0.000000	  0.000000	  0.500000	

URL http://regprecise.lbl.gov/RegPrecise/regulog.jsp?regulog_id=1283

MOTIF ArgR_Pasteurellales ArgR-family

letter-probability matrix: alength= 4 w= 18 nsites= 69 E= 0
  0.449275	  0.101449	  0.057971	  0.391304	
  0.318841	  0.043478	  0.086957	  0.550725	
  0.130435	  0.014493	  0.014493	  0.840580	
  0.130435	  0.000000	  0.797101	  0.072464	
  0.565217	  0.376812	  0.014493	  0.043478	
  0.840580	  0.057971	  0.014493	  0.086957	
  0.028986	  0.014493	  0.000000	  0.956522	
  0.782609	  0.000000	  0.000000	  0.217391	
  0.536232	  0.014493	  0.014493	  0.434783	
  0.217391	  0.014493	  0.014493	  0.753623	
  0.144928	  0.000000	  0.000000	  0.855072	
  0.956522	  0.000000	  0.000000	  0.043478	
  0.086957	  0.014493	  0.000000	  0.898551	
  0.028986	  0.000000	  0.434783	  0.536232	
  0.043478	  0.724638	  0.057971	  0.173913	
  0.913043	  0.000000	  0.000000	  0.086957	
  0.492754	  0.057971	  0.130435	  0.318841	
  0.449275	  0.043478	  0.014493	  0.492754	

URL http://regprecise.lbl.gov/RegPrecise/regulog.jsp?regulog_id=2348

MOTIF ArgR_Alteromonadales ArgR-family

letter-probability matrix: alength= 4 w= 18 nsites= 67 E= 0
  0.432836	  0.089552	  0.074627	  0.402985	
  0.208955	  0.208955	  0.149254	  0.432836	
  0.208955	  0.029851	  0.014925	  0.746269	
  0.313433	  0.029851	  0.641791	  0.014925	
  0.552239	  0.298507	  0.000000	  0.149254	
  0.910448	  0.000000	  0.029851	  0.059701	
  0.000000	  0.000000	  0.000000	  1.000000	
  0.850746	  0.000000	  0.029851	  0.119403	
  0.507463	  0.074627	  0.164179	  0.253731	
  0.313433	  0.104478	  0.074627	  0.507463	
  0.194030	  0.044776	  0.000000	  0.761194	
  1.000000	  0.000000	  0.000000	  0.000000	
  0.000000	  0.059701	  0.000000	  0.940299	
  0.119403	  0.000000	  0.268657	  0.611940	
  0.014925	  0.805970	  0.000000	  0.179104	
  0.746269	  0.000000	  0.134328	  0.119403	
  0.447761	  0.164179	  0.179104	  0.208955	
  0.328358	  0.089552	  0.104478	  0.477612	

URL http://regprecise.lbl.gov/RegPrecise/regulog.jsp?regulog_id=2349

MOTIF ArgR_Streptococcaceae ArgR-family

letter-probability matrix: alength= 4 w= 18 nsites= 125 E= 0
  0.728000	  0.000000	  0.016000	  0.256000	
  0.424000	  0.024000	  0.128000	  0.424000	
  0.224000	  0.016000	  0.128000	  0.632000	
  0.096000	  0.032000	  0.632000	  0.240000	
  0.400000	  0.048000	  0.040000	  0.512000	
  0.952000	  0.008000	  0.008000	  0.032000	
  0.024000	  0.000000	  0.008000	  0.968000	
  0.944000	  0.008000	  0.000000	  0.048000	
  0.928000	  0.016000	  0.008000	  0.048000	
  0.568000	  0.032000	  0.016000	  0.384000	
  0.304000	  0.048000	  0.016000	  0.632000	
  0.944000	  0.000000	  0.000000	  0.056000	
  0.016000	  0.032000	  0.000000	  0.952000	
  0.632000	  0.056000	  0.176000	  0.136000	
  0.232000	  0.624000	  0.064000	  0.080000	
  0.712000	  0.040000	  0.024000	  0.224000	
  0.544000	  0.104000	  0.064000	  0.288000	
  0.448000	  0.016000	  0.032000	  0.504000	

URL http://regprecise.lbl.gov/RegPrecise/regulog.jsp?regulog_id=3559

MOTIF ArgR_Lactobacillaceae ArgR-family

letter-probability matrix: alength= 4 w= 18 nsites= 27 E= 0
  0.555556	  0.222222	  0.074074	  0.148148	
  0.296296	  0.037037	  0.111111	  0.555556	
  0.000000	  0.000000	  0.000000	  1.000000	
  0.111111	  0.000000	  0.851852	  0.037037	
  0.222222	  0.592593	  0.000000	  0.185185	
  0.925926	  0.000000	  0.074074	  0.000000	
  0.037037	  0.000000	  0.000000	  0.962963	
  0.962963	  0.000000	  0.000000	  0.037037	
  0.666667	  0.000000	  0.037037	  0.296296	
  0.777778	  0.000000	  0.000000	  0.222222	
  0.333333	  0.000000	  0.000000	  0.666667	
  0.888889	  0.000000	  0.000000	  0.111111	
  0.222222	  0.000000	  0.000000	  0.777778	
  0.148148	  0.074074	  0.000000	  0.777778	
  0.074074	  0.592593	  0.148148	  0.185185	
  0.740741	  0.000000	  0.074074	  0.185185	
  0.555556	  0.000000	  0.037037	  0.407407	
  0.296296	  0.000000	  0.000000	  0.703704	

URL http://regprecise.lbl.gov/RegPrecise/regulog.jsp?regulog_id=4344

MOTIF ArgR_Bacteroidaceae ArgR-family

letter-probability matrix: alength= 4 w= 18 nsites= 11 E= 0
  0.090909	  0.090909	  0.000000	  0.818182	
  0.363636	  0.090909	  0.000000	  0.545455	
  1.000000	  0.000000	  0.000000	  0.000000	
  0.000000	  0.000000	  1.000000	  0.000000	
  1.000000	  0.000000	  0.000000	  0.000000	
  1.000000	  0.000000	  0.000000	  0.000000	
  0.000000	  0.000000	  0.000000	  1.000000	
  1.000000	  0.000000	  0.000000	  0.000000	
  1.000000	  0.000000	  0.000000	  0.000000	
  0.000000	  0.000000	  0.000000	  1.000000	
  0.000000	  0.000000	  0.000000	  1.000000	
  1.000000	  0.000000	  0.000000	  0.000000	
  0.000000	  0.000000	  0.000000	  1.000000	
  0.818182	  0.000000	  0.181818	  0.000000	
  0.000000	  1.000000	  0.000000	  0.000000	
  1.000000	  0.000000	  0.000000	  0.000000	
  0.454545	  0.000000	  0.545455	  0.000000	
  0.363636	  0.000000	  0.090909	  0.545455	

URL http://regprecise.lbl.gov/RegPrecise/regulog.jsp?regulog_id=4674

MOTIF ArgR_Clostridia-3 ArgR-family

letter-probability matrix: alength= 4 w= 16 nsites= 56 E= 0
  0.678571	  0.017857	  0.000000	  0.303571	
  0.000000	  0.000000	  0.000000	  1.000000	
  0.053571	  0.000000	  0.767857	  0.178571	
  0.035714	  0.446429	  0.000000	  0.517857	
  1.000000	  0.000000	  0.000000	  0.000000	
  0.000000	  0.000000	  0.017857	  0.982143	
  0.892857	  0.000000	  0.000000	  0.107143	
  0.625000	  0.053571	  0.017857	  0.303571	
  0.303571	  0.017857	  0.000000	  0.678571	
  0.053571	  0.017857	  0.035714	  0.892857	
  0.964286	  0.000000	  0.000000	  0.035714	
  0.000000	  0.000000	  0.000000	  1.000000	
  0.392857	  0.000000	  0.517857	  0.089286	
  0.321429	  0.625000	  0.000000	  0.053571	
  0.982143	  0.000000	  0.000000	  0.017857	
  0.392857	  0.017857	  0.000000	  0.589286	

URL http://regprecise.lbl.gov/RegPrecise/regulog.jsp?regulog_id=4785

MOTIF ArgR_Clostridia-1 ArgR-family

letter-probability matrix: alength= 4 w= 16 nsites= 75 E= 0
  0.466667	  0.026667	  0.080000	  0.426667	
  0.040000	  0.013333	  0.000000	  0.946667	
  0.026667	  0.000000	  0.840000	  0.133333	
  0.280000	  0.240000	  0.000000	  0.480000	
  0.986667	  0.000000	  0.013333	  0.000000	
  0.013333	  0.013333	  0.000000	  0.973333	
  0.933333	  0.000000	  0.026667	  0.040000	
  0.760000	  0.013333	  0.000000	  0.226667	
  0.320000	  0.000000	  0.026667	  0.653333	
  0.106667	  0.000000	  0.000000	  0.893333	
  0.973333	  0.000000	  0.000000	  0.026667	
  0.000000	  0.013333	  0.000000	  0.986667	
  0.560000	  0.000000	  0.093333	  0.346667	
  0.506667	  0.440000	  0.000000	  0.053333	
  0.786667	  0.013333	  0.053333	  0.146667	
  0.480000	  0.053333	  0.093333	  0.373333	

URL http://regprecise.lbl.gov/RegPrecise/regulog.jsp?regulog_id=4799

MOTIF ArgR_Frankineae/Propionibacterineae/Pseudonocardiaceae ArgR-family

letter-probability matrix: alength= 4 w= 16 nsites= 14 E= 0
  0.000000	  0.214286	  0.571429	  0.214286	
  0.000000	  0.000000	  0.000000	  1.000000	
  0.000000	  0.000000	  0.928571	  0.071429	
  0.071429	  0.571429	  0.071429	  0.285714	
  1.000000	  0.000000	  0.000000	  0.000000	
  0.000000	  0.000000	  0.000000	  1.000000	
  0.857143	  0.000000	  0.142857	  0.000000	
  0.642857	  0.071429	  0.214286	  0.071429	
  0.214286	  0.071429	  0.000000	  0.714286	
  0.000000	  0.500000	  0.142857	  0.357143	
  0.857143	  0.000000	  0.071429	  0.071429	
  0.000000	  0.000000	  0.000000	  1.000000	
  0.000000	  0.214286	  0.642857	  0.142857	
  0.071429	  0.857143	  0.071429	  0.000000	
  0.642857	  0.000000	  0.357143	  0.000000	
  0.000000	  0.500000	  0.214286	  0.285714	

URL http://regprecise.lbl.gov/RegPrecise/regulog.jsp?regulog_id=6044

MOTIF ArgR_Mycobacteriaceae ArgR-family

letter-probability matrix: alength= 4 w= 18 nsites= 9 E= 0
  0.000000	  0.000000	  0.000000	  1.000000	
  0.111111	  0.000000	  0.000000	  0.888889	
  0.000000	  0.000000	  0.000000	  1.000000	
  0.000000	  0.000000	  1.000000	  0.000000	
  0.000000	  1.000000	  0.000000	  0.000000	
  0.555556	  0.000000	  0.444444	  0.000000	
  0.444444	  0.111111	  0.111111	  0.333333	
  0.555556	  0.222222	  0.000000	  0.222222	
  0.333333	  0.222222	  0.111111	  0.333333	
  0.222222	  0.111111	  0.000000	  0.666667	
  0.666667	  0.000000	  0.111111	  0.222222	
  0.333333	  0.222222	  0.222222	  0.222222	
  0.000000	  0.000000	  0.000000	  1.000000	
  0.000000	  0.000000	  1.000000	  0.000000	
  0.000000	  1.000000	  0.000000	  0.000000	
  1.000000	  0.000000	  0.000000	  0.000000	
  0.111111	  0.000000	  0.000000	  0.888889	
  1.000000	  0.000000	  0.000000	  0.000000	

URL http://regprecise.lbl.gov/RegPrecise/regulog.jsp?regulog_id=6046

MOTIF ArgR_Streptomycetaceae ArgR-family

letter-probability matrix: alength= 4 w= 20 nsites= 29 E= 0
  0.103448	  0.379310	  0.172414	  0.344828	
  0.310345	  0.379310	  0.103448	  0.206897	
  0.379310	  0.206897	  0.103448	  0.310345	
  0.000000	  0.206897	  0.034483	  0.758621	
  0.000000	  0.000000	  1.000000	  0.000000	
  0.000000	  0.862069	  0.000000	  0.137931	
  0.931034	  0.000000	  0.068966	  0.000000	
  0.034483	  0.000000	  0.103448	  0.862069	
  0.724138	  0.000000	  0.241379	  0.034483	
  0.448276	  0.103448	  0.448276	  0.000000	
  0.241379	  0.103448	  0.103448	  0.551724	
  0.103448	  0.655172	  0.034483	  0.206897	
  0.689655	  0.137931	  0.172414	  0.000000	
  0.000000	  0.034483	  0.000000	  0.965517	
  0.068966	  0.000000	  0.896552	  0.034483	
  0.000000	  1.000000	  0.000000	  0.000000	
  0.551724	  0.137931	  0.275862	  0.034483	
  0.206897	  0.137931	  0.137931	  0.517241	
  0.310345	  0.206897	  0.172414	  0.310345	
  0.275862	  0.448276	  0.206897	  0.068966	

URL http://regprecise.lbl.gov/RegPrecise/regulog.jsp?regulog_id=6048

MOTIF ArgR_Thermoanaerobacterales ArgR-family

letter-probability matrix: alength= 4 w= 16 nsites= 15 E= 0
  0.200000	  0.000000	  0.000000	  0.800000	
  0.000000	  0.000000	  0.000000	  1.000000	
  0.000000	  0.000000	  1.000000	  0.000000	
  0.066667	  0.400000	  0.000000	  0.533333	
  1.000000	  0.000000	  0.000000	  0.000000	
  0.000000	  0.000000	  0.000000	  1.000000	
  0.666667	  0.000000	  0.000000	  0.333333	
  0.733333	  0.000000	  0.000000	  0.266667	
  0.266667	  0.000000	  0.000000	  0.733333	
  0.000000	  0.000000	  0.000000	  1.000000	
  1.000000	  0.000000	  0.000000	  0.000000	
  0.000000	  0.000000	  0.000000	  1.000000	
  0.733333	  0.000000	  0.000000	  0.266667	
  0.466667	  0.533333	  0.000000	  0.000000	
  1.000000	  0.000000	  0.000000	  0.000000	
  0.133333	  0.200000	  0.000000	  0.666667	

URL http://regprecise.lbl.gov/RegPrecise/regulog.jsp?regulog_id=6052

MOTIF ArgR_Listeriaceae ArgR-family

letter-probability matrix: alength= 4 w= 16 nsites= 19 E= 0
  0.263158	  0.210526	  0.210526	  0.315789	
  0.157895	  0.000000	  0.000000	  0.842105	
  0.105263	  0.000000	  0.473684	  0.421053	
  0.315789	  0.052632	  0.000000	  0.631579	
  1.000000	  0.000000	  0.000000	  0.000000	
  0.000000	  0.000000	  0.000000	  1.000000	
  0.789474	  0.000000	  0.000000	  0.210526	
  0.263158	  0.000000	  0.000000	  0.736842	
  0.473684	  0.000000	  0.000000	  0.526316	
  0.368421	  0.000000	  0.000000	  0.631579	
  1.000000	  0.000000	  0.000000	  0.000000	
  0.210526	  0.000000	  0.000000	  0.789474	
  0.631579	  0.000000	  0.315789	  0.052632	
  0.315789	  0.684211	  0.000000	  0.000000	
  0.947368	  0.000000	  0.000000	  0.052632	
  0.315789	  0.000000	  0.000000	  0.684211	

URL http://regprecise.lbl.gov/RegPrecise/regulog.jsp?regulog_id=6054

MOTIF ArgR_Chlamydiales ArgR-family

letter-probability matrix: alength= 4 w= 18 nsites= 8 E= 0
  0.625000	  0.000000	  0.125000	  0.250000	
  0.125000	  0.125000	  0.250000	  0.500000	
  0.000000	  0.125000	  0.000000	  0.875000	
  0.500000	  0.000000	  0.500000	  0.000000	
  0.500000	  0.500000	  0.000000	  0.000000	
  1.000000	  0.000000	  0.000000	  0.000000	
  0.000000	  0.000000	  0.000000	  1.000000	
  0.625000	  0.000000	  0.375000	  0.000000	
  1.000000	  0.000000	  0.000000	  0.000000	
  0.625000	  0.000000	  0.000000	  0.375000	
  0.000000	  0.000000	  0.000000	  1.000000	
  1.000000	  0.000000	  0.000000	  0.000000	
  0.000000	  0.125000	  0.000000	  0.875000	
  0.000000	  0.000000	  1.000000	  0.000000	
  0.125000	  0.875000	  0.000000	  0.000000	
  0.250000	  0.000000	  0.250000	  0.500000	
  0.000000	  0.125000	  0.000000	  0.875000	
  0.125000	  0.000000	  0.250000	  0.625000	

URL http://regprecise.lbl.gov/RegPrecise/regulog.jsp?regulog_id=6105

MOTIF ArgR_Staphylococcaceae ArgR-family

letter-probability matrix: alength= 4 w= 16 nsites= 65 E= 0
  0.676923	  0.000000	  0.015385	  0.307692	
  0.046154	  0.015385	  0.015385	  0.923077	
  0.153846	  0.030769	  0.707692	  0.107692	
  0.261538	  0.092308	  0.015385	  0.630769	
  0.938462	  0.015385	  0.046154	  0.000000	
  0.000000	  0.000000	  0.000000	  1.000000	
  0.800000	  0.000000	  0.046154	  0.153846	
  0.692308	  0.000000	  0.000000	  0.307692	
  0.492308	  0.015385	  0.000000	  0.492308	
  0.307692	  0.030769	  0.015385	  0.646154	
  0.969231	  0.000000	  0.000000	  0.030769	
  0.046154	  0.000000	  0.000000	  0.953846	
  0.169231	  0.030769	  0.261538	  0.538462	
  0.307692	  0.523077	  0.000000	  0.169231	
  0.707692	  0.000000	  0.215385	  0.076923	
  0.261538	  0.015385	  0.076923	  0.646154	

URL http://regprecise.lbl.gov/RegPrecise/regulog.jsp?regulog_id=658

MOTIF ArgR_Bifidobacteriaceae ArgR-family

letter-probability matrix: alength= 4 w= 16 nsites= 36 E= 0
  0.333333	  0.250000	  0.222222	  0.194444	
  0.027778	  0.000000	  0.027778	  0.944444	
  0.027778	  0.000000	  0.972222	  0.000000	
  0.027778	  0.583333	  0.000000	  0.388889	
  0.916667	  0.000000	  0.027778	  0.055556	
  0.000000	  0.027778	  0.027778	  0.944444	
  0.888889	  0.000000	  0.055556	  0.055556	
  0.527778	  0.027778	  0.027778	  0.416667	
  0.500000	  0.083333	  0.111111	  0.305556	
  0.027778	  0.166667	  0.000000	  0.805556	
  0.861111	  0.000000	  0.027778	  0.111111	
  0.000000	  0.000000	  0.027778	  0.972222	
  0.333333	  0.000000	  0.611111	  0.055556	
  0.027778	  0.972222	  0.000000	  0.000000	
  0.861111	  0.000000	  0.027778	  0.111111	
  0.277778	  0.138889	  0.222222	  0.361111	

URL http://regprecise.lbl.gov/RegPrecise/regulog.jsp?regulog_id=6842

MOTIF ArgR_Bacillales ArgR-family

letter-probability matrix: alength= 4 w= 16 nsites= 84 E= 0
  0.619048	  0.047619	  0.035714	  0.297619	
  0.071429	  0.071429	  0.035714	  0.821429	
  0.023810	  0.000000	  0.619048	  0.357143	
  0.380952	  0.226190	  0.000000	  0.392857	
  0.916667	  0.011905	  0.023810	  0.047619	
  0.035714	  0.000000	  0.000000	  0.964286	
  0.547619	  0.000000	  0.059524	  0.392857	
  0.511905	  0.000000	  0.011905	  0.476190	
  0.428571	  0.000000	  0.000000	  0.571429	
  0.250000	  0.035714	  0.000000	  0.714286	
  0.976190	  0.011905	  0.000000	  0.011905	
  0.000000	  0.000000	  0.000000	  1.000000	
  0.333333	  0.000000	  0.142857	  0.523810	
  0.416667	  0.559524	  0.000000	  0.023810	
  0.821429	  0.023810	  0.023810	  0.130952	
  0.357143	  0.000000	  0.095238	  0.547619	

URL http://regprecise.lbl.gov/RegPrecise/regulog.jsp?regulog_id=766


