Converted 1 motifs.
0 conversion errors.
MEME version 4

ALPHABET= ACGT

strands: + -

Background letter frequencies (from uniform background):
A 0.25000 C 0.25000 G 0.25000 T 0.25000 

MOTIF CopR_Streptococcaceae CopY-family

letter-probability matrix: alength= 4 w= 20 nsites= 39 E= 0
  0.333333	  0.025641	  0.102564	  0.538462	
  0.410256	  0.128205	  0.128205	  0.333333	
  0.384615	  0.000000	  0.615385	  0.000000	
  0.179487	  0.000000	  0.000000	  0.820513	
  0.000000	  0.128205	  0.000000	  0.871795	
  0.000000	  0.000000	  0.153846	  0.846154	
  1.000000	  0.000000	  0.000000	  0.000000	
  0.000000	  0.974359	  0.000000	  0.025641	
  0.974359	  0.000000	  0.025641	  0.000000	
  0.846154	  0.051282	  0.025641	  0.076923	
  0.692308	  0.000000	  0.153846	  0.153846	
  0.000000	  0.076923	  0.000000	  0.923077	
  0.000000	  0.000000	  1.000000	  0.000000	
  0.000000	  0.000000	  0.000000	  1.000000	
  1.000000	  0.000000	  0.000000	  0.000000	
  0.692308	  0.000000	  0.307692	  0.000000	
  0.948718	  0.000000	  0.000000	  0.051282	
  0.000000	  0.435897	  0.000000	  0.564103	
  0.358974	  0.051282	  0.102564	  0.487179	
  0.487179	  0.000000	  0.051282	  0.461538	

URL http://regprecise.lbl.gov/RegPrecise/regulog.jsp?regulog_id=3557


