MEME version 4

ALPHABET= ACGT

strands: + -

Background letter frequencies (from uniform background):
A 0.25000 C 0.25000 G 0.25000 T 0.25000 

MOTIF Zur_Ralstonia FUR-family

letter-probability matrix: alength= 4 w= 23 nsites= 19 E= 0
  0.210526	  0.210526	  0.052632	  0.526316	
  0.526316	  0.000000	  0.052632	  0.421053	
  0.263158	  0.105263	  0.263158	  0.368421	
  0.052632	  0.000000	  0.000000	  0.947368	
  0.000000	  0.421053	  0.000000	  0.578947	
  0.000000	  0.000000	  1.000000	  0.000000	
  0.000000	  1.000000	  0.000000	  0.000000	
  1.000000	  0.000000	  0.000000	  0.000000	
  1.000000	  0.000000	  0.000000	  0.000000	
  0.000000	  0.947368	  0.000000	  0.052632	
  0.473684	  0.105263	  0.000000	  0.421053	
  0.105263	  0.263158	  0.105263	  0.526316	
  0.263158	  0.000000	  0.052632	  0.684211	
  0.052632	  0.000000	  0.947368	  0.000000	
  0.000000	  0.000000	  0.000000	  1.000000	
  0.000000	  0.000000	  0.000000	  1.000000	
  0.000000	  0.000000	  1.000000	  0.000000	
  0.000000	  1.000000	  0.000000	  0.000000	
  0.631579	  0.000000	  0.368421	  0.000000	
  0.210526	  0.000000	  0.105263	  0.684211	
  0.052632	  0.210526	  0.052632	  0.684211	
  0.526316	  0.000000	  0.105263	  0.368421	
  0.526316	  0.000000	  0.421053	  0.052632	

URL http://regprecise.lbl.gov/RegPrecise/regulog.jsp?regulog_id=1090

MOTIF Fur_Ralstonia FUR-family

letter-probability matrix: alength= 4 w= 19 nsites= 94 E= 0
  0.936170	  0.021277	  0.000000	  0.042553	
  0.787234	  0.021277	  0.010638	  0.180851	
  0.010638	  0.138298	  0.010638	  0.840426	
  0.276596	  0.000000	  0.670213	  0.053191	
  0.585106	  0.265957	  0.148936	  0.000000	
  0.117021	  0.053191	  0.617021	  0.212766	
  0.989362	  0.000000	  0.000000	  0.010638	
  0.978723	  0.021277	  0.000000	  0.000000	
  0.000000	  0.159574	  0.000000	  0.840426	
  0.095745	  0.446809	  0.234043	  0.223404	
  0.776596	  0.021277	  0.202128	  0.000000	
  0.010638	  0.031915	  0.010638	  0.946809	
  0.010638	  0.000000	  0.000000	  0.989362	
  0.340426	  0.510638	  0.031915	  0.117021	
  0.010638	  0.063830	  0.255319	  0.670213	
  0.000000	  0.808511	  0.010638	  0.180851	
  0.914894	  0.000000	  0.085106	  0.000000	
  0.053191	  0.000000	  0.010638	  0.936170	
  0.000000	  0.031915	  0.010638	  0.957447	

URL http://regprecise.lbl.gov/RegPrecise/regulog.jsp?regulog_id=1092

MOTIF Fur_Enterobacteriales FUR-family

letter-probability matrix: alength= 4 w= 19 nsites= 656 E= 0
  0.268293	  0.047256	  0.553354	  0.131098	
  0.617378	  0.089939	  0.155488	  0.137195	
  0.211890	  0.035061	  0.112805	  0.640244	
  0.852134	  0.024390	  0.025915	  0.097561	
  0.817073	  0.006098	  0.027439	  0.149390	
  0.016768	  0.082317	  0.013720	  0.887195	
  0.227134	  0.190549	  0.474085	  0.108232	
  0.888720	  0.019817	  0.074695	  0.016768	
  0.073171	  0.019817	  0.091463	  0.815549	
  0.478659	  0.000000	  0.003049	  0.518293	
  0.753049	  0.125000	  0.007622	  0.114329	
  0.012195	  0.091463	  0.048780	  0.847561	
  0.096037	  0.634146	  0.082317	  0.187500	
  0.905488	  0.001524	  0.074695	  0.018293	
  0.109756	  0.067073	  0.010671	  0.812500	
  0.060976	  0.000000	  0.003049	  0.935976	
  0.550305	  0.166159	  0.012195	  0.271341	
  0.172256	  0.056402	  0.120427	  0.650915	
  0.070122	  0.705793	  0.032012	  0.192073	

URL http://regprecise.lbl.gov/RegPrecise/regulog.jsp?regulog_id=1112

MOTIF Zur_Enterobacteriales FUR-family

letter-probability matrix: alength= 4 w= 23 nsites= 65 E= 0
  0.123077	  0.076923	  0.476923	  0.323077	
  0.400000	  0.015385	  0.153846	  0.430769	
  0.569231	  0.000000	  0.138462	  0.292308	
  0.600000	  0.000000	  0.076923	  0.323077	
  0.000000	  0.061538	  0.030769	  0.907692	
  0.000000	  0.000000	  1.000000	  0.000000	
  0.000000	  0.000000	  0.015385	  0.984615	
  0.015385	  0.000000	  0.107692	  0.876923	
  0.984615	  0.000000	  0.000000	  0.015385	
  0.000000	  0.123077	  0.000000	  0.876923	
  0.723077	  0.000000	  0.246154	  0.030769	
  0.369231	  0.015385	  0.015385	  0.600000	
  0.000000	  0.092308	  0.000000	  0.907692	
  0.969231	  0.000000	  0.030769	  0.000000	
  0.000000	  0.000000	  0.000000	  1.000000	
  0.861538	  0.107692	  0.000000	  0.030769	
  1.000000	  0.000000	  0.000000	  0.000000	
  0.000000	  1.000000	  0.000000	  0.000000	
  0.846154	  0.000000	  0.153846	  0.000000	
  0.246154	  0.076923	  0.030769	  0.646154	
  0.307692	  0.092308	  0.000000	  0.600000	
  0.323077	  0.230769	  0.000000	  0.446154	
  0.215385	  0.446154	  0.076923	  0.261538	

URL http://regprecise.lbl.gov/RegPrecise/regulog.jsp?regulog_id=1143

MOTIF Zur_Cyanobacteria FUR-family

letter-probability matrix: alength= 4 w= 23 nsites= 84 E= 0
  0.559524	  0.095238	  0.083333	  0.261905	
  0.107143	  0.119048	  0.047619	  0.726190	
  0.285714	  0.035714	  0.500000	  0.178571	
  0.904762	  0.000000	  0.047619	  0.047619	
  0.119048	  0.059524	  0.380952	  0.440476	
  0.940476	  0.023810	  0.011905	  0.023810	
  0.940476	  0.000000	  0.023810	  0.035714	
  0.000000	  0.142857	  0.000000	  0.857143	
  0.119048	  0.023810	  0.845238	  0.011905	
  0.964286	  0.000000	  0.035714	  0.000000	
  0.023810	  0.011905	  0.083333	  0.880952	
  0.392857	  0.000000	  0.000000	  0.607143	
  0.904762	  0.071429	  0.000000	  0.023810	
  0.000000	  0.059524	  0.000000	  0.940476	
  0.000000	  0.809524	  0.059524	  0.130952	
  0.880952	  0.011905	  0.095238	  0.011905	
  0.047619	  0.011905	  0.011905	  0.928571	
  0.059524	  0.000000	  0.000000	  0.940476	
  0.380952	  0.309524	  0.071429	  0.238095	
  0.071429	  0.083333	  0.000000	  0.845238	
  0.226190	  0.321429	  0.047619	  0.404762	
  0.607143	  0.023810	  0.190476	  0.178571	
  0.285714	  0.059524	  0.119048	  0.535714	

URL http://regprecise.lbl.gov/RegPrecise/regulog.jsp?regulog_id=1168

MOTIF PerR_Cyanobacteria FUR-family

letter-probability matrix: alength= 4 w= 15 nsites= 20 E= 0
  0.100000	  0.050000	  0.000000	  0.850000	
  0.250000	  0.250000	  0.250000	  0.250000	
  1.000000	  0.000000	  0.000000	  0.000000	
  0.000000	  0.000000	  0.950000	  0.050000	
  0.950000	  0.000000	  0.000000	  0.050000	
  0.850000	  0.100000	  0.000000	  0.050000	
  0.050000	  0.150000	  0.000000	  0.800000	
  0.350000	  0.000000	  0.100000	  0.550000	
  0.900000	  0.000000	  0.100000	  0.000000	
  0.000000	  0.000000	  0.050000	  0.950000	
  0.050000	  0.000000	  0.000000	  0.950000	
  0.050000	  0.850000	  0.100000	  0.000000	
  0.000000	  0.000000	  0.000000	  1.000000	
  0.400000	  0.050000	  0.350000	  0.200000	
  0.750000	  0.000000	  0.200000	  0.050000	

URL http://regprecise.lbl.gov/RegPrecise/regulog.jsp?regulog_id=1440

MOTIF Zur_Corynebacteriaceae FUR-family

letter-probability matrix: alength= 4 w= 21 nsites= 38 E= 0
  0.289474	  0.000000	  0.052632	  0.657895	
  0.736842	  0.026316	  0.157895	  0.078947	
  0.394737	  0.026316	  0.026316	  0.552632	
  0.026316	  0.052632	  0.052632	  0.868421	
  0.000000	  0.000000	  1.000000	  0.000000	
  0.736842	  0.078947	  0.184211	  0.000000	
  0.552632	  0.210526	  0.078947	  0.157895	
  0.921053	  0.026316	  0.000000	  0.052632	
  0.763158	  0.052632	  0.026316	  0.157895	
  0.105263	  0.421053	  0.026316	  0.447368	
  0.157895	  0.342105	  0.342105	  0.157895	
  0.447368	  0.026316	  0.394737	  0.131579	
  0.105263	  0.026316	  0.157895	  0.710526	
  0.105263	  0.000000	  0.000000	  0.894737	
  0.184211	  0.105263	  0.210526	  0.500000	
  0.000000	  0.421053	  0.026316	  0.552632	
  0.000000	  0.973684	  0.026316	  0.000000	
  0.947368	  0.000000	  0.052632	  0.000000	
  0.368421	  0.105263	  0.026316	  0.500000	
  0.052632	  0.000000	  0.026316	  0.921053	
  0.763158	  0.000000	  0.026316	  0.210526	

URL http://regprecise.lbl.gov/RegPrecise/regulog.jsp?regulog_id=1468

MOTIF Zur_Vibrionales FUR-family

letter-probability matrix: alength= 4 w= 23 nsites= 62 E= 0
  0.322581	  0.048387	  0.370968	  0.258065	
  0.516129	  0.032258	  0.064516	  0.387097	
  0.629032	  0.032258	  0.080645	  0.258065	
  0.612903	  0.032258	  0.129032	  0.225806	
  0.000000	  0.000000	  0.000000	  1.000000	
  0.000000	  0.000000	  1.000000	  0.000000	
  0.000000	  0.000000	  0.000000	  1.000000	
  0.016129	  0.000000	  0.000000	  0.983871	
  1.000000	  0.000000	  0.000000	  0.000000	
  0.000000	  0.145161	  0.000000	  0.854839	
  0.967742	  0.000000	  0.016129	  0.016129	
  0.532258	  0.016129	  0.000000	  0.451613	
  0.016129	  0.290323	  0.000000	  0.693548	
  0.806452	  0.000000	  0.193548	  0.000000	
  0.000000	  0.000000	  0.000000	  1.000000	
  0.903226	  0.000000	  0.000000	  0.096774	
  0.983871	  0.000000	  0.000000	  0.016129	
  0.000000	  1.000000	  0.000000	  0.000000	
  0.983871	  0.000000	  0.000000	  0.016129	
  0.403226	  0.129032	  0.032258	  0.435484	
  0.129032	  0.096774	  0.032258	  0.741935	
  0.290323	  0.112903	  0.016129	  0.580645	
  0.322581	  0.209677	  0.112903	  0.354839	

URL http://regprecise.lbl.gov/RegPrecise/regulog.jsp?regulog_id=1722

MOTIF Zur_Alteromonadales FUR-family

letter-probability matrix: alength= 4 w= 23 nsites= 46 E= 0
  0.260870	  0.239130	  0.239130	  0.260870	
  0.304348	  0.000000	  0.065217	  0.630435	
  0.521739	  0.021739	  0.130435	  0.326087	
  0.565217	  0.043478	  0.043478	  0.347826	
  0.021739	  0.021739	  0.065217	  0.891304	
  0.021739	  0.000000	  0.978261	  0.000000	
  0.217391	  0.000000	  0.000000	  0.782609	
  0.021739	  0.000000	  0.130435	  0.847826	
  1.000000	  0.000000	  0.000000	  0.000000	
  0.000000	  0.130435	  0.000000	  0.869565	
  0.956522	  0.000000	  0.043478	  0.000000	
  0.391304	  0.108696	  0.108696	  0.391304	
  0.000000	  0.108696	  0.000000	  0.891304	
  0.913043	  0.000000	  0.086957	  0.000000	
  0.000000	  0.000000	  0.000000	  1.000000	
  0.695652	  0.239130	  0.000000	  0.065217	
  0.847826	  0.000000	  0.000000	  0.152174	
  0.000000	  1.000000	  0.000000	  0.000000	
  0.847826	  0.021739	  0.065217	  0.065217	
  0.239130	  0.065217	  0.065217	  0.630435	
  0.239130	  0.239130	  0.021739	  0.500000	
  0.500000	  0.065217	  0.108696	  0.326087	
  0.217391	  0.369565	  0.130435	  0.282609	

URL http://regprecise.lbl.gov/RegPrecise/regulog.jsp?regulog_id=1724

MOTIF Zur_Psychromonadaceae/Aeromonadales FUR-family

letter-probability matrix: alength= 4 w= 23 nsites= 19 E= 0
  0.157895	  0.157895	  0.052632	  0.631579	
  0.526316	  0.000000	  0.368421	  0.105263	
  0.631579	  0.000000	  0.105263	  0.263158	
  0.157895	  0.052632	  0.473684	  0.315789	
  0.105263	  0.000000	  0.000000	  0.894737	
  0.000000	  0.000000	  1.000000	  0.000000	
  0.000000	  0.000000	  0.000000	  1.000000	
  0.052632	  0.000000	  0.105263	  0.842105	
  0.947368	  0.000000	  0.000000	  0.052632	
  0.000000	  0.052632	  0.000000	  0.947368	
  0.473684	  0.000000	  0.526316	  0.000000	
  0.368421	  0.000000	  0.000000	  0.631579	
  0.000000	  0.000000	  0.052632	  0.947368	
  1.000000	  0.000000	  0.000000	  0.000000	
  0.000000	  0.000000	  0.000000	  1.000000	
  1.000000	  0.000000	  0.000000	  0.000000	
  0.947368	  0.000000	  0.000000	  0.052632	
  0.000000	  0.947368	  0.000000	  0.052632	
  1.000000	  0.000000	  0.000000	  0.000000	
  0.315789	  0.105263	  0.052632	  0.526316	
  0.578947	  0.157895	  0.000000	  0.263158	
  0.473684	  0.210526	  0.000000	  0.315789	
  0.157895	  0.578947	  0.157895	  0.105263	

URL http://regprecise.lbl.gov/RegPrecise/regulog.jsp?regulog_id=1725

MOTIF Zur_Oceanospirillales/Alteromonadales FUR-family

letter-probability matrix: alength= 4 w= 23 nsites= 51 E= 0
  0.294118	  0.039216	  0.392157	  0.274510	
  0.450980	  0.058824	  0.058824	  0.431373	
  0.568627	  0.039216	  0.039216	  0.352941	
  0.725490	  0.000000	  0.098039	  0.176471	
  0.137255	  0.058824	  0.019608	  0.784314	
  0.039216	  0.000000	  0.960784	  0.000000	
  0.254902	  0.019608	  0.019608	  0.705882	
  0.039216	  0.000000	  0.000000	  0.960784	
  0.980392	  0.000000	  0.019608	  0.000000	
  0.000000	  0.098039	  0.000000	  0.901961	
  0.588235	  0.058824	  0.333333	  0.019608	
  0.352941	  0.039216	  0.078431	  0.529412	
  0.019608	  0.352941	  0.039216	  0.588235	
  0.862745	  0.000000	  0.137255	  0.000000	
  0.000000	  0.019608	  0.000000	  0.980392	
  0.960784	  0.000000	  0.000000	  0.039216	
  0.745098	  0.000000	  0.039216	  0.215686	
  0.000000	  0.980392	  0.000000	  0.019608	
  0.666667	  0.039216	  0.156863	  0.137255	
  0.098039	  0.078431	  0.000000	  0.823529	
  0.392157	  0.019608	  0.039216	  0.549020	
  0.333333	  0.039216	  0.058824	  0.568627	
  0.333333	  0.411765	  0.000000	  0.254902	

URL http://regprecise.lbl.gov/RegPrecise/regulog.jsp?regulog_id=1726

MOTIF Zur_Pseudomonadaceae FUR-family

letter-probability matrix: alength= 4 w= 23 nsites= 62 E= 0
  0.419355	  0.112903	  0.322581	  0.145161	
  0.693548	  0.032258	  0.064516	  0.209677	
  0.370968	  0.161290	  0.274194	  0.193548	
  0.580645	  0.000000	  0.096774	  0.322581	
  0.032258	  0.225806	  0.096774	  0.645161	
  0.000000	  0.000000	  1.000000	  0.000000	
  0.064516	  0.000000	  0.016129	  0.919355	
  0.161290	  0.000000	  0.000000	  0.838710	
  0.983871	  0.000000	  0.000000	  0.016129	
  0.000000	  0.112903	  0.000000	  0.887097	
  0.677419	  0.016129	  0.145161	  0.161290	
  0.483871	  0.064516	  0.080645	  0.370968	
  0.177419	  0.161290	  0.064516	  0.596774	
  0.725806	  0.000000	  0.274194	  0.000000	
  0.000000	  0.000000	  0.000000	  1.000000	
  0.806452	  0.032258	  0.000000	  0.161290	
  0.919355	  0.016129	  0.000000	  0.064516	
  0.000000	  0.983871	  0.000000	  0.016129	
  0.580645	  0.129032	  0.258065	  0.032258	
  0.306452	  0.193548	  0.000000	  0.500000	
  0.241935	  0.258065	  0.112903	  0.387097	
  0.338710	  0.129032	  0.032258	  0.500000	
  0.177419	  0.435484	  0.080645	  0.306452	

URL http://regprecise.lbl.gov/RegPrecise/regulog.jsp?regulog_id=1727

MOTIF Zur_Moraxellaceae FUR-family

letter-probability matrix: alength= 4 w= 23 nsites= 28 E= 0
  0.357143	  0.071429	  0.321429	  0.250000	
  0.428571	  0.107143	  0.107143	  0.357143	
  0.535714	  0.035714	  0.000000	  0.428571	
  0.607143	  0.000000	  0.142857	  0.250000	
  0.071429	  0.071429	  0.000000	  0.857143	
  0.035714	  0.000000	  0.964286	  0.000000	
  0.107143	  0.000000	  0.000000	  0.892857	
  0.035714	  0.000000	  0.000000	  0.964286	
  1.000000	  0.000000	  0.000000	  0.000000	
  0.000000	  0.035714	  0.000000	  0.964286	
  0.821429	  0.000000	  0.178571	  0.000000	
  0.285714	  0.142857	  0.178571	  0.392857	
  0.000000	  0.035714	  0.000000	  0.964286	
  0.964286	  0.000000	  0.035714	  0.000000	
  0.000000	  0.000000	  0.000000	  1.000000	
  0.857143	  0.000000	  0.000000	  0.142857	
  0.928571	  0.035714	  0.000000	  0.035714	
  0.035714	  0.857143	  0.035714	  0.071429	
  0.928571	  0.000000	  0.035714	  0.035714	
  0.250000	  0.035714	  0.035714	  0.678571	
  0.750000	  0.000000	  0.035714	  0.214286	
  0.607143	  0.071429	  0.035714	  0.285714	
  0.178571	  0.392857	  0.035714	  0.392857	

URL http://regprecise.lbl.gov/RegPrecise/regulog.jsp?regulog_id=1728

MOTIF Zur_Burkholderia FUR-family

letter-probability matrix: alength= 4 w= 23 nsites= 22 E= 0
  0.318182	  0.090909	  0.500000	  0.090909	
  0.363636	  0.181818	  0.272727	  0.181818	
  0.454545	  0.181818	  0.363636	  0.000000	
  0.500000	  0.090909	  0.227273	  0.181818	
  0.181818	  0.045455	  0.136364	  0.636364	
  0.000000	  0.000000	  1.000000	  0.000000	
  0.909091	  0.045455	  0.000000	  0.045455	
  0.090909	  0.000000	  0.000000	  0.909091	
  1.000000	  0.000000	  0.000000	  0.000000	
  0.000000	  0.545455	  0.000000	  0.454545	
  0.272727	  0.000000	  0.681818	  0.045455	
  0.318182	  0.000000	  0.000000	  0.681818	
  0.000000	  0.227273	  0.000000	  0.772727	
  0.909091	  0.000000	  0.090909	  0.000000	
  0.000000	  0.000000	  0.000000	  1.000000	
  1.000000	  0.000000	  0.000000	  0.000000	
  0.045455	  0.000000	  0.000000	  0.954545	
  0.000000	  1.000000	  0.000000	  0.000000	
  0.681818	  0.000000	  0.318182	  0.000000	
  0.090909	  0.000000	  0.000000	  0.909091	
  0.000000	  0.454545	  0.045455	  0.500000	
  0.181818	  0.090909	  0.363636	  0.363636	
  0.000000	  0.772727	  0.090909	  0.136364	

URL http://regprecise.lbl.gov/RegPrecise/regulog.jsp?regulog_id=1731

MOTIF Zur_Comamonadaceae FUR-family

letter-probability matrix: alength= 4 w= 23 nsites= 11 E= 0
  0.545455	  0.090909	  0.090909	  0.272727	
  0.000000	  0.000000	  0.000000	  1.000000	
  1.000000	  0.000000	  0.000000	  0.000000	
  0.727273	  0.000000	  0.000000	  0.272727	
  0.000000	  0.363636	  0.000000	  0.636364	
  0.000000	  0.000000	  1.000000	  0.000000	
  0.000000	  1.000000	  0.000000	  0.000000	
  1.000000	  0.000000	  0.000000	  0.000000	
  1.000000	  0.000000	  0.000000	  0.000000	
  0.000000	  0.636364	  0.000000	  0.363636	
  0.090909	  0.272727	  0.000000	  0.636364	
  0.181818	  0.454545	  0.272727	  0.090909	
  0.545455	  0.000000	  0.454545	  0.000000	
  0.545455	  0.000000	  0.454545	  0.000000	
  0.000000	  0.000000	  0.000000	  1.000000	
  0.000000	  0.000000	  0.000000	  1.000000	
  0.000000	  0.000000	  1.000000	  0.000000	
  0.000000	  1.000000	  0.000000	  0.000000	
  0.454545	  0.000000	  0.545455	  0.000000	
  0.363636	  0.000000	  0.000000	  0.636364	
  0.000000	  0.000000	  0.000000	  1.000000	
  1.000000	  0.000000	  0.000000	  0.000000	
  0.454545	  0.090909	  0.090909	  0.363636	

URL http://regprecise.lbl.gov/RegPrecise/regulog.jsp?regulog_id=1732

MOTIF  FUR-family

letter-probability matrix: alength= 4 w= 23 nsites= 10 E= 0
  0.300000	  0.100000	  0.100000	  0.500000	
  0.800000	  0.000000	  0.000000	  0.200000	
  0.700000	  0.000000	  0.100000	  0.200000	
  0.700000	  0.000000	  0.000000	  0.300000	
  0.000000	  0.000000	  0.000000	  1.000000	
  0.000000	  0.000000	  1.000000	  0.000000	
  0.000000	  1.000000	  0.000000	  0.000000	
  0.700000	  0.100000	  0.000000	  0.200000	
  1.000000	  0.000000	  0.000000	  0.000000	
  0.000000	  1.000000	  0.000000	  0.000000	
  0.900000	  0.000000	  0.000000	  0.100000	
  0.500000	  0.100000	  0.000000	  0.400000	
  0.200000	  0.000000	  0.000000	  0.800000	
  0.000000	  0.000000	  1.000000	  0.000000	
  0.000000	  0.000000	  0.000000	  1.000000	
  0.100000	  0.000000	  0.000000	  0.900000	
  0.000000	  0.000000	  1.000000	  0.000000	
  0.000000	  1.000000	  0.000000	  0.000000	
  0.800000	  0.000000	  0.200000	  0.000000	
  0.200000	  0.000000	  0.100000	  0.700000	
  0.200000	  0.200000	  0.000000	  0.600000	
  0.500000	  0.100000	  0.000000	  0.400000	
  0.300000	  0.100000	  0.200000	  0.400000	

URL http://regprecise.lbl.gov/RegPrecise/regulog.jsp?regulog_id=1733

MOTIF Zur_Rhizobiales FUR-family

letter-probability matrix: alength= 4 w= 23 nsites= 42 E= 0
  0.119048	  0.238095	  0.380952	  0.261905	
  0.357143	  0.190476	  0.071429	  0.380952	
  0.523810	  0.047619	  0.285714	  0.142857	
  0.785714	  0.023810	  0.071429	  0.119048	
  0.023810	  0.190476	  0.000000	  0.785714	
  0.000000	  0.000000	  1.000000	  0.000000	
  0.000000	  0.000000	  0.000000	  1.000000	
  0.428571	  0.000000	  0.047619	  0.523810	
  1.000000	  0.000000	  0.000000	  0.000000	
  0.000000	  0.095238	  0.000000	  0.904762	
  0.404762	  0.047619	  0.404762	  0.142857	
  0.404762	  0.000000	  0.023810	  0.571429	
  0.000000	  0.357143	  0.000000	  0.642857	
  0.928571	  0.000000	  0.071429	  0.000000	
  0.000000	  0.000000	  0.000000	  1.000000	
  0.547619	  0.023810	  0.000000	  0.428571	
  1.000000	  0.000000	  0.000000	  0.000000	
  0.000000	  1.000000	  0.000000	  0.000000	
  0.714286	  0.000000	  0.261905	  0.023810	
  0.119048	  0.071429	  0.095238	  0.714286	
  0.285714	  0.214286	  0.047619	  0.452381	
  0.404762	  0.166667	  0.142857	  0.285714	
  0.333333	  0.261905	  0.214286	  0.190476	

URL http://regprecise.lbl.gov/RegPrecise/regulog.jsp?regulog_id=1734

MOTIF Zur_Caulobacterales FUR-family

letter-probability matrix: alength= 4 w= 23 nsites= 16 E= 0
  0.187500	  0.187500	  0.562500	  0.062500	
  0.375000	  0.062500	  0.375000	  0.187500	
  0.312500	  0.250000	  0.062500	  0.375000	
  0.437500	  0.125000	  0.312500	  0.125000	
  0.000000	  0.062500	  0.000000	  0.937500	
  0.000000	  0.000000	  1.000000	  0.000000	
  0.000000	  0.000000	  0.000000	  1.000000	
  0.000000	  0.000000	  0.000000	  1.000000	
  1.000000	  0.000000	  0.000000	  0.000000	
  0.000000	  0.375000	  0.000000	  0.625000	
  0.437500	  0.000000	  0.125000	  0.437500	
  0.312500	  0.000000	  0.062500	  0.625000	
  0.187500	  0.375000	  0.000000	  0.437500	
  0.750000	  0.000000	  0.250000	  0.000000	
  0.000000	  0.000000	  0.000000	  1.000000	
  1.000000	  0.000000	  0.000000	  0.000000	
  1.000000	  0.000000	  0.000000	  0.000000	
  0.000000	  1.000000	  0.000000	  0.000000	
  1.000000	  0.000000	  0.000000	  0.000000	
  0.125000	  0.312500	  0.312500	  0.250000	
  0.062500	  0.187500	  0.250000	  0.500000	
  0.125000	  0.500000	  0.125000	  0.250000	
  0.187500	  0.437500	  0.125000	  0.250000	

URL http://regprecise.lbl.gov/RegPrecise/regulog.jsp?regulog_id=1738

MOTIF Irr_Rhizobiales FUR-family

letter-probability matrix: alength= 4 w= 21 nsites= 122 E= 0
  0.524590	  0.081967	  0.098361	  0.295082	
  0.221311	  0.081967	  0.442623	  0.254098	
  0.131148	  0.081967	  0.032787	  0.754098	
  0.016393	  0.114754	  0.008197	  0.860656	
  0.016393	  0.008197	  0.008197	  0.967213	
  0.590164	  0.024590	  0.270492	  0.114754	
  0.073770	  0.016393	  0.885246	  0.024590	
  0.991803	  0.000000	  0.008197	  0.000000	
  0.868852	  0.024590	  0.073770	  0.032787	
  0.057377	  0.295082	  0.139344	  0.508197	
  0.270492	  0.245902	  0.180328	  0.303279	
  0.500000	  0.040984	  0.442623	  0.016393	
  0.040984	  0.106557	  0.008197	  0.844262	
  0.008197	  0.000000	  0.008197	  0.983607	
  0.024590	  0.860656	  0.008197	  0.106557	
  0.172131	  0.180328	  0.081967	  0.565574	
  0.959016	  0.008197	  0.032787	  0.000000	
  0.926230	  0.008197	  0.057377	  0.008197	
  0.754098	  0.000000	  0.081967	  0.163934	
  0.213115	  0.467213	  0.122951	  0.196721	
  0.262295	  0.098361	  0.057377	  0.581967	

URL http://regprecise.lbl.gov/RegPrecise/regulog.jsp?regulog_id=1981

MOTIF Irr_Rhodobacterales FUR-family

letter-probability matrix: alength= 4 w= 21 nsites= 37 E= 0
  0.729730	  0.054054	  0.081081	  0.135135	
  0.216216	  0.216216	  0.324324	  0.243243	
  0.108108	  0.351351	  0.081081	  0.459459	
  0.000000	  0.027027	  0.000000	  0.972973	
  0.000000	  0.000000	  0.000000	  1.000000	
  0.864865	  0.000000	  0.135135	  0.000000	
  0.000000	  0.000000	  1.000000	  0.000000	
  1.000000	  0.000000	  0.000000	  0.000000	
  1.000000	  0.000000	  0.000000	  0.000000	
  0.027027	  0.378378	  0.081081	  0.513514	
  0.162162	  0.270270	  0.378378	  0.189189	
  0.594595	  0.000000	  0.405405	  0.000000	
  0.027027	  0.027027	  0.000000	  0.945946	
  0.000000	  0.000000	  0.000000	  1.000000	
  0.000000	  1.000000	  0.000000	  0.000000	
  0.000000	  0.378378	  0.000000	  0.621622	
  0.972973	  0.000000	  0.027027	  0.000000	
  0.918919	  0.000000	  0.081081	  0.000000	
  0.729730	  0.027027	  0.135135	  0.108108	
  0.135135	  0.351351	  0.108108	  0.405405	
  0.216216	  0.324324	  0.162162	  0.297297	

URL http://regprecise.lbl.gov/RegPrecise/regulog.jsp?regulog_id=1982

MOTIF Irr_Rhodospirillales FUR-family

letter-probability matrix: alength= 4 w= 21 nsites= 13 E= 0
  0.307692	  0.153846	  0.307692	  0.230769	
  0.230769	  0.076923	  0.384615	  0.307692	
  0.153846	  0.307692	  0.076923	  0.461538	
  0.000000	  0.153846	  0.000000	  0.846154	
  0.076923	  0.000000	  0.000000	  0.923077	
  0.615385	  0.076923	  0.153846	  0.153846	
  0.076923	  0.000000	  0.923077	  0.000000	
  0.923077	  0.000000	  0.076923	  0.000000	
  0.692308	  0.076923	  0.153846	  0.076923	
  0.000000	  0.230769	  0.153846	  0.615385	
  0.461538	  0.153846	  0.153846	  0.230769	
  0.769231	  0.000000	  0.230769	  0.000000	
  0.000000	  0.076923	  0.000000	  0.923077	
  0.000000	  0.000000	  0.000000	  1.000000	
  0.000000	  0.923077	  0.000000	  0.076923	
  0.076923	  0.461538	  0.000000	  0.461538	
  1.000000	  0.000000	  0.000000	  0.000000	
  0.538462	  0.000000	  0.307692	  0.153846	
  0.769231	  0.000000	  0.076923	  0.153846	
  0.076923	  0.538462	  0.000000	  0.384615	
  0.230769	  0.076923	  0.076923	  0.615385	

URL http://regprecise.lbl.gov/RegPrecise/regulog.jsp?regulog_id=1983

MOTIF Fur_Vibrionales FUR-family

letter-probability matrix: alength= 4 w= 21 nsites= 447 E= 0
  0.568233	  0.038031	  0.051454	  0.342282	
  0.870246	  0.022371	  0.067114	  0.040268	
  0.700224	  0.038031	  0.031320	  0.230425	
  0.017897	  0.038031	  0.000000	  0.944072	
  0.286353	  0.004474	  0.684564	  0.024609	
  0.832215	  0.082774	  0.060403	  0.024609	
  0.105145	  0.015660	  0.277405	  0.601790	
  0.926174	  0.000000	  0.006711	  0.067114	
  0.798658	  0.017897	  0.049217	  0.134228	
  0.035794	  0.147651	  0.013423	  0.803132	
  0.328859	  0.217002	  0.190157	  0.263982	
  0.776286	  0.022371	  0.172260	  0.029083	
  0.129754	  0.026846	  0.029083	  0.814318	
  0.064877	  0.006711	  0.002237	  0.926174	
  0.559284	  0.286353	  0.033557	  0.120805	
  0.033557	  0.053691	  0.109620	  0.803132	
  0.022371	  0.762864	  0.008949	  0.205817	
  0.928412	  0.002237	  0.046980	  0.022371	
  0.221477	  0.064877	  0.015660	  0.697987	
  0.038031	  0.053691	  0.011186	  0.897092	
  0.364653	  0.055928	  0.033557	  0.545861	

URL http://regprecise.lbl.gov/RegPrecise/regulog.jsp?regulog_id=2097

MOTIF Fur_Pasteurellales FUR-family

letter-probability matrix: alength= 4 w= 19 nsites= 151 E= 0
  0.403974	  0.026490	  0.423841	  0.145695	
  0.682119	  0.066225	  0.052980	  0.198675	
  0.344371	  0.019868	  0.185430	  0.450331	
  0.860927	  0.019868	  0.013245	  0.105960	
  0.768212	  0.000000	  0.006623	  0.225166	
  0.019868	  0.059603	  0.006623	  0.913907	
  0.324503	  0.139073	  0.337748	  0.198675	
  0.933775	  0.013245	  0.039735	  0.013245	
  0.105960	  0.026490	  0.119205	  0.748344	
  0.450331	  0.000000	  0.000000	  0.549669	
  0.662252	  0.152318	  0.019868	  0.165563	
  0.019868	  0.066225	  0.006623	  0.907285	
  0.152318	  0.503311	  0.052980	  0.291391	
  0.933775	  0.000000	  0.046358	  0.019868	
  0.165563	  0.019868	  0.006623	  0.807947	
  0.026490	  0.013245	  0.006623	  0.953642	
  0.463576	  0.125828	  0.046358	  0.364238	
  0.291391	  0.059603	  0.079470	  0.569536	
  0.092715	  0.503311	  0.059603	  0.344371	

URL http://regprecise.lbl.gov/RegPrecise/regulog.jsp?regulog_id=2098

MOTIF Fur_Alteromonadales FUR-family

letter-probability matrix: alength= 4 w= 21 nsites= 142 E= 0
  0.690141	  0.000000	  0.035211	  0.274648	
  0.915493	  0.007042	  0.021127	  0.056338	
  0.781690	  0.007042	  0.007042	  0.204225	
  0.014085	  0.070423	  0.000000	  0.915493	
  0.246479	  0.014085	  0.718310	  0.021127	
  0.802817	  0.133803	  0.035211	  0.028169	
  0.204225	  0.070423	  0.204225	  0.521127	
  0.978873	  0.000000	  0.000000	  0.021127	
  0.859155	  0.014085	  0.021127	  0.105634	
  0.028169	  0.176056	  0.021127	  0.774648	
  0.274648	  0.176056	  0.239437	  0.309859	
  0.690141	  0.042254	  0.239437	  0.028169	
  0.042254	  0.063380	  0.007042	  0.887324	
  0.042254	  0.000000	  0.000000	  0.957746	
  0.556338	  0.295775	  0.035211	  0.112676	
  0.021127	  0.098592	  0.154930	  0.725352	
  0.007042	  0.739437	  0.014085	  0.239437	
  0.964789	  0.000000	  0.014085	  0.021127	
  0.105634	  0.014085	  0.007042	  0.873239	
  0.070423	  0.035211	  0.042254	  0.852113	
  0.309859	  0.091549	  0.014085	  0.584507	

URL http://regprecise.lbl.gov/RegPrecise/regulog.jsp?regulog_id=2099

MOTIF Fur_Psychromonadaceae/Aeromonadales FUR-family

letter-probability matrix: alength= 4 w= 21 nsites= 111 E= 0
  0.477477	  0.036036	  0.090090	  0.396396	
  0.864865	  0.009009	  0.063063	  0.063063	
  0.702703	  0.009009	  0.036036	  0.252252	
  0.054054	  0.027027	  0.000000	  0.918919	
  0.126126	  0.009009	  0.855856	  0.009009	
  0.801802	  0.117117	  0.072072	  0.009009	
  0.180180	  0.045045	  0.261261	  0.513514	
  0.927928	  0.018018	  0.000000	  0.054054	
  0.873874	  0.009009	  0.054054	  0.063063	
  0.009009	  0.180180	  0.018018	  0.792793	
  0.270270	  0.216216	  0.297297	  0.216216	
  0.684685	  0.027027	  0.270270	  0.018018	
  0.045045	  0.036036	  0.009009	  0.909910	
  0.036036	  0.000000	  0.000000	  0.963964	
  0.522523	  0.243243	  0.036036	  0.198198	
  0.009009	  0.081081	  0.045045	  0.864865	
  0.000000	  0.819820	  0.027027	  0.153153	
  0.909910	  0.000000	  0.072072	  0.018018	
  0.189189	  0.018018	  0.036036	  0.756757	
  0.045045	  0.054054	  0.000000	  0.900901	
  0.333333	  0.090090	  0.036036	  0.540541	

URL http://regprecise.lbl.gov/RegPrecise/regulog.jsp?regulog_id=2100

MOTIF Fur_Xanthomonadales FUR-family

letter-probability matrix: alength= 4 w= 21 nsites= 49 E= 0
  0.714286	  0.061224	  0.081633	  0.142857	
  0.795918	  0.000000	  0.081633	  0.122449	
  0.551020	  0.081633	  0.000000	  0.367347	
  0.000000	  0.122449	  0.061224	  0.816327	
  0.142857	  0.000000	  0.857143	  0.000000	
  0.653061	  0.204082	  0.081633	  0.061224	
  0.040816	  0.122449	  0.653061	  0.183673	
  0.918367	  0.081633	  0.000000	  0.000000	
  0.836735	  0.061224	  0.061224	  0.040816	
  0.000000	  0.387755	  0.000000	  0.612245	
  0.061224	  0.408163	  0.387755	  0.142857	
  0.693878	  0.081633	  0.204082	  0.020408	
  0.081633	  0.122449	  0.000000	  0.795918	
  0.000000	  0.000000	  0.000000	  1.000000	
  0.122449	  0.714286	  0.020408	  0.142857	
  0.081633	  0.142857	  0.224490	  0.551020	
  0.000000	  0.816327	  0.000000	  0.183673	
  0.693878	  0.020408	  0.265306	  0.020408	
  0.122449	  0.020408	  0.020408	  0.836735	
  0.000000	  0.142857	  0.000000	  0.857143	
  0.265306	  0.142857	  0.061224	  0.530612	

URL http://regprecise.lbl.gov/RegPrecise/regulog.jsp?regulog_id=2104

MOTIF Mur_Rhizobiales FUR-family

letter-probability matrix: alength= 4 w= 19 nsites= 28 E= 0
  0.321429	  0.107143	  0.392857	  0.178571	
  0.178571	  0.000000	  0.000000	  0.821429	
  0.000000	  0.000000	  0.000000	  1.000000	
  0.000000	  0.000000	  1.000000	  0.000000	
  0.071429	  0.928571	  0.000000	  0.000000	
  0.571429	  0.000000	  0.428571	  0.000000	
  1.000000	  0.000000	  0.000000	  0.000000	
  0.821429	  0.000000	  0.107143	  0.071429	
  0.107143	  0.035714	  0.071429	  0.785714	
  0.250000	  0.250000	  0.392857	  0.107143	
  0.714286	  0.035714	  0.250000	  0.000000	
  0.142857	  0.250000	  0.178571	  0.428571	
  0.000000	  0.000000	  0.000000	  1.000000	
  0.000000	  0.392857	  0.035714	  0.571429	
  0.000000	  0.000000	  0.857143	  0.142857	
  0.000000	  0.928571	  0.035714	  0.035714	
  1.000000	  0.000000	  0.000000	  0.000000	
  0.642857	  0.035714	  0.000000	  0.321429	
  0.035714	  0.285714	  0.071429	  0.607143	

URL http://regprecise.lbl.gov/RegPrecise/regulog.jsp?regulog_id=2109

MOTIF Mur_Rhodobacterales FUR-family

letter-probability matrix: alength= 4 w= 19 nsites= 28 E= 0
  0.178571	  0.071429	  0.535714	  0.214286	
  0.178571	  0.035714	  0.071429	  0.714286	
  0.000000	  0.000000	  0.000000	  1.000000	
  0.000000	  0.000000	  1.000000	  0.000000	
  0.214286	  0.785714	  0.000000	  0.000000	
  0.250000	  0.000000	  0.750000	  0.000000	
  1.000000	  0.000000	  0.000000	  0.000000	
  0.821429	  0.071429	  0.000000	  0.107143	
  0.000000	  0.071429	  0.071429	  0.857143	
  0.285714	  0.285714	  0.321429	  0.107143	
  0.642857	  0.142857	  0.214286	  0.000000	
  0.107143	  0.071429	  0.107143	  0.714286	
  0.035714	  0.000000	  0.000000	  0.964286	
  0.000000	  0.785714	  0.000000	  0.214286	
  0.000000	  0.000000	  0.607143	  0.392857	
  0.000000	  0.964286	  0.035714	  0.000000	
  1.000000	  0.000000	  0.000000	  0.000000	
  0.357143	  0.035714	  0.071429	  0.535714	
  0.285714	  0.250000	  0.035714	  0.428571	

URL http://regprecise.lbl.gov/RegPrecise/regulog.jsp?regulog_id=2110

MOTIF Fur_Caulobacterales FUR-family

letter-probability matrix: alength= 4 w= 19 nsites= 38 E= 0
  0.473684	  0.078947	  0.315789	  0.131579	
  0.236842	  0.157895	  0.026316	  0.578947	
  0.000000	  0.000000	  0.000000	  1.000000	
  0.026316	  0.000000	  0.973684	  0.000000	
  0.263158	  0.736842	  0.000000	  0.000000	
  0.157895	  0.000000	  0.736842	  0.105263	
  1.000000	  0.000000	  0.000000	  0.000000	
  0.368421	  0.131579	  0.315789	  0.184211	
  0.000000	  0.210526	  0.105263	  0.684211	
  0.000000	  0.473684	  0.500000	  0.026316	
  0.578947	  0.078947	  0.289474	  0.052632	
  0.000000	  0.315789	  0.157895	  0.526316	
  0.052632	  0.026316	  0.000000	  0.921053	
  0.026316	  0.842105	  0.000000	  0.131579	
  0.000000	  0.000000	  0.631579	  0.368421	
  0.000000	  1.000000	  0.000000	  0.000000	
  1.000000	  0.000000	  0.000000	  0.000000	
  0.763158	  0.000000	  0.026316	  0.210526	
  0.131579	  0.263158	  0.210526	  0.394737	

URL http://regprecise.lbl.gov/RegPrecise/regulog.jsp?regulog_id=2113

MOTIF Fur_Desulfuromonadales FUR-family

letter-probability matrix: alength= 4 w= 17 nsites= 41 E= 0
  0.341463	  0.048780	  0.170732	  0.439024	
  0.000000	  0.000000	  0.000000	  1.000000	
  0.000000	  0.000000	  1.000000	  0.000000	
  1.000000	  0.000000	  0.000000	  0.000000	
  0.829268	  0.048780	  0.000000	  0.121951	
  0.951220	  0.024390	  0.000000	  0.024390	
  0.585366	  0.024390	  0.121951	  0.268293	
  0.097561	  0.195122	  0.024390	  0.682927	
  0.097561	  0.317073	  0.560976	  0.024390	
  0.804878	  0.000000	  0.195122	  0.000000	
  0.317073	  0.292683	  0.000000	  0.390244	
  0.195122	  0.024390	  0.048780	  0.731707	
  0.195122	  0.000000	  0.097561	  0.707317	
  0.024390	  0.000000	  0.000000	  0.975610	
  0.000000	  0.975610	  0.000000	  0.024390	
  1.000000	  0.000000	  0.000000	  0.000000	
  0.609756	  0.048780	  0.170732	  0.170732	

URL http://regprecise.lbl.gov/RegPrecise/regulog.jsp?regulog_id=2114

MOTIF Zur_Chloroflexia FUR-family

letter-probability matrix: alength= 4 w= 21 nsites= 19 E= 0
  0.157895	  0.052632	  0.000000	  0.789474	
  0.947368	  0.000000	  0.000000	  0.052632	
  0.473684	  0.000000	  0.000000	  0.526316	
  0.052632	  0.105263	  0.000000	  0.842105	
  0.052632	  0.052632	  0.894737	  0.000000	
  1.000000	  0.000000	  0.000000	  0.000000	
  0.157895	  0.052632	  0.052632	  0.736842	
  0.947368	  0.052632	  0.000000	  0.000000	
  0.000000	  0.473684	  0.000000	  0.526316	
  0.789474	  0.105263	  0.052632	  0.052632	
  0.421053	  0.105263	  0.000000	  0.473684	
  0.421053	  0.105263	  0.052632	  0.421053	
  0.263158	  0.052632	  0.684211	  0.000000	
  0.000000	  0.000000	  0.000000	  1.000000	
  0.842105	  0.052632	  0.000000	  0.105263	
  0.000000	  0.000000	  0.000000	  1.000000	
  0.000000	  1.000000	  0.000000	  0.000000	
  1.000000	  0.000000	  0.000000	  0.000000	
  0.631579	  0.000000	  0.052632	  0.315789	
  0.000000	  0.052632	  0.000000	  0.947368	
  0.894737	  0.000000	  0.052632	  0.052632	

URL http://regprecise.lbl.gov/RegPrecise/regulog.jsp?regulog_id=3479

MOTIF PerR_Streptococcaceae FUR-family

letter-probability matrix: alength= 4 w= 15 nsites= 75 E= 0
  0.013333	  0.053333	  0.000000	  0.933333	
  0.066667	  0.000000	  0.066667	  0.866667	
  0.866667	  0.000000	  0.040000	  0.093333	
  0.013333	  0.040000	  0.506667	  0.440000	
  1.000000	  0.000000	  0.000000	  0.000000	
  0.920000	  0.013333	  0.000000	  0.066667	
  0.026667	  0.053333	  0.026667	  0.893333	
  0.146667	  0.333333	  0.373333	  0.146667	
  0.880000	  0.013333	  0.066667	  0.040000	
  0.040000	  0.000000	  0.000000	  0.960000	
  0.013333	  0.013333	  0.000000	  0.973333	
  0.413333	  0.426667	  0.013333	  0.146667	
  0.000000	  0.013333	  0.000000	  0.986667	
  0.800000	  0.026667	  0.000000	  0.173333	
  0.960000	  0.000000	  0.040000	  0.000000	

URL http://regprecise.lbl.gov/RegPrecise/regulog.jsp?regulog_id=3630

MOTIF PerR_Lactobacillaceae FUR-family

letter-probability matrix: alength= 4 w= 15 nsites= 49 E= 0
  0.000000	  0.020408	  0.000000	  0.979592	
  0.163265	  0.000000	  0.061224	  0.775510	
  0.836735	  0.000000	  0.142857	  0.020408	
  0.081633	  0.020408	  0.367347	  0.530612	
  1.000000	  0.000000	  0.000000	  0.000000	
  0.897959	  0.000000	  0.000000	  0.102041	
  0.040816	  0.020408	  0.020408	  0.918367	
  0.265306	  0.163265	  0.326531	  0.244898	
  0.612245	  0.040816	  0.224490	  0.122449	
  0.000000	  0.000000	  0.000000	  1.000000	
  0.000000	  0.000000	  0.000000	  1.000000	
  0.285714	  0.673469	  0.000000	  0.040816	
  0.000000	  0.061224	  0.000000	  0.938776	
  0.877551	  0.020408	  0.000000	  0.102041	
  0.979592	  0.000000	  0.020408	  0.000000	

URL http://regprecise.lbl.gov/RegPrecise/regulog.jsp?regulog_id=3632

MOTIF Fur_Shewanellaceae FUR-family

letter-probability matrix: alength= 4 w= 21 nsites= 505 E= 0
  0.576238	  0.043564	  0.087129	  0.293069	
  0.863366	  0.000000	  0.077228	  0.059406	
  0.671287	  0.031683	  0.035644	  0.261386	
  0.001980	  0.053465	  0.003960	  0.940594	
  0.142574	  0.015842	  0.837624	  0.003960	
  0.833663	  0.112871	  0.037624	  0.015842	
  0.247525	  0.013861	  0.275248	  0.463366	
  0.998020	  0.000000	  0.000000	  0.001980	
  0.893069	  0.011881	  0.013861	  0.081188	
  0.001980	  0.261386	  0.025743	  0.710891	
  0.257426	  0.255446	  0.259406	  0.227723	
  0.710891	  0.021782	  0.245545	  0.021782	
  0.047525	  0.021782	  0.000000	  0.930693	
  0.011881	  0.007921	  0.003960	  0.976238	
  0.471287	  0.283168	  0.023762	  0.221782	
  0.007921	  0.043564	  0.126733	  0.821782	
  0.007921	  0.817822	  0.005941	  0.168317	
  0.902970	  0.001980	  0.087129	  0.007921	
  0.160396	  0.039604	  0.019802	  0.780198	
  0.023762	  0.110891	  0.000000	  0.865347	
  0.253465	  0.069307	  0.039604	  0.637624	

URL http://regprecise.lbl.gov/RegPrecise/regulog.jsp?regulog_id=4331

MOTIF Zur_Mycobacteriaceae FUR-family

letter-probability matrix: alength= 4 w= 21 nsites= 70 E= 0
  0.057143	  0.014286	  0.014286	  0.914286	
  0.771429	  0.000000	  0.200000	  0.028571	
  0.542857	  0.014286	  0.000000	  0.442857	
  0.000000	  0.200000	  0.000000	  0.800000	
  0.000000	  0.000000	  1.000000	  0.000000	
  0.785714	  0.042857	  0.171429	  0.000000	
  0.671429	  0.085714	  0.057143	  0.185714	
  0.971429	  0.000000	  0.014286	  0.014286	
  1.000000	  0.000000	  0.000000	  0.000000	
  0.000000	  0.314286	  0.000000	  0.685714	
  0.028571	  0.471429	  0.471429	  0.028571	
  0.657143	  0.000000	  0.342857	  0.000000	
  0.000000	  0.000000	  0.000000	  1.000000	
  0.057143	  0.014286	  0.042857	  0.885714	
  0.157143	  0.057143	  0.071429	  0.714286	
  0.000000	  0.142857	  0.028571	  0.828571	
  0.000000	  1.000000	  0.000000	  0.000000	
  0.800000	  0.000000	  0.200000	  0.000000	
  0.457143	  0.028571	  0.071429	  0.442857	
  0.028571	  0.214286	  0.014286	  0.742857	
  0.857143	  0.000000	  0.014286	  0.128571	

URL http://regprecise.lbl.gov/RegPrecise/regulog.jsp?regulog_id=4338

MOTIF Zur_Actinobacteria FUR-family

letter-probability matrix: alength= 4 w= 21 nsites= 69 E= 0
  0.347826	  0.057971	  0.057971	  0.536232	
  0.536232	  0.072464	  0.260870	  0.130435	
  0.536232	  0.072464	  0.043478	  0.347826	
  0.000000	  0.260870	  0.000000	  0.739130	
  0.028986	  0.000000	  0.956522	  0.014493	
  0.913043	  0.014493	  0.072464	  0.000000	
  0.260870	  0.231884	  0.304348	  0.202899	
  0.971014	  0.028986	  0.000000	  0.000000	
  0.927536	  0.043478	  0.000000	  0.028986	
  0.014493	  0.434783	  0.014493	  0.536232	
  0.028986	  0.405797	  0.565217	  0.000000	
  0.536232	  0.014493	  0.420290	  0.028986	
  0.057971	  0.014493	  0.043478	  0.884058	
  0.014493	  0.000000	  0.000000	  0.985507	
  0.289855	  0.246377	  0.231884	  0.231884	
  0.000000	  0.144928	  0.014493	  0.840580	
  0.000000	  0.985507	  0.000000	  0.014493	
  0.782609	  0.014493	  0.173913	  0.028986	
  0.231884	  0.014493	  0.086957	  0.666667	
  0.086957	  0.202899	  0.115942	  0.594203	
  0.579710	  0.072464	  0.028986	  0.318841	

URL http://regprecise.lbl.gov/RegPrecise/regulog.jsp?regulog_id=4339

