MEME version 4

ALPHABET= ACGT

strands: + -

Background letter frequencies (from uniform background):
A 0.25000 C 0.25000 G 0.25000 T 0.25000 

MOTIF LexA_Ralstonia LexA-family

letter-probability matrix: alength= 4 w= 20 nsites= 62 E= 0
  0.145161	  0.177419	  0.161290	  0.516129	
  0.806452	  0.129032	  0.064516	  0.000000	
  0.000000	  0.983871	  0.016129	  0.000000	
  0.000000	  0.000000	  0.000000	  1.000000	
  0.000000	  0.000000	  1.000000	  0.000000	
  0.000000	  0.000000	  0.032258	  0.967742	
  0.790323	  0.000000	  0.016129	  0.193548	
  0.016129	  0.145161	  0.000000	  0.838710	
  0.677419	  0.000000	  0.225806	  0.096774	
  0.274194	  0.000000	  0.177419	  0.548387	
  0.580645	  0.064516	  0.000000	  0.354839	
  0.096774	  0.306452	  0.000000	  0.596774	
  0.661290	  0.000000	  0.145161	  0.193548	
  0.064516	  0.112903	  0.000000	  0.822581	
  1.000000	  0.000000	  0.000000	  0.000000	
  0.000000	  1.000000	  0.000000	  0.000000	
  1.000000	  0.000000	  0.000000	  0.000000	
  0.000000	  0.000000	  1.000000	  0.000000	
  0.000000	  0.080645	  0.016129	  0.903226	
  0.516129	  0.064516	  0.241935	  0.177419	

URL http://regprecise.lbl.gov/RegPrecise/regulog.jsp?regulog_id=1099

MOTIF LexA_Enterobacteriales LexA-family

letter-probability matrix: alength= 4 w= 20 nsites= 265 E= 0
  0.230189	  0.075472	  0.098113	  0.596226	
  0.633962	  0.139623	  0.154717	  0.071698	
  0.026415	  0.928302	  0.022642	  0.022642	
  0.000000	  0.003774	  0.000000	  0.996226	
  0.000000	  0.000000	  1.000000	  0.000000	
  0.049057	  0.000000	  0.203774	  0.747170	
  0.762264	  0.022642	  0.052830	  0.162264	
  0.041509	  0.075472	  0.007547	  0.875472	
  0.652830	  0.000000	  0.215094	  0.132075	
  0.320755	  0.045283	  0.052830	  0.581132	
  0.622642	  0.116981	  0.045283	  0.215094	
  0.207547	  0.320755	  0.003774	  0.467925	
  0.788679	  0.045283	  0.041509	  0.124528	
  0.252830	  0.162264	  0.030189	  0.554717	
  0.671698	  0.286792	  0.000000	  0.041509	
  0.000000	  1.000000	  0.000000	  0.000000	
  0.981132	  0.000000	  0.000000	  0.018868	
  0.033962	  0.003774	  0.954717	  0.007547	
  0.015094	  0.192453	  0.139623	  0.652830	
  0.509434	  0.098113	  0.143396	  0.249057	

URL http://regprecise.lbl.gov/RegPrecise/regulog.jsp?regulog_id=1197

MOTIF LexA_Vibrionales LexA-family

letter-probability matrix: alength= 4 w= 20 nsites= 186 E= 0
  0.333333	  0.129032	  0.059140	  0.478495	
  0.784946	  0.086022	  0.086022	  0.043011	
  0.048387	  0.919355	  0.016129	  0.016129	
  0.005376	  0.000000	  0.000000	  0.994624	
  0.000000	  0.000000	  1.000000	  0.000000	
  0.026882	  0.000000	  0.193548	  0.779570	
  0.715054	  0.037634	  0.069892	  0.177419	
  0.032258	  0.161290	  0.005376	  0.801075	
  0.709677	  0.016129	  0.096774	  0.177419	
  0.397849	  0.059140	  0.000000	  0.543011	
  0.650538	  0.064516	  0.032258	  0.252688	
  0.129032	  0.231183	  0.075269	  0.564516	
  0.838710	  0.043011	  0.059140	  0.059140	
  0.258065	  0.118280	  0.112903	  0.510753	
  0.618280	  0.365591	  0.000000	  0.016129	
  0.000000	  1.000000	  0.000000	  0.000000	
  1.000000	  0.000000	  0.000000	  0.000000	
  0.005376	  0.016129	  0.940860	  0.037634	
  0.032258	  0.102151	  0.134409	  0.731183	
  0.494624	  0.053763	  0.107527	  0.344086	

URL http://regprecise.lbl.gov/RegPrecise/regulog.jsp?regulog_id=2974

MOTIF LexA_Pasteurellales LexA-family

letter-probability matrix: alength= 4 w= 20 nsites= 96 E= 0
  0.468750	  0.125000	  0.041667	  0.364583	
  0.635417	  0.177083	  0.031250	  0.156250	
  0.020833	  0.947917	  0.010417	  0.020833	
  0.010417	  0.000000	  0.000000	  0.989583	
  0.031250	  0.000000	  0.968750	  0.000000	
  0.010417	  0.000000	  0.125000	  0.864583	
  0.729167	  0.010417	  0.114583	  0.145833	
  0.083333	  0.145833	  0.010417	  0.760417	
  0.822917	  0.000000	  0.072917	  0.104167	
  0.354167	  0.020833	  0.020833	  0.604167	
  0.552083	  0.031250	  0.041667	  0.375000	
  0.458333	  0.083333	  0.000000	  0.458333	
  0.677083	  0.020833	  0.072917	  0.229167	
  0.510417	  0.135417	  0.072917	  0.281250	
  0.656250	  0.166667	  0.000000	  0.177083	
  0.000000	  1.000000	  0.000000	  0.000000	
  1.000000	  0.000000	  0.000000	  0.000000	
  0.052083	  0.052083	  0.812500	  0.083333	
  0.218750	  0.020833	  0.062500	  0.697917	
  0.354167	  0.052083	  0.125000	  0.468750	

URL http://regprecise.lbl.gov/RegPrecise/regulog.jsp?regulog_id=2975

MOTIF LexA_Alteromonadales LexA-family

letter-probability matrix: alength= 4 w= 20 nsites= 111 E= 0
  0.252252	  0.135135	  0.063063	  0.549550	
  0.864865	  0.063063	  0.063063	  0.009009	
  0.018018	  0.945946	  0.009009	  0.027027	
  0.018018	  0.000000	  0.000000	  0.981982	
  0.009009	  0.000000	  0.990991	  0.000000	
  0.000000	  0.000000	  0.099099	  0.900901	
  0.765766	  0.018018	  0.054054	  0.162162	
  0.090090	  0.117117	  0.018018	  0.774775	
  0.720721	  0.000000	  0.126126	  0.153153	
  0.261261	  0.063063	  0.072072	  0.603604	
  0.729730	  0.027027	  0.036036	  0.207207	
  0.252252	  0.144144	  0.018018	  0.585586	
  0.630631	  0.045045	  0.117117	  0.207207	
  0.414414	  0.090090	  0.018018	  0.477477	
  0.864865	  0.117117	  0.000000	  0.018018	
  0.018018	  0.972973	  0.000000	  0.009009	
  0.972973	  0.000000	  0.000000	  0.027027	
  0.018018	  0.045045	  0.927928	  0.009009	
  0.018018	  0.036036	  0.126126	  0.819820	
  0.459459	  0.090090	  0.144144	  0.306306	

URL http://regprecise.lbl.gov/RegPrecise/regulog.jsp?regulog_id=2976

MOTIF LexA_Psychromonadaceae/Aeromonadales LexA-family

letter-probability matrix: alength= 4 w= 20 nsites= 77 E= 0
  0.233766	  0.181818	  0.051948	  0.532468	
  0.753247	  0.090909	  0.077922	  0.077922	
  0.038961	  0.922078	  0.025974	  0.012987	
  0.000000	  0.000000	  0.000000	  1.000000	
  0.000000	  0.000000	  1.000000	  0.000000	
  0.077922	  0.000000	  0.194805	  0.727273	
  0.571429	  0.077922	  0.064935	  0.285714	
  0.038961	  0.142857	  0.012987	  0.805195	
  0.701299	  0.012987	  0.194805	  0.090909	
  0.350649	  0.116883	  0.051948	  0.480519	
  0.753247	  0.012987	  0.025974	  0.207792	
  0.220779	  0.220779	  0.000000	  0.558442	
  0.753247	  0.012987	  0.077922	  0.155844	
  0.363636	  0.090909	  0.103896	  0.441558	
  0.714286	  0.233766	  0.000000	  0.051948	
  0.000000	  1.000000	  0.000000	  0.000000	
  1.000000	  0.000000	  0.000000	  0.000000	
  0.038961	  0.051948	  0.870130	  0.038961	
  0.025974	  0.012987	  0.194805	  0.766234	
  0.428571	  0.090909	  0.220779	  0.259740	

URL http://regprecise.lbl.gov/RegPrecise/regulog.jsp?regulog_id=2977

MOTIF LexA_Oceanospirillales/Alteromonadales LexA-family

letter-probability matrix: alength= 4 w= 20 nsites= 91 E= 0
  0.131868	  0.197802	  0.076923	  0.593407	
  0.835165	  0.043956	  0.109890	  0.010989	
  0.000000	  1.000000	  0.000000	  0.000000	
  0.000000	  0.000000	  0.000000	  1.000000	
  0.000000	  0.000000	  0.978022	  0.021978	
  0.043956	  0.000000	  0.054945	  0.901099	
  0.725275	  0.076923	  0.010989	  0.186813	
  0.043956	  0.153846	  0.010989	  0.791209	
  0.857143	  0.000000	  0.076923	  0.065934	
  0.395604	  0.065934	  0.021978	  0.516484	
  0.714286	  0.010989	  0.021978	  0.252747	
  0.197802	  0.219780	  0.000000	  0.582418	
  0.846154	  0.021978	  0.054945	  0.076923	
  0.362637	  0.032967	  0.098901	  0.505495	
  0.846154	  0.131868	  0.010989	  0.010989	
  0.000000	  0.978022	  0.000000	  0.021978	
  0.989011	  0.000000	  0.000000	  0.010989	
  0.021978	  0.021978	  0.835165	  0.120879	
  0.186813	  0.087912	  0.098901	  0.626374	
  0.582418	  0.087912	  0.109890	  0.219780	

URL http://regprecise.lbl.gov/RegPrecise/regulog.jsp?regulog_id=2978

MOTIF LexA_Pseudomonadaceae LexA-family

letter-probability matrix: alength= 4 w= 18 nsites= 101 E= 0
  0.831683	  0.029703	  0.039604	  0.099010	
  0.000000	  1.000000	  0.000000	  0.000000	
  0.000000	  0.000000	  0.000000	  1.000000	
  0.000000	  0.000000	  1.000000	  0.000000	
  0.079208	  0.000000	  0.099010	  0.821782	
  0.871287	  0.099010	  0.000000	  0.029703	
  0.079208	  0.118812	  0.000000	  0.801980	
  0.712871	  0.019802	  0.237624	  0.029703	
  0.356436	  0.168317	  0.049505	  0.425743	
  0.742574	  0.049505	  0.039604	  0.168317	
  0.237624	  0.158416	  0.059406	  0.544554	
  0.792079	  0.000000	  0.089109	  0.118812	
  0.227723	  0.118812	  0.108911	  0.544554	
  0.663366	  0.316832	  0.000000	  0.019802	
  0.000000	  1.000000	  0.000000	  0.000000	
  1.000000	  0.000000	  0.000000	  0.000000	
  0.000000	  0.000000	  1.000000	  0.000000	
  0.198020	  0.188119	  0.029703	  0.584158	

URL http://regprecise.lbl.gov/RegPrecise/regulog.jsp?regulog_id=2979

MOTIF LexA_Xanthomonadales LexA-family

letter-probability matrix: alength= 4 w= 19 nsites= 7 E= 0
  0.000000	  0.000000	  0.142857	  0.857143	
  0.142857	  0.142857	  0.000000	  0.714286	
  0.714286	  0.000000	  0.000000	  0.285714	
  0.000000	  0.000000	  0.428571	  0.571429	
  0.000000	  0.000000	  0.000000	  1.000000	
  1.000000	  0.000000	  0.000000	  0.000000	
  0.000000	  0.000000	  1.000000	  0.000000	
  0.000000	  0.000000	  0.000000	  1.000000	
  1.000000	  0.000000	  0.000000	  0.000000	
  1.000000	  0.000000	  0.000000	  0.000000	
  0.142857	  0.000000	  0.000000	  0.857143	
  0.714286	  0.000000	  0.000000	  0.285714	
  0.142857	  0.571429	  0.000000	  0.285714	
  0.000000	  0.000000	  0.000000	  1.000000	
  0.857143	  0.000000	  0.142857	  0.000000	
  0.000000	  1.000000	  0.000000	  0.000000	
  0.000000	  0.000000	  0.000000	  1.000000	
  0.857143	  0.142857	  0.000000	  0.000000	
  1.000000	  0.000000	  0.000000	  0.000000	

URL http://regprecise.lbl.gov/RegPrecise/regulog.jsp?regulog_id=2981

MOTIF LexA_Burkholderia LexA-family

letter-probability matrix: alength= 4 w= 20 nsites= 75 E= 0
  0.200000	  0.293333	  0.026667	  0.480000	
  0.840000	  0.093333	  0.066667	  0.000000	
  0.000000	  1.000000	  0.000000	  0.000000	
  0.000000	  0.000000	  0.000000	  1.000000	
  0.000000	  0.000000	  1.000000	  0.000000	
  0.000000	  0.000000	  0.026667	  0.973333	
  0.733333	  0.080000	  0.066667	  0.120000	
  0.000000	  0.053333	  0.000000	  0.946667	
  0.640000	  0.000000	  0.133333	  0.226667	
  0.400000	  0.013333	  0.000000	  0.586667	
  0.466667	  0.173333	  0.000000	  0.360000	
  0.106667	  0.293333	  0.000000	  0.600000	
  0.653333	  0.000000	  0.320000	  0.026667	
  0.093333	  0.000000	  0.000000	  0.906667	
  0.946667	  0.053333	  0.000000	  0.000000	
  0.000000	  1.000000	  0.000000	  0.000000	
  1.000000	  0.000000	  0.000000	  0.000000	
  0.000000	  0.000000	  1.000000	  0.000000	
  0.026667	  0.080000	  0.040000	  0.853333	
  0.480000	  0.053333	  0.226667	  0.240000	

URL http://regprecise.lbl.gov/RegPrecise/regulog.jsp?regulog_id=2982

MOTIF LexA_Comamonadaceae LexA-family

letter-probability matrix: alength= 4 w= 20 nsites= 71 E= 0
  0.295775	  0.042254	  0.084507	  0.577465	
  0.830986	  0.014085	  0.140845	  0.014085	
  0.000000	  1.000000	  0.000000	  0.000000	
  0.000000	  0.000000	  0.000000	  1.000000	
  0.000000	  0.000000	  1.000000	  0.000000	
  0.056338	  0.000000	  0.323944	  0.619718	
  0.563380	  0.028169	  0.070423	  0.338028	
  0.014085	  0.211268	  0.028169	  0.746479	
  0.605634	  0.000000	  0.211268	  0.183099	
  0.492958	  0.042254	  0.056338	  0.408451	
  0.535211	  0.070423	  0.126761	  0.267606	
  0.338028	  0.380282	  0.014085	  0.267606	
  0.788732	  0.028169	  0.126761	  0.056338	
  0.154930	  0.070423	  0.014085	  0.760563	
  0.676056	  0.239437	  0.014085	  0.070423	
  0.000000	  0.985915	  0.014085	  0.000000	
  0.985915	  0.000000	  0.014085	  0.000000	
  0.000000	  0.000000	  1.000000	  0.000000	
  0.042254	  0.211268	  0.070423	  0.676056	
  0.408451	  0.154930	  0.098592	  0.338028	

URL http://regprecise.lbl.gov/RegPrecise/regulog.jsp?regulog_id=2983

MOTIF  LexA-family

letter-probability matrix: alength= 4 w= 20 nsites= 12 E= 0
  0.250000	  0.000000	  0.250000	  0.500000	
  0.666667	  0.000000	  0.250000	  0.083333	
  0.000000	  0.916667	  0.083333	  0.000000	
  0.000000	  0.000000	  0.000000	  1.000000	
  0.000000	  0.000000	  1.000000	  0.000000	
  0.083333	  0.000000	  0.000000	  0.916667	
  0.833333	  0.000000	  0.083333	  0.083333	
  0.000000	  0.166667	  0.000000	  0.833333	
  0.666667	  0.000000	  0.166667	  0.166667	
  0.583333	  0.000000	  0.083333	  0.333333	
  0.833333	  0.000000	  0.000000	  0.166667	
  0.416667	  0.166667	  0.000000	  0.416667	
  0.750000	  0.083333	  0.000000	  0.166667	
  0.166667	  0.083333	  0.000000	  0.750000	
  1.000000	  0.000000	  0.000000	  0.000000	
  0.000000	  1.000000	  0.000000	  0.000000	
  1.000000	  0.000000	  0.000000	  0.000000	
  0.000000	  0.000000	  1.000000	  0.000000	
  0.000000	  0.500000	  0.000000	  0.500000	
  0.500000	  0.500000	  0.000000	  0.000000	

URL http://regprecise.lbl.gov/RegPrecise/regulog.jsp?regulog_id=2984

MOTIF LexA_Desulfuromonadales LexA-family

letter-probability matrix: alength= 4 w= 18 nsites= 11 E= 0
  0.000000	  0.090909	  0.909091	  0.000000	
  0.000000	  0.000000	  1.000000	  0.000000	
  0.000000	  0.090909	  0.000000	  0.909091	
  0.272727	  0.000000	  0.000000	  0.727273	
  0.090909	  0.000000	  0.818182	  0.090909	
  0.090909	  0.000000	  0.181818	  0.727273	
  0.000000	  1.000000	  0.000000	  0.000000	
  0.909091	  0.000000	  0.000000	  0.090909	
  0.000000	  0.272727	  0.090909	  0.636364	
  0.727273	  0.000000	  0.000000	  0.272727	
  0.181818	  0.000000	  0.000000	  0.818182	
  0.090909	  0.000000	  0.909091	  0.000000	
  0.454545	  0.090909	  0.181818	  0.272727	
  0.363636	  0.181818	  0.090909	  0.363636	
  0.818182	  0.000000	  0.000000	  0.181818	
  0.909091	  0.000000	  0.000000	  0.090909	
  0.000000	  0.909091	  0.090909	  0.000000	
  0.000000	  0.818182	  0.090909	  0.090909	

URL http://regprecise.lbl.gov/RegPrecise/regulog.jsp?regulog_id=2990

MOTIF LexA_Chloroflexia LexA-family

letter-probability matrix: alength= 4 w= 16 nsites= 52 E= 0
  0.153846	  0.096154	  0.096154	  0.653846	
  0.403846	  0.500000	  0.076923	  0.019231	
  0.000000	  0.000000	  1.000000	  0.000000	
  0.480769	  0.442308	  0.000000	  0.076923	
  0.865385	  0.076923	  0.038462	  0.019231	
  0.057692	  0.865385	  0.000000	  0.076923	
  0.903846	  0.038462	  0.057692	  0.000000	
  0.192308	  0.326923	  0.038462	  0.442308	
  0.230769	  0.269231	  0.192308	  0.307692	
  0.038462	  0.134615	  0.038462	  0.788462	
  0.096154	  0.000000	  0.903846	  0.000000	
  0.019231	  0.000000	  0.000000	  0.980769	
  0.153846	  0.019231	  0.461538	  0.365385	
  0.000000	  1.000000	  0.000000	  0.000000	
  0.134615	  0.000000	  0.442308	  0.423077	
  0.653846	  0.096154	  0.173077	  0.076923	

URL http://regprecise.lbl.gov/RegPrecise/regulog.jsp?regulog_id=3035

MOTIF LexA_Lactobacillaceae LexA-family

letter-probability matrix: alength= 4 w= 16 nsites= 99 E= 0
  0.353535	  0.060606	  0.313131	  0.272727	
  0.242424	  0.636364	  0.010101	  0.111111	
  0.232323	  0.000000	  0.767677	  0.000000	
  1.000000	  0.000000	  0.000000	  0.000000	
  1.000000	  0.000000	  0.000000	  0.000000	
  0.111111	  0.797980	  0.000000	  0.090909	
  0.585859	  0.030303	  0.333333	  0.050505	
  0.181818	  0.222222	  0.030303	  0.565657	
  0.535354	  0.070707	  0.070707	  0.323232	
  0.060606	  0.303030	  0.010101	  0.626263	
  0.050505	  0.000000	  0.929293	  0.020202	
  0.020202	  0.000000	  0.000000	  0.979798	
  0.000000	  0.000000	  0.010101	  0.989899	
  0.000000	  0.707071	  0.010101	  0.282828	
  0.070707	  0.030303	  0.808081	  0.090909	
  0.313131	  0.151515	  0.222222	  0.313131	

URL http://regprecise.lbl.gov/RegPrecise/regulog.jsp?regulog_id=4690

MOTIF LexA_Clostridia-3 LexA-family

letter-probability matrix: alength= 4 w= 16 nsites= 102 E= 0
  0.450980	  0.176471	  0.147059	  0.225490	
  0.313725	  0.666667	  0.000000	  0.019608	
  0.264706	  0.000000	  0.735294	  0.000000	
  1.000000	  0.000000	  0.000000	  0.000000	
  1.000000	  0.000000	  0.000000	  0.000000	
  0.068627	  0.931373	  0.000000	  0.000000	
  0.833333	  0.000000	  0.127451	  0.039216	
  0.264706	  0.078431	  0.078431	  0.578431	
  0.637255	  0.078431	  0.049020	  0.235294	
  0.068627	  0.127451	  0.000000	  0.803922	
  0.009804	  0.000000	  0.882353	  0.107843	
  0.000000	  0.000000	  0.000000	  1.000000	
  0.000000	  0.000000	  0.000000	  1.000000	
  0.000000	  0.794118	  0.009804	  0.196078	
  0.019608	  0.019608	  0.588235	  0.372549	
  0.313725	  0.098039	  0.235294	  0.352941	

URL http://regprecise.lbl.gov/RegPrecise/regulog.jsp?regulog_id=4783

MOTIF LexA_Clostridia-1 LexA-family

letter-probability matrix: alength= 4 w= 16 nsites= 27 E= 0
  0.296296	  0.074074	  0.111111	  0.518519	
  0.592593	  0.185185	  0.000000	  0.222222	
  0.000000	  0.000000	  1.000000	  0.000000	
  1.000000	  0.000000	  0.000000	  0.000000	
  1.000000	  0.000000	  0.000000	  0.000000	
  0.037037	  0.888889	  0.000000	  0.074074	
  0.888889	  0.000000	  0.074074	  0.037037	
  0.148148	  0.037037	  0.037037	  0.777778	
  0.814815	  0.037037	  0.000000	  0.148148	
  0.370370	  0.074074	  0.037037	  0.518519	
  0.000000	  0.000000	  1.000000	  0.000000	
  0.000000	  0.000000	  0.000000	  1.000000	
  0.000000	  0.000000	  0.000000	  1.000000	
  0.000000	  0.555556	  0.000000	  0.444444	
  0.000000	  0.000000	  0.777778	  0.222222	
  0.407407	  0.296296	  0.185185	  0.111111	

URL http://regprecise.lbl.gov/RegPrecise/regulog.jsp?regulog_id=4797

MOTIF LexA_Clostridia-2 LexA-family

letter-probability matrix: alength= 4 w= 16 nsites= 11 E= 0
  0.454545	  0.000000	  0.181818	  0.363636	
  0.636364	  0.272727	  0.090909	  0.000000	
  0.090909	  0.000000	  0.909091	  0.000000	
  0.909091	  0.000000	  0.000000	  0.090909	
  1.000000	  0.000000	  0.000000	  0.000000	
  0.000000	  0.909091	  0.000000	  0.090909	
  0.818182	  0.000000	  0.000000	  0.181818	
  0.545455	  0.000000	  0.000000	  0.454545	
  1.000000	  0.000000	  0.000000	  0.000000	
  0.090909	  0.000000	  0.090909	  0.818182	
  0.000000	  0.000000	  1.000000	  0.000000	
  0.000000	  0.000000	  0.000000	  1.000000	
  0.000000	  0.000000	  0.000000	  1.000000	
  0.000000	  0.000000	  0.000000	  1.000000	
  0.000000	  0.000000	  0.909091	  0.090909	
  0.363636	  0.181818	  0.090909	  0.363636	

URL http://regprecise.lbl.gov/RegPrecise/regulog.jsp?regulog_id=4798

MOTIF LexA_Shewanellaceae LexA-family

letter-probability matrix: alength= 4 w= 20 nsites= 192 E= 0
  0.166667	  0.177083	  0.000000	  0.656250	
  0.906250	  0.000000	  0.010417	  0.083333	
  0.078125	  0.916667	  0.005208	  0.000000	
  0.000000	  0.000000	  0.000000	  1.000000	
  0.000000	  0.000000	  1.000000	  0.000000	
  0.000000	  0.000000	  0.020833	  0.979167	
  0.666667	  0.000000	  0.015625	  0.317708	
  0.166667	  0.041667	  0.000000	  0.791667	
  0.651042	  0.000000	  0.104167	  0.244792	
  0.276042	  0.000000	  0.088542	  0.635417	
  0.760417	  0.078125	  0.005208	  0.156250	
  0.385417	  0.114583	  0.000000	  0.500000	
  0.645833	  0.005208	  0.177083	  0.171875	
  0.265625	  0.072917	  0.067708	  0.593750	
  0.895833	  0.046875	  0.000000	  0.057292	
  0.000000	  1.000000	  0.000000	  0.000000	
  1.000000	  0.000000	  0.000000	  0.000000	
  0.000000	  0.000000	  1.000000	  0.000000	
  0.000000	  0.093750	  0.104167	  0.802083	
  0.572917	  0.010417	  0.317708	  0.098958	

URL http://regprecise.lbl.gov/RegPrecise/regulog.jsp?regulog_id=568

MOTIF LexA_Alcaligenaceae LexA-family

letter-probability matrix: alength= 4 w= 20 nsites= 19 E= 0
  0.000000	  0.157895	  0.105263	  0.736842	
  0.684211	  0.000000	  0.157895	  0.157895	
  0.000000	  1.000000	  0.000000	  0.000000	
  0.000000	  0.052632	  0.000000	  0.947368	
  0.000000	  0.000000	  1.000000	  0.000000	
  0.000000	  0.052632	  0.210526	  0.736842	
  0.631579	  0.000000	  0.105263	  0.263158	
  0.000000	  0.000000	  0.000000	  1.000000	
  0.631579	  0.000000	  0.105263	  0.263158	
  0.105263	  0.000000	  0.000000	  0.894737	
  0.263158	  0.157895	  0.000000	  0.578947	
  0.000000	  0.210526	  0.000000	  0.789474	
  0.736842	  0.000000	  0.263158	  0.000000	
  0.000000	  0.000000	  0.000000	  1.000000	
  0.842105	  0.157895	  0.000000	  0.000000	
  0.000000	  1.000000	  0.000000	  0.000000	
  1.000000	  0.000000	  0.000000	  0.000000	
  0.000000	  0.000000	  1.000000	  0.000000	
  0.052632	  0.105263	  0.000000	  0.842105	
  0.684211	  0.157895	  0.105263	  0.052632	

URL http://regprecise.lbl.gov/RegPrecise/regulog.jsp?regulog_id=6014

MOTIF LexA_Listeriaceae LexA-family

letter-probability matrix: alength= 4 w= 24 nsites= 48 E= 0
  0.687500	  0.083333	  0.083333	  0.145833	
  0.916667	  0.020833	  0.041667	  0.020833	
  0.937500	  0.000000	  0.000000	  0.062500	
  0.333333	  0.125000	  0.000000	  0.541667	
  0.812500	  0.041667	  0.104167	  0.041667	
  0.583333	  0.375000	  0.041667	  0.000000	
  0.083333	  0.000000	  0.916667	  0.000000	
  1.000000	  0.000000	  0.000000	  0.000000	
  1.000000	  0.000000	  0.000000	  0.000000	
  0.083333	  0.750000	  0.000000	  0.166667	
  0.500000	  0.083333	  0.416667	  0.000000	
  0.166667	  0.145833	  0.000000	  0.687500	
  0.750000	  0.000000	  0.000000	  0.250000	
  0.000000	  0.125000	  0.041667	  0.833333	
  0.083333	  0.000000	  0.833333	  0.083333	
  0.000000	  0.000000	  0.000000	  1.000000	
  0.000000	  0.000000	  0.041667	  0.958333	
  0.000000	  0.750000	  0.000000	  0.250000	
  0.000000	  0.000000	  0.791667	  0.208333	
  0.145833	  0.250000	  0.291667	  0.312500	
  0.291667	  0.000000	  0.000000	  0.708333	
  0.041667	  0.020833	  0.187500	  0.750000	
  0.250000	  0.000000	  0.208333	  0.541667	
  0.104167	  0.000000	  0.145833	  0.750000	

URL http://regprecise.lbl.gov/RegPrecise/regulog.jsp?regulog_id=6015

MOTIF LexA_Planctomycetes LexA-family

letter-probability matrix: alength= 4 w= 17 nsites= 9 E= 0
  0.000000	  0.777778	  0.111111	  0.111111	
  0.000000	  0.333333	  0.222222	  0.444444	
  0.000000	  1.000000	  0.000000	  0.000000	
  0.333333	  0.000000	  0.666667	  0.000000	
  0.888889	  0.000000	  0.000000	  0.111111	
  0.777778	  0.222222	  0.000000	  0.000000	
  0.444444	  0.444444	  0.111111	  0.000000	
  0.111111	  0.000000	  0.000000	  0.888889	
  0.111111	  0.333333	  0.555556	  0.000000	
  0.666667	  0.222222	  0.000000	  0.111111	
  0.000000	  0.111111	  0.222222	  0.666667	
  0.111111	  0.000000	  0.111111	  0.777778	
  0.000000	  0.000000	  0.222222	  0.777778	
  0.000000	  0.777778	  0.000000	  0.222222	
  0.000000	  0.000000	  0.888889	  0.111111	
  0.000000	  0.111111	  0.666667	  0.222222	
  0.000000	  0.000000	  0.888889	  0.111111	

URL http://regprecise.lbl.gov/RegPrecise/regulog.jsp?regulog_id=6016

MOTIF LexA_Frankineae/Propionibacterineae/Pseudonocardiaceae LexA-family

letter-probability matrix: alength= 4 w= 16 nsites= 68 E= 0
  0.073529	  0.176471	  0.044118	  0.705882	
  0.029412	  0.926471	  0.014706	  0.029412	
  0.000000	  0.000000	  1.000000	  0.000000	
  0.941176	  0.000000	  0.044118	  0.014706	
  0.852941	  0.088235	  0.014706	  0.044118	
  0.014706	  0.955882	  0.000000	  0.029412	
  0.544118	  0.044118	  0.352941	  0.058824	
  0.058824	  0.352941	  0.411765	  0.176471	
  0.264706	  0.205882	  0.500000	  0.029412	
  0.014706	  0.397059	  0.014706	  0.573529	
  0.014706	  0.029412	  0.955882	  0.000000	
  0.102941	  0.044118	  0.073529	  0.779412	
  0.073529	  0.029412	  0.058824	  0.838235	
  0.000000	  0.808824	  0.044118	  0.147059	
  0.014706	  0.000000	  0.941176	  0.044118	
  0.632353	  0.044118	  0.205882	  0.117647	

URL http://regprecise.lbl.gov/RegPrecise/regulog.jsp?regulog_id=6018

MOTIF LexA_Nocardiaceae LexA-family

letter-probability matrix: alength= 4 w= 16 nsites= 33 E= 0
  0.060606	  0.000000	  0.212121	  0.727273	
  0.060606	  0.818182	  0.090909	  0.030303	
  0.000000	  0.000000	  1.000000	  0.000000	
  1.000000	  0.000000	  0.000000	  0.000000	
  0.909091	  0.000000	  0.000000	  0.090909	
  0.060606	  0.939394	  0.000000	  0.000000	
  0.878788	  0.030303	  0.060606	  0.030303	
  0.000000	  0.333333	  0.242424	  0.424242	
  0.606061	  0.242424	  0.121212	  0.030303	
  0.060606	  0.272727	  0.000000	  0.666667	
  0.030303	  0.000000	  0.969697	  0.000000	
  0.000000	  0.000000	  0.000000	  1.000000	
  0.000000	  0.000000	  0.060606	  0.939394	
  0.000000	  0.878788	  0.000000	  0.121212	
  0.000000	  0.060606	  0.939394	  0.000000	
  0.636364	  0.060606	  0.090909	  0.212121	

URL http://regprecise.lbl.gov/RegPrecise/regulog.jsp?regulog_id=6019

MOTIF LexA_Mycobacteriaceae LexA-family

letter-probability matrix: alength= 4 w= 16 nsites= 83 E= 0
  0.000000	  0.024096	  0.000000	  0.975904	
  0.036145	  0.951807	  0.012048	  0.000000	
  0.012048	  0.000000	  0.987952	  0.000000	
  0.951807	  0.048193	  0.000000	  0.000000	
  0.891566	  0.000000	  0.000000	  0.108434	
  0.024096	  0.963855	  0.000000	  0.012048	
  0.674699	  0.012048	  0.265060	  0.048193	
  0.120482	  0.337349	  0.228916	  0.313253	
  0.554217	  0.096386	  0.277108	  0.072289	
  0.036145	  0.048193	  0.012048	  0.903614	
  0.012048	  0.000000	  0.927711	  0.060241	
  0.048193	  0.000000	  0.000000	  0.951807	
  0.000000	  0.000000	  0.132530	  0.867470	
  0.000000	  0.891566	  0.000000	  0.108434	
  0.000000	  0.000000	  0.927711	  0.072289	
  0.795181	  0.060241	  0.096386	  0.048193	

URL http://regprecise.lbl.gov/RegPrecise/regulog.jsp?regulog_id=6020

MOTIF LexA_Streptomycetaceae LexA-family

letter-probability matrix: alength= 4 w= 16 nsites= 26 E= 0
  0.000000	  0.000000	  0.038462	  0.961538	
  0.076923	  0.846154	  0.038462	  0.038462	
  0.000000	  0.000000	  1.000000	  0.000000	
  0.846154	  0.076923	  0.000000	  0.076923	
  1.000000	  0.000000	  0.000000	  0.000000	
  0.000000	  0.769231	  0.000000	  0.230769	
  0.538462	  0.000000	  0.384615	  0.076923	
  0.000000	  0.346154	  0.269231	  0.384615	
  0.346154	  0.307692	  0.307692	  0.038462	
  0.076923	  0.538462	  0.000000	  0.384615	
  0.307692	  0.038462	  0.615385	  0.038462	
  0.000000	  0.038462	  0.000000	  0.961538	
  0.038462	  0.000000	  0.269231	  0.692308	
  0.000000	  0.846154	  0.000000	  0.153846	
  0.000000	  0.000000	  0.692308	  0.307692	
  0.692308	  0.000000	  0.192308	  0.115385	

URL http://regprecise.lbl.gov/RegPrecise/regulog.jsp?regulog_id=6021

MOTIF LexA_Micrococcineae LexA-family

letter-probability matrix: alength= 4 w= 16 nsites= 62 E= 0
  0.000000	  0.064516	  0.016129	  0.919355	
  0.193548	  0.806452	  0.000000	  0.000000	
  0.000000	  0.000000	  1.000000	  0.000000	
  0.967742	  0.016129	  0.016129	  0.000000	
  1.000000	  0.000000	  0.000000	  0.000000	
  0.016129	  0.725806	  0.112903	  0.145161	
  0.838710	  0.032258	  0.096774	  0.032258	
  0.129032	  0.338710	  0.112903	  0.419355	
  0.483871	  0.225806	  0.241935	  0.048387	
  0.032258	  0.161290	  0.016129	  0.790323	
  0.177419	  0.080645	  0.612903	  0.129032	
  0.000000	  0.000000	  0.000000	  1.000000	
  0.000000	  0.000000	  0.048387	  0.951613	
  0.000000	  0.838710	  0.000000	  0.161290	
  0.000000	  0.000000	  0.983871	  0.016129	
  0.790323	  0.032258	  0.129032	  0.048387	

URL http://regprecise.lbl.gov/RegPrecise/regulog.jsp?regulog_id=6040

MOTIF LexA_Staphylococcaceae LexA-family

letter-probability matrix: alength= 4 w= 20 nsites= 85 E= 0
  0.682353	  0.117647	  0.023529	  0.176471	
  0.552941	  0.129412	  0.000000	  0.317647	
  0.435294	  0.247059	  0.117647	  0.200000	
  0.482353	  0.505882	  0.011765	  0.000000	
  0.011765	  0.000000	  0.988235	  0.000000	
  0.964706	  0.011765	  0.000000	  0.023529	
  1.000000	  0.000000	  0.000000	  0.000000	
  0.070588	  0.929412	  0.000000	  0.000000	
  0.729412	  0.000000	  0.270588	  0.000000	
  0.388235	  0.047059	  0.023529	  0.541176	
  0.658824	  0.011765	  0.070588	  0.258824	
  0.011765	  0.200000	  0.000000	  0.788235	
  0.070588	  0.000000	  0.929412	  0.000000	
  0.000000	  0.000000	  0.000000	  1.000000	
  0.000000	  0.000000	  0.000000	  1.000000	
  0.000000	  0.670588	  0.000000	  0.329412	
  0.000000	  0.000000	  0.764706	  0.235294	
  0.105882	  0.211765	  0.047059	  0.635294	
  0.635294	  0.000000	  0.058824	  0.305882	
  0.211765	  0.035294	  0.141176	  0.611765	

URL http://regprecise.lbl.gov/RegPrecise/regulog.jsp?regulog_id=680

MOTIF LexA_Bifidobacteriaceae LexA-family

letter-probability matrix: alength= 4 w= 16 nsites= 97 E= 0
  0.000000	  0.020619	  0.020619	  0.958763	
  0.061856	  0.855670	  0.061856	  0.020619	
  0.010309	  0.000000	  0.989691	  0.000000	
  0.896907	  0.082474	  0.000000	  0.020619	
  1.000000	  0.000000	  0.000000	  0.000000	
  0.000000	  0.989691	  0.000000	  0.010309	
  0.814433	  0.010309	  0.164948	  0.010309	
  0.237113	  0.041237	  0.288660	  0.432990	
  0.556701	  0.175258	  0.113402	  0.154639	
  0.000000	  0.051546	  0.000000	  0.948454	
  0.000000	  0.000000	  1.000000	  0.000000	
  0.010309	  0.000000	  0.000000	  0.989691	
  0.082474	  0.010309	  0.030928	  0.876289	
  0.000000	  0.876289	  0.000000	  0.123711	
  0.010309	  0.030928	  0.742268	  0.216495	
  0.814433	  0.082474	  0.030928	  0.072165	

URL http://regprecise.lbl.gov/RegPrecise/regulog.jsp?regulog_id=6846

MOTIF LexA_Bacillales LexA-family

letter-probability matrix: alength= 4 w= 16 nsites= 206 E= 0
  0.461165	  0.213592	  0.097087	  0.228155	
  0.451456	  0.427184	  0.116505	  0.004854	
  0.203883	  0.000000	  0.796117	  0.000000	
  0.990291	  0.000000	  0.000000	  0.009709	
  0.980583	  0.000000	  0.009709	  0.009709	
  0.004854	  0.830097	  0.009709	  0.155340	
  0.660194	  0.043689	  0.199029	  0.097087	
  0.310680	  0.058252	  0.038835	  0.592233	
  0.572816	  0.029126	  0.116505	  0.281553	
  0.116505	  0.252427	  0.038835	  0.592233	
  0.116505	  0.000000	  0.873786	  0.009709	
  0.014563	  0.004854	  0.000000	  0.980583	
  0.000000	  0.000000	  0.004854	  0.995146	
  0.014563	  0.752427	  0.009709	  0.223301	
  0.004854	  0.097087	  0.577670	  0.320388	
  0.145631	  0.174757	  0.131068	  0.548544	

URL http://regprecise.lbl.gov/RegPrecise/regulog.jsp?regulog_id=777


