MEME version 4

ALPHABET= ACGT

strands: + -

Background letter frequencies (from uniform background):
A 0.25000 C 0.25000 G 0.25000 T 0.25000 

MOTIF MetR_Enterobacteriales LysR-family

letter-probability matrix: alength= 4 w= 15 nsites= 140 E= 0
  0.585714	  0.142857	  0.214286	  0.057143	
  0.007143	  0.028571	  0.007143	  0.957143	
  0.007143	  0.000000	  0.992857	  0.000000	
  0.835714	  0.142857	  0.000000	  0.021429	
  0.692857	  0.014286	  0.292857	  0.000000	
  0.435714	  0.207143	  0.164286	  0.192857	
  0.428571	  0.064286	  0.221429	  0.285714	
  0.321429	  0.007143	  0.000000	  0.671429	
  0.100000	  0.264286	  0.092857	  0.542857	
  0.092857	  0.221429	  0.014286	  0.671429	
  0.028571	  0.314286	  0.014286	  0.642857	
  0.000000	  0.007143	  0.064286	  0.928571	
  0.000000	  0.985714	  0.007143	  0.007143	
  0.907143	  0.021429	  0.042857	  0.028571	
  0.100000	  0.335714	  0.100000	  0.464286	

URL http://regprecise.lbl.gov/RegPrecise/regulog.jsp?regulog_id=1124

MOTIF IlvY_Enterobacteriales LysR-family

letter-probability matrix: alength= 4 w= 17 nsites= 46 E= 0
  0.630435	  0.021739	  0.347826	  0.000000	
  0.000000	  0.000000	  0.000000	  1.000000	
  0.260870	  0.000000	  0.000000	  0.739130	
  0.000000	  0.000000	  0.717391	  0.282609	
  0.000000	  1.000000	  0.000000	  0.000000	
  0.695652	  0.000000	  0.173913	  0.130435	
  0.391304	  0.043478	  0.282609	  0.282609	
  0.521739	  0.000000	  0.000000	  0.478261	
  0.500000	  0.000000	  0.000000	  0.500000	
  0.478261	  0.000000	  0.000000	  0.521739	
  0.282609	  0.282609	  0.043478	  0.391304	
  0.130435	  0.173913	  0.000000	  0.695652	
  0.000000	  0.000000	  1.000000	  0.000000	
  0.282609	  0.717391	  0.000000	  0.000000	
  0.739130	  0.000000	  0.000000	  0.260870	
  1.000000	  0.000000	  0.000000	  0.000000	
  0.000000	  0.347826	  0.021739	  0.630435	

URL http://regprecise.lbl.gov/RegPrecise/regulog.jsp?regulog_id=1126

MOTIF NtcB_Cyanobacteria LysR-family

letter-probability matrix: alength= 4 w= 15 nsites= 44 E= 0
  0.977273	  0.000000	  0.000000	  0.022727	
  0.000000	  0.000000	  0.022727	  0.977273	
  0.045455	  0.000000	  0.954545	  0.000000	
  0.045455	  0.863636	  0.045455	  0.045455	
  0.681818	  0.045455	  0.227273	  0.045455	
  0.318182	  0.045455	  0.500000	  0.136364	
  0.318182	  0.068182	  0.068182	  0.545455	
  0.522727	  0.022727	  0.022727	  0.431818	
  0.386364	  0.159091	  0.022727	  0.431818	
  0.454545	  0.250000	  0.000000	  0.295455	
  0.022727	  0.136364	  0.045455	  0.795455	
  0.090909	  0.090909	  0.522727	  0.295455	
  0.000000	  0.818182	  0.022727	  0.159091	
  1.000000	  0.000000	  0.000000	  0.000000	
  0.318182	  0.000000	  0.022727	  0.659091	

URL http://regprecise.lbl.gov/RegPrecise/regulog.jsp?regulog_id=1167

MOTIF CitR_Bacillales LysR-family

letter-probability matrix: alength= 4 w= 19 nsites= 8 E= 0
  0.000000	  0.000000	  0.000000	  1.000000	
  0.250000	  0.000000	  0.750000	  0.000000	
  1.000000	  0.000000	  0.000000	  0.000000	
  0.000000	  0.000000	  0.000000	  1.000000	
  0.000000	  0.000000	  0.000000	  1.000000	
  1.000000	  0.000000	  0.000000	  0.000000	
  1.000000	  0.000000	  0.000000	  0.000000	
  0.500000	  0.000000	  0.125000	  0.375000	
  0.750000	  0.000000	  0.000000	  0.250000	
  0.375000	  0.125000	  0.125000	  0.375000	
  0.250000	  0.000000	  0.000000	  0.750000	
  0.375000	  0.125000	  0.000000	  0.500000	
  0.000000	  0.000000	  0.000000	  1.000000	
  0.000000	  0.000000	  0.000000	  1.000000	
  1.000000	  0.000000	  0.000000	  0.000000	
  1.000000	  0.000000	  0.000000	  0.000000	
  0.000000	  0.000000	  0.000000	  1.000000	
  0.000000	  0.750000	  0.000000	  0.250000	
  1.000000	  0.000000	  0.000000	  0.000000	

URL http://regprecise.lbl.gov/RegPrecise/regulog.jsp?regulog_id=1234

MOTIF GltR_Bacillales LysR-family

letter-probability matrix: alength= 4 w= 21 nsites= 5 E= 0
  0.200000	  0.000000	  0.800000	  0.000000	
  0.800000	  0.200000	  0.000000	  0.000000	
  0.000000	  0.400000	  0.000000	  0.600000	
  1.000000	  0.000000	  0.000000	  0.000000	
  0.000000	  0.000000	  0.000000	  1.000000	
  0.000000	  1.000000	  0.000000	  0.000000	
  0.200000	  0.000000	  0.000000	  0.800000	
  0.000000	  0.600000	  0.200000	  0.200000	
  0.600000	  0.000000	  0.000000	  0.400000	
  0.600000	  0.000000	  0.000000	  0.400000	
  0.600000	  0.000000	  0.000000	  0.400000	
  0.600000	  0.000000	  0.000000	  0.400000	
  0.200000	  0.200000	  0.000000	  0.600000	
  0.200000	  0.600000	  0.200000	  0.000000	
  0.600000	  0.000000	  0.200000	  0.200000	
  0.000000	  0.000000	  1.000000	  0.000000	
  1.000000	  0.000000	  0.000000	  0.000000	
  0.000000	  0.000000	  0.000000	  1.000000	
  1.000000	  0.000000	  0.000000	  0.000000	
  0.000000	  0.000000	  0.200000	  0.800000	
  0.000000	  0.800000	  0.000000	  0.200000	

URL http://regprecise.lbl.gov/RegPrecise/regulog.jsp?regulog_id=1236

MOTIF YtlI_Bacillales LysR-family

letter-probability matrix: alength= 4 w= 15 nsites= 8 E= 0
  0.500000	  0.000000	  0.000000	  0.500000	
  0.000000	  0.000000	  0.000000	  1.000000	
  0.000000	  0.500000	  0.000000	  0.500000	
  1.000000	  0.000000	  0.000000	  0.000000	
  0.625000	  0.250000	  0.125000	  0.000000	
  0.375000	  0.000000	  0.125000	  0.500000	
  0.625000	  0.000000	  0.000000	  0.375000	
  0.500000	  0.000000	  0.000000	  0.500000	
  0.375000	  0.000000	  0.000000	  0.625000	
  0.500000	  0.125000	  0.000000	  0.375000	
  0.000000	  0.125000	  0.250000	  0.625000	
  0.000000	  0.000000	  0.000000	  1.000000	
  0.500000	  0.000000	  0.500000	  0.000000	
  1.000000	  0.000000	  0.000000	  0.000000	
  0.500000	  0.000000	  0.000000	  0.500000	

URL http://regprecise.lbl.gov/RegPrecise/regulog.jsp?regulog_id=1240

MOTIF YwbI_Bacillales LysR-family

letter-probability matrix: alength= 4 w= 17 nsites= 8 E= 0
  1.000000	  0.000000	  0.000000	  0.000000	
  0.125000	  0.000000	  0.000000	  0.875000	
  1.000000	  0.000000	  0.000000	  0.000000	
  0.000000	  0.000000	  0.375000	  0.625000	
  0.125000	  0.000000	  0.875000	  0.000000	
  0.000000	  0.000000	  0.000000	  1.000000	
  1.000000	  0.000000	  0.000000	  0.000000	
  0.375000	  0.000000	  0.000000	  0.625000	
  0.375000	  0.000000	  0.000000	  0.625000	
  0.375000	  0.000000	  0.000000	  0.625000	
  0.000000	  0.000000	  0.000000	  1.000000	
  1.000000	  0.000000	  0.000000	  0.000000	
  0.000000	  0.875000	  0.000000	  0.125000	
  0.375000	  0.625000	  0.000000	  0.000000	
  0.000000	  0.000000	  0.000000	  1.000000	
  1.000000	  0.000000	  0.000000	  0.000000	
  0.000000	  0.000000	  0.000000	  1.000000	

URL http://regprecise.lbl.gov/RegPrecise/regulog.jsp?regulog_id=1241

MOTIF CysL_Bacillales LysR-family

letter-probability matrix: alength= 4 w= 15 nsites= 28 E= 0
  1.000000	  0.000000	  0.000000	  0.000000	
  0.000000	  0.000000	  0.000000	  1.000000	
  0.178571	  0.035714	  0.035714	  0.750000	
  0.750000	  0.000000	  0.000000	  0.250000	
  0.535714	  0.000000	  0.357143	  0.107143	
  0.250000	  0.000000	  0.178571	  0.571429	
  0.678571	  0.000000	  0.000000	  0.321429	
  0.607143	  0.000000	  0.000000	  0.392857	
  0.321429	  0.035714	  0.000000	  0.642857	
  0.500000	  0.178571	  0.071429	  0.250000	
  0.071429	  0.285714	  0.000000	  0.642857	
  0.178571	  0.035714	  0.000000	  0.785714	
  0.821429	  0.035714	  0.035714	  0.107143	
  0.928571	  0.071429	  0.000000	  0.000000	
  0.000000	  0.000000	  0.000000	  1.000000	

URL http://regprecise.lbl.gov/RegPrecise/regulog.jsp?regulog_id=1243

MOTIF NhaR_Enterobacteriales LysR-family

letter-probability matrix: alength= 4 w= 13 nsites= 11 E= 0
  0.000000	  0.000000	  0.000000	  1.000000	
  0.000000	  1.000000	  0.000000	  0.000000	
  0.000000	  0.000000	  0.909091	  0.090909	
  0.181818	  0.000000	  0.363636	  0.454545	
  0.454545	  0.000000	  0.000000	  0.545455	
  0.545455	  0.000000	  0.000000	  0.454545	
  0.636364	  0.000000	  0.000000	  0.363636	
  0.545455	  0.000000	  0.000000	  0.454545	
  0.545455	  0.000000	  0.090909	  0.363636	
  0.363636	  0.363636	  0.181818	  0.090909	
  0.000000	  0.909091	  0.000000	  0.090909	
  0.000000	  0.000000	  1.000000	  0.000000	
  1.000000	  0.000000	  0.000000	  0.000000	

URL http://regprecise.lbl.gov/RegPrecise/regulog.jsp?regulog_id=1248

MOTIF GltC_Bacillales LysR-family

letter-probability matrix: alength= 4 w= 15 nsites= 20 E= 0
  1.000000	  0.000000	  0.000000	  0.000000	
  0.000000	  0.000000	  0.000000	  1.000000	
  0.300000	  0.700000	  0.000000	  0.000000	
  0.000000	  0.000000	  0.000000	  1.000000	
  0.600000	  0.400000	  0.000000	  0.000000	
  0.650000	  0.000000	  0.000000	  0.350000	
  0.800000	  0.000000	  0.000000	  0.200000	
  0.500000	  0.000000	  0.000000	  0.500000	
  0.200000	  0.000000	  0.000000	  0.800000	
  0.350000	  0.000000	  0.000000	  0.650000	
  0.000000	  0.000000	  0.400000	  0.600000	
  1.000000	  0.000000	  0.000000	  0.000000	
  0.000000	  0.000000	  0.700000	  0.300000	
  1.000000	  0.000000	  0.000000	  0.000000	
  0.000000	  0.000000	  0.000000	  1.000000	

URL http://regprecise.lbl.gov/RegPrecise/regulog.jsp?regulog_id=1291

MOTIF GltC2_Bacillales LysR-family

letter-probability matrix: alength= 4 w= 15 nsites= 6 E= 0
  1.000000	  0.000000	  0.000000	  0.000000	
  0.000000	  0.166667	  0.000000	  0.833333	
  0.166667	  0.000000	  0.000000	  0.833333	
  0.000000	  0.000000	  0.000000	  1.000000	
  0.333333	  0.000000	  0.166667	  0.500000	
  1.000000	  0.000000	  0.000000	  0.000000	
  0.166667	  0.000000	  0.000000	  0.833333	
  0.500000	  0.000000	  0.000000	  0.500000	
  0.833333	  0.000000	  0.000000	  0.166667	
  0.000000	  0.000000	  0.000000	  1.000000	
  0.500000	  0.166667	  0.000000	  0.333333	
  1.000000	  0.000000	  0.000000	  0.000000	
  0.833333	  0.000000	  0.000000	  0.166667	
  0.833333	  0.000000	  0.166667	  0.000000	
  0.000000	  0.000000	  0.000000	  1.000000	

URL http://regprecise.lbl.gov/RegPrecise/regulog.jsp?regulog_id=1292

MOTIF AbgR_Enterobacteriales LysR-family

letter-probability matrix: alength= 4 w= 17 nsites= 12 E= 0
  0.000000	  0.000000	  0.916667	  0.083333	
  1.000000	  0.000000	  0.000000	  0.000000	
  0.000000	  0.000000	  0.000000	  1.000000	
  1.000000	  0.000000	  0.000000	  0.000000	
  0.833333	  0.000000	  0.166667	  0.000000	
  0.250000	  0.416667	  0.166667	  0.166667	
  0.000000	  0.500000	  0.000000	  0.500000	
  0.500000	  0.000000	  0.250000	  0.250000	
  0.500000	  0.000000	  0.000000	  0.500000	
  0.250000	  0.250000	  0.000000	  0.500000	
  0.500000	  0.000000	  0.500000	  0.000000	
  0.166667	  0.166667	  0.416667	  0.250000	
  0.000000	  0.166667	  0.000000	  0.833333	
  0.000000	  0.000000	  0.000000	  1.000000	
  1.000000	  0.000000	  0.000000	  0.000000	
  0.000000	  0.000000	  0.000000	  1.000000	
  0.083333	  0.916667	  0.000000	  0.000000	

URL http://regprecise.lbl.gov/RegPrecise/regulog.jsp?regulog_id=1308

MOTIF CcpC_Bacillales LysR-family

letter-probability matrix: alength= 4 w= 15 nsites= 12 E= 0
  1.000000	  0.000000	  0.000000	  0.000000	
  0.000000	  0.000000	  0.000000	  1.000000	
  1.000000	  0.000000	  0.000000	  0.000000	
  1.000000	  0.000000	  0.000000	  0.000000	
  0.166667	  0.000000	  0.750000	  0.083333	
  0.750000	  0.000000	  0.083333	  0.166667	
  0.500000	  0.250000	  0.000000	  0.250000	
  0.583333	  0.000000	  0.166667	  0.250000	
  0.583333	  0.000000	  0.000000	  0.416667	
  0.583333	  0.000000	  0.000000	  0.416667	
  0.000000	  0.750000	  0.250000	  0.000000	
  0.000000	  0.000000	  0.000000	  1.000000	
  0.000000	  0.000000	  0.000000	  1.000000	
  1.000000	  0.000000	  0.000000	  0.000000	
  0.000000	  0.000000	  0.000000	  1.000000	

URL http://regprecise.lbl.gov/RegPrecise/regulog.jsp?regulog_id=1337

MOTIF AlsR_Bacillales LysR-family

letter-probability matrix: alength= 4 w= 19 nsites= 8 E= 0
  0.000000	  0.000000	  0.000000	  1.000000	
  0.625000	  0.125000	  0.000000	  0.250000	
  1.000000	  0.000000	  0.000000	  0.000000	
  0.000000	  0.000000	  0.125000	  0.875000	
  0.500000	  0.000000	  0.000000	  0.500000	
  0.000000	  0.500000	  0.000000	  0.500000	
  0.000000	  0.000000	  1.000000	  0.000000	
  0.000000	  0.000000	  0.000000	  1.000000	
  0.375000	  0.000000	  0.250000	  0.375000	
  0.500000	  0.000000	  0.000000	  0.500000	
  0.375000	  0.250000	  0.000000	  0.375000	
  1.000000	  0.000000	  0.000000	  0.000000	
  0.000000	  1.000000	  0.000000	  0.000000	
  0.500000	  0.000000	  0.500000	  0.000000	
  0.500000	  0.000000	  0.000000	  0.500000	
  0.875000	  0.125000	  0.000000	  0.000000	
  0.000000	  0.000000	  0.000000	  1.000000	
  0.250000	  0.000000	  0.125000	  0.625000	
  1.000000	  0.000000	  0.000000	  0.000000	

URL http://regprecise.lbl.gov/RegPrecise/regulog.jsp?regulog_id=1340

MOTIF CcmR_Cyanobacteria LysR-family

letter-probability matrix: alength= 4 w= 16 nsites= 71 E= 0
  0.929577	  0.042254	  0.000000	  0.028169	
  0.000000	  0.000000	  0.000000	  1.000000	
  0.704225	  0.028169	  0.028169	  0.239437	
  0.042254	  0.014085	  0.901408	  0.042254	
  0.760563	  0.042254	  0.042254	  0.154930	
  0.169014	  0.394366	  0.056338	  0.380282	
  0.267606	  0.056338	  0.042254	  0.633803	
  0.197183	  0.070423	  0.042254	  0.690141	
  0.436620	  0.000000	  0.056338	  0.507042	
  0.450704	  0.014085	  0.084507	  0.450704	
  0.394366	  0.056338	  0.450704	  0.098592	
  0.154930	  0.056338	  0.098592	  0.690141	
  0.042254	  0.929577	  0.000000	  0.028169	
  0.084507	  0.000000	  0.000000	  0.915493	
  0.929577	  0.028169	  0.014085	  0.028169	
  0.070423	  0.014085	  0.000000	  0.915493	

URL http://regprecise.lbl.gov/RegPrecise/regulog.jsp?regulog_id=1419

MOTIF BsdA_Bacillales LysR-family

letter-probability matrix: alength= 4 w= 15 nsites= 6 E= 0
  1.000000	  0.000000	  0.000000	  0.000000	
  0.000000	  0.000000	  0.000000	  1.000000	
  1.000000	  0.000000	  0.000000	  0.000000	
  0.000000	  1.000000	  0.000000	  0.000000	
  0.000000	  0.833333	  0.000000	  0.166667	
  0.000000	  0.166667	  0.000000	  0.833333	
  0.166667	  0.000000	  0.000000	  0.833333	
  0.500000	  0.000000	  0.000000	  0.500000	
  0.833333	  0.000000	  0.000000	  0.166667	
  0.833333	  0.000000	  0.166667	  0.000000	
  0.166667	  0.000000	  0.833333	  0.000000	
  0.000000	  0.000000	  1.000000	  0.000000	
  0.000000	  0.000000	  0.000000	  1.000000	
  1.000000	  0.000000	  0.000000	  0.000000	
  0.000000	  0.000000	  0.000000	  1.000000	

URL http://regprecise.lbl.gov/RegPrecise/regulog.jsp?regulog_id=1427

MOTIF PirR_Cyanobacteria LysR-family

letter-probability matrix: alength= 4 w= 21 nsites= 11 E= 0
  0.090909	  0.000000	  0.000000	  0.909091	
  0.000000	  0.000000	  0.000000	  1.000000	
  0.000000	  0.000000	  1.000000	  0.000000	
  0.000000	  0.272727	  0.000000	  0.727273	
  0.272727	  0.545455	  0.090909	  0.090909	
  0.090909	  0.090909	  0.090909	  0.727273	
  0.090909	  0.636364	  0.000000	  0.272727	
  0.000000	  0.272727	  0.000000	  0.727273	
  0.363636	  0.272727	  0.000000	  0.363636	
  0.545455	  0.090909	  0.000000	  0.363636	
  0.363636	  0.000000	  0.000000	  0.636364	
  0.272727	  0.000000	  0.090909	  0.636364	
  0.181818	  0.000000	  0.181818	  0.636364	
  0.727273	  0.000000	  0.272727	  0.000000	
  0.272727	  0.000000	  0.727273	  0.000000	
  0.818182	  0.090909	  0.090909	  0.000000	
  0.181818	  0.000000	  0.363636	  0.454545	
  0.727273	  0.000000	  0.272727	  0.000000	
  0.000000	  1.000000	  0.000000	  0.000000	
  0.909091	  0.000000	  0.000000	  0.090909	
  0.818182	  0.000000	  0.000000	  0.181818	

URL http://regprecise.lbl.gov/RegPrecise/regulog.jsp?regulog_id=1454

MOTIF HrsM_Desulfovibrionales LysR-family

letter-probability matrix: alength= 4 w= 17 nsites= 16 E= 0
  0.125000	  0.125000	  0.250000	  0.500000	
  0.937500	  0.000000	  0.000000	  0.062500	
  0.000000	  0.000000	  0.000000	  1.000000	
  0.187500	  0.625000	  0.000000	  0.187500	
  0.250000	  0.000000	  0.687500	  0.062500	
  0.312500	  0.125000	  0.250000	  0.312500	
  0.187500	  0.125000	  0.125000	  0.562500	
  0.375000	  0.000000	  0.000000	  0.625000	
  0.000000	  0.062500	  0.000000	  0.937500	
  0.125000	  0.187500	  0.000000	  0.687500	
  0.187500	  0.125000	  0.062500	  0.625000	
  0.000000	  0.062500	  0.000000	  0.937500	
  0.000000	  0.875000	  0.000000	  0.125000	
  0.187500	  0.000000	  0.437500	  0.375000	
  1.000000	  0.000000	  0.000000	  0.000000	
  0.062500	  0.000000	  0.000000	  0.937500	
  0.750000	  0.187500	  0.062500	  0.000000	

URL http://regprecise.lbl.gov/RegPrecise/regulog.jsp?regulog_id=3330

MOTIF GcvA_Enterobacteriales LysR-family

letter-probability matrix: alength= 4 w= 15 nsites= 34 E= 0
  0.647059	  0.058824	  0.029412	  0.264706	
  0.000000	  0.000000	  0.000000	  1.000000	
  0.176471	  0.000000	  0.323529	  0.500000	
  1.000000	  0.000000	  0.000000	  0.000000	
  0.617647	  0.088235	  0.176471	  0.117647	
  0.852941	  0.000000	  0.000000	  0.147059	
  0.470588	  0.000000	  0.000000	  0.529412	
  0.705882	  0.000000	  0.000000	  0.294118	
  0.647059	  0.000000	  0.029412	  0.323529	
  0.441176	  0.000000	  0.000000	  0.558824	
  0.029412	  0.882353	  0.000000	  0.088235	
  0.000000	  0.000000	  0.000000	  1.000000	
  0.941176	  0.058824	  0.000000	  0.000000	
  1.000000	  0.000000	  0.000000	  0.000000	
  0.000000	  0.000000	  0.000000	  1.000000	

URL http://regprecise.lbl.gov/RegPrecise/regulog.jsp?regulog_id=3540

MOTIF MtaR_Streptococcaceae LysR-family

letter-probability matrix: alength= 4 w= 17 nsites= 72 E= 0
  0.013889	  0.083333	  0.000000	  0.902778	
  0.986111	  0.000000	  0.000000	  0.013889	
  0.027778	  0.000000	  0.000000	  0.972222	
  0.986111	  0.000000	  0.000000	  0.013889	
  0.111111	  0.000000	  0.875000	  0.013889	
  0.041667	  0.111111	  0.041667	  0.805556	
  0.027778	  0.041667	  0.027778	  0.902778	
  0.208333	  0.013889	  0.111111	  0.666667	
  0.458333	  0.138889	  0.083333	  0.319444	
  0.722222	  0.013889	  0.013889	  0.250000	
  0.847222	  0.013889	  0.138889	  0.000000	
  0.722222	  0.041667	  0.180556	  0.055556	
  0.013889	  0.930556	  0.000000	  0.055556	
  0.013889	  0.000000	  0.000000	  0.986111	
  1.000000	  0.000000	  0.000000	  0.000000	
  0.027778	  0.000000	  0.000000	  0.972222	
  0.944444	  0.000000	  0.027778	  0.027778	

URL http://regprecise.lbl.gov/RegPrecise/regulog.jsp?regulog_id=3620

MOTIF LysR_Enterobacteriales LysR-family

letter-probability matrix: alength= 4 w= 18 nsites= 24 E= 0
  0.000000	  0.833333	  0.000000	  0.166667	
  0.500000	  0.000000	  0.000000	  0.500000	
  0.500000	  0.000000	  0.000000	  0.500000	
  0.500000	  0.000000	  0.000000	  0.500000	
  0.000000	  0.000000	  0.208333	  0.791667	
  0.000000	  1.000000	  0.000000	  0.000000	
  1.000000	  0.000000	  0.000000	  0.000000	
  0.208333	  0.125000	  0.041667	  0.625000	
  0.458333	  0.083333	  0.041667	  0.416667	
  0.416667	  0.041667	  0.083333	  0.458333	
  0.625000	  0.041667	  0.125000	  0.208333	
  0.000000	  0.000000	  0.000000	  1.000000	
  0.000000	  0.000000	  1.000000	  0.000000	
  0.791667	  0.208333	  0.000000	  0.000000	
  0.500000	  0.000000	  0.000000	  0.500000	
  0.500000	  0.000000	  0.000000	  0.500000	
  0.500000	  0.000000	  0.000000	  0.500000	
  0.166667	  0.000000	  0.833333	  0.000000	

URL http://regprecise.lbl.gov/RegPrecise/regulog.jsp?regulog_id=3838

MOTIF XapR_Enterobacteriales LysR-family

letter-probability matrix: alength= 4 w= 21 nsites= 5 E= 0
  0.000000	  0.000000	  0.000000	  1.000000	
  0.000000	  0.600000	  0.000000	  0.400000	
  0.400000	  0.200000	  0.400000	  0.000000	
  0.800000	  0.200000	  0.000000	  0.000000	
  0.000000	  0.000000	  0.000000	  1.000000	
  1.000000	  0.000000	  0.000000	  0.000000	
  0.000000	  0.200000	  0.400000	  0.400000	
  0.400000	  0.400000	  0.000000	  0.200000	
  0.200000	  0.200000	  0.600000	  0.000000	
  1.000000	  0.000000	  0.000000	  0.000000	
  0.800000	  0.000000	  0.000000	  0.200000	
  0.400000	  0.000000	  0.000000	  0.600000	
  0.200000	  0.400000	  0.200000	  0.200000	
  0.400000	  0.000000	  0.400000	  0.200000	
  0.600000	  0.200000	  0.200000	  0.000000	
  0.000000	  0.000000	  0.000000	  1.000000	
  1.000000	  0.000000	  0.000000	  0.000000	
  0.000000	  0.200000	  0.000000	  0.800000	
  0.200000	  0.200000	  0.000000	  0.600000	
  0.200000	  0.000000	  0.800000	  0.000000	
  1.000000	  0.000000	  0.000000	  0.000000	

URL http://regprecise.lbl.gov/RegPrecise/regulog.jsp?regulog_id=3839

MOTIF LysG_Corynebacteriaceae LysR-family

letter-probability matrix: alength= 4 w= 13 nsites= 8 E= 0
  0.000000	  0.000000	  0.000000	  1.000000	
  0.000000	  0.000000	  1.000000	  0.000000	
  0.750000	  0.000000	  0.250000	  0.000000	
  1.000000	  0.000000	  0.000000	  0.000000	
  0.000000	  0.375000	  0.250000	  0.375000	
  0.000000	  0.875000	  0.125000	  0.000000	
  0.000000	  0.500000	  0.500000	  0.000000	
  0.000000	  0.125000	  0.875000	  0.000000	
  0.375000	  0.250000	  0.375000	  0.000000	
  0.000000	  0.000000	  0.000000	  1.000000	
  0.000000	  0.250000	  0.000000	  0.750000	
  0.000000	  1.000000	  0.000000	  0.000000	
  1.000000	  0.000000	  0.000000	  0.000000	

URL http://regprecise.lbl.gov/RegPrecise/regulog.jsp?regulog_id=3921

MOTIF QsuR_Corynebacteriaceae LysR-family

letter-probability matrix: alength= 4 w= 18 nsites= 4 E= 0
  0.000000	  0.000000	  0.000000	  1.000000	
  0.000000	  0.000000	  0.500000	  0.500000	
  0.000000	  0.000000	  0.000000	  1.000000	
  0.000000	  0.000000	  1.000000	  0.000000	
  0.500000	  0.000000	  0.000000	  0.500000	
  0.500000	  0.250000	  0.000000	  0.250000	
  0.000000	  1.000000	  0.000000	  0.000000	
  0.000000	  0.000000	  0.000000	  1.000000	
  1.000000	  0.000000	  0.000000	  0.000000	
  0.000000	  0.000000	  0.000000	  1.000000	
  1.000000	  0.000000	  0.000000	  0.000000	
  0.000000	  0.000000	  1.000000	  0.000000	
  0.250000	  0.000000	  0.250000	  0.500000	
  0.500000	  0.000000	  0.000000	  0.500000	
  0.000000	  1.000000	  0.000000	  0.000000	
  1.000000	  0.000000	  0.000000	  0.000000	
  0.500000	  0.500000	  0.000000	  0.000000	
  1.000000	  0.000000	  0.000000	  0.000000	

URL http://regprecise.lbl.gov/RegPrecise/regulog.jsp?regulog_id=3933

MOTIF Cg3239_Corynebacteriaceae LysR-family

letter-probability matrix: alength= 4 w= 15 nsites= 8 E= 0
  0.875000	  0.000000	  0.000000	  0.125000	
  0.000000	  0.000000	  0.000000	  1.000000	
  0.000000	  0.000000	  0.750000	  0.250000	
  0.000000	  1.000000	  0.000000	  0.000000	
  0.750000	  0.000000	  0.250000	  0.000000	
  0.125000	  0.500000	  0.125000	  0.250000	
  0.375000	  0.000000	  0.125000	  0.500000	
  0.375000	  0.125000	  0.125000	  0.375000	
  0.500000	  0.125000	  0.000000	  0.375000	
  0.250000	  0.125000	  0.500000	  0.125000	
  0.000000	  0.250000	  0.000000	  0.750000	
  0.000000	  0.000000	  1.000000	  0.000000	
  0.250000	  0.750000	  0.000000	  0.000000	
  1.000000	  0.000000	  0.000000	  0.000000	
  0.125000	  0.000000	  0.000000	  0.875000	

URL http://regprecise.lbl.gov/RegPrecise/regulog.jsp?regulog_id=4287

MOTIF CmbR_Streptococcaceae LysR-family

letter-probability matrix: alength= 4 w= 21 nsites= 104 E= 0
  0.153846	  0.105769	  0.500000	  0.240385	
  0.038462	  0.211538	  0.009615	  0.740385	
  0.067308	  0.153846	  0.509615	  0.269231	
  1.000000	  0.000000	  0.000000	  0.000000	
  0.019231	  0.000000	  0.000000	  0.980769	
  0.951923	  0.009615	  0.000000	  0.038462	
  0.576923	  0.019231	  0.326923	  0.076923	
  0.605769	  0.048077	  0.182692	  0.163462	
  0.461538	  0.076923	  0.096154	  0.365385	
  0.538462	  0.028846	  0.009615	  0.423077	
  0.509615	  0.028846	  0.000000	  0.461538	
  0.394231	  0.019231	  0.028846	  0.557692	
  0.432692	  0.057692	  0.096154	  0.413462	
  0.173077	  0.355769	  0.076923	  0.394231	
  0.134615	  0.278846	  0.019231	  0.567308	
  0.057692	  0.000000	  0.000000	  0.942308	
  1.000000	  0.000000	  0.000000	  0.000000	
  0.028846	  0.009615	  0.009615	  0.951923	
  0.269231	  0.346154	  0.125000	  0.259615	
  0.673077	  0.038462	  0.221154	  0.067308	
  0.153846	  0.548077	  0.125000	  0.173077	

URL http://regprecise.lbl.gov/RegPrecise/regulog.jsp?regulog_id=4369

MOTIF HomR_Streptococcaceae LysR-family

letter-probability matrix: alength= 4 w= 21 nsites= 24 E= 0
  0.000000	  0.125000	  0.833333	  0.041667	
  0.208333	  0.166667	  0.000000	  0.625000	
  0.000000	  0.208333	  0.041667	  0.750000	
  1.000000	  0.000000	  0.000000	  0.000000	
  0.000000	  0.000000	  0.000000	  1.000000	
  1.000000	  0.000000	  0.000000	  0.000000	
  0.375000	  0.000000	  0.625000	  0.000000	
  0.250000	  0.083333	  0.125000	  0.541667	
  0.250000	  0.125000	  0.000000	  0.625000	
  0.416667	  0.000000	  0.041667	  0.541667	
  0.458333	  0.125000	  0.000000	  0.416667	
  0.583333	  0.000000	  0.000000	  0.416667	
  0.583333	  0.000000	  0.125000	  0.291667	
  0.333333	  0.375000	  0.125000	  0.166667	
  0.000000	  0.416667	  0.000000	  0.583333	
  0.083333	  0.000000	  0.000000	  0.916667	
  1.000000	  0.000000	  0.000000	  0.000000	
  0.000000	  0.000000	  0.000000	  1.000000	
  0.750000	  0.083333	  0.166667	  0.000000	
  0.291667	  0.125000	  0.375000	  0.208333	
  0.041667	  0.875000	  0.041667	  0.041667	

URL http://regprecise.lbl.gov/RegPrecise/regulog.jsp?regulog_id=4544

MOTIF MleR_Lactobacillaceae LysR-family

letter-probability matrix: alength= 4 w= 17 nsites= 21 E= 0
  0.000000	  0.000000	  0.190476	  0.809524	
  1.000000	  0.000000	  0.000000	  0.000000	
  0.000000	  0.000000	  0.000000	  1.000000	
  0.809524	  0.047619	  0.000000	  0.142857	
  0.952381	  0.000000	  0.000000	  0.047619	
  0.952381	  0.000000	  0.047619	  0.000000	
  0.571429	  0.000000	  0.000000	  0.428571	
  0.380952	  0.047619	  0.000000	  0.571429	
  0.476190	  0.000000	  0.000000	  0.523810	
  0.523810	  0.047619	  0.047619	  0.380952	
  0.428571	  0.000000	  0.000000	  0.571429	
  0.000000	  0.047619	  0.000000	  0.952381	
  0.047619	  0.000000	  0.000000	  0.952381	
  0.095238	  0.000000	  0.047619	  0.857143	
  1.000000	  0.000000	  0.000000	  0.000000	
  0.047619	  0.000000	  0.000000	  0.952381	
  0.809524	  0.190476	  0.000000	  0.000000	

URL http://regprecise.lbl.gov/RegPrecise/regulog.jsp?regulog_id=4734

MOTIF MleR_Streptococcaceae LysR-family

letter-probability matrix: alength= 4 w= 15 nsites= 8 E= 0
  0.875000	  0.000000	  0.000000	  0.125000	
  0.000000	  0.000000	  0.000000	  1.000000	
  0.875000	  0.125000	  0.000000	  0.000000	
  1.000000	  0.000000	  0.000000	  0.000000	
  1.000000	  0.000000	  0.000000	  0.000000	
  0.375000	  0.000000	  0.000000	  0.625000	
  0.625000	  0.000000	  0.125000	  0.250000	
  0.625000	  0.000000	  0.000000	  0.375000	
  0.250000	  0.000000	  0.000000	  0.750000	
  1.000000	  0.000000	  0.000000	  0.000000	
  0.000000	  0.250000	  0.000000	  0.750000	
  0.000000	  0.000000	  0.000000	  1.000000	
  0.125000	  0.000000	  0.000000	  0.875000	
  1.000000	  0.000000	  0.000000	  0.000000	
  0.000000	  0.000000	  0.000000	  1.000000	

URL http://regprecise.lbl.gov/RegPrecise/regulog.jsp?regulog_id=4736

MOTIF DVU0309_Desulfovibrionales LysR-family

letter-probability matrix: alength= 4 w= 21 nsites= 14 E= 0
  0.214286	  0.214286	  0.071429	  0.500000	
  0.000000	  1.000000	  0.000000	  0.000000	
  0.285714	  0.142857	  0.000000	  0.571429	
  0.928571	  0.071429	  0.000000	  0.000000	
  0.071429	  0.000000	  0.000000	  0.928571	
  0.000000	  1.000000	  0.000000	  0.000000	
  0.357143	  0.071429	  0.000000	  0.571429	
  0.142857	  0.214286	  0.428571	  0.214286	
  0.571429	  0.000000	  0.142857	  0.285714	
  0.500000	  0.142857	  0.000000	  0.357143	
  0.500000	  0.000000	  0.000000	  0.500000	
  0.357143	  0.000000	  0.142857	  0.500000	
  0.285714	  0.142857	  0.000000	  0.571429	
  0.214286	  0.428571	  0.214286	  0.142857	
  0.571429	  0.000000	  0.071429	  0.357143	
  0.000000	  0.000000	  1.000000	  0.000000	
  0.928571	  0.000000	  0.000000	  0.071429	
  0.000000	  0.000000	  0.071429	  0.928571	
  0.571429	  0.000000	  0.142857	  0.285714	
  0.000000	  0.000000	  1.000000	  0.000000	
  0.500000	  0.071429	  0.214286	  0.214286	

URL http://regprecise.lbl.gov/RegPrecise/regulog.jsp?regulog_id=4972

MOTIF Caur_1779_Chloroflexia LysR-family

letter-probability matrix: alength= 4 w= 19 nsites= 4 E= 0
  0.000000	  0.500000	  0.000000	  0.500000	
  0.000000	  0.000000	  1.000000	  0.000000	
  0.000000	  0.000000	  0.000000	  1.000000	
  0.000000	  0.000000	  0.000000	  1.000000	
  0.000000	  1.000000	  0.000000	  0.000000	
  0.000000	  0.000000	  0.250000	  0.750000	
  0.250000	  0.000000	  0.000000	  0.750000	
  0.000000	  0.500000	  0.000000	  0.500000	
  0.000000	  0.000000	  0.000000	  1.000000	
  0.500000	  0.000000	  0.000000	  0.500000	
  1.000000	  0.000000	  0.000000	  0.000000	
  0.500000	  0.000000	  0.500000	  0.000000	
  0.750000	  0.000000	  0.000000	  0.250000	
  0.750000	  0.250000	  0.000000	  0.000000	
  0.000000	  0.000000	  1.000000	  0.000000	
  1.000000	  0.000000	  0.000000	  0.000000	
  1.000000	  0.000000	  0.000000	  0.000000	
  0.000000	  1.000000	  0.000000	  0.000000	
  0.500000	  0.000000	  0.500000	  0.000000	

URL http://regprecise.lbl.gov/RegPrecise/regulog.jsp?regulog_id=5473

MOTIF MetR_Ralstonia LysR-family

letter-probability matrix: alength= 4 w= 17 nsites= 12 E= 0
  0.083333	  0.000000	  0.083333	  0.833333	
  0.750000	  0.000000	  0.083333	  0.166667	
  0.000000	  0.000000	  0.000000	  1.000000	
  0.000000	  0.000000	  1.000000	  0.000000	
  1.000000	  0.000000	  0.000000	  0.000000	
  1.000000	  0.000000	  0.000000	  0.000000	
  0.250000	  0.000000	  0.000000	  0.750000	
  0.000000	  0.166667	  0.250000	  0.583333	
  0.333333	  0.166667	  0.166667	  0.333333	
  0.583333	  0.250000	  0.166667	  0.000000	
  0.750000	  0.000000	  0.000000	  0.250000	
  0.000000	  0.000000	  0.000000	  1.000000	
  0.000000	  0.000000	  0.000000	  1.000000	
  0.000000	  1.000000	  0.000000	  0.000000	
  1.000000	  0.000000	  0.000000	  0.000000	
  0.166667	  0.083333	  0.000000	  0.750000	
  0.833333	  0.083333	  0.000000	  0.083333	

URL http://regprecise.lbl.gov/RegPrecise/regulog.jsp?regulog_id=5781

MOTIF MetR_Vibrionales LysR-family

letter-probability matrix: alength= 4 w= 15 nsites= 57 E= 0
  0.789474	  0.000000	  0.035088	  0.175439	
  0.000000	  0.000000	  0.000000	  1.000000	
  0.000000	  0.017544	  0.859649	  0.122807	
  0.912281	  0.070175	  0.017544	  0.000000	
  0.824561	  0.000000	  0.157895	  0.017544	
  0.526316	  0.017544	  0.070175	  0.385965	
  0.666667	  0.000000	  0.017544	  0.315789	
  0.473684	  0.017544	  0.035088	  0.473684	
  0.526316	  0.157895	  0.017544	  0.298246	
  0.473684	  0.228070	  0.000000	  0.298246	
  0.017544	  0.105263	  0.000000	  0.877193	
  0.000000	  0.017544	  0.192982	  0.789474	
  0.122807	  0.824561	  0.035088	  0.017544	
  1.000000	  0.000000	  0.000000	  0.000000	
  0.122807	  0.017544	  0.000000	  0.859649	

URL http://regprecise.lbl.gov/RegPrecise/regulog.jsp?regulog_id=5782

MOTIF MetR_Pasteurellales LysR-family

letter-probability matrix: alength= 4 w= 15 nsites= 40 E= 0
  0.925000	  0.025000	  0.025000	  0.025000	
  0.000000	  0.025000	  0.000000	  0.975000	
  0.100000	  0.000000	  0.575000	  0.325000	
  1.000000	  0.000000	  0.000000	  0.000000	
  0.925000	  0.025000	  0.000000	  0.050000	
  0.300000	  0.000000	  0.000000	  0.700000	
  0.400000	  0.100000	  0.000000	  0.500000	
  0.400000	  0.075000	  0.075000	  0.450000	
  0.350000	  0.000000	  0.075000	  0.575000	
  0.425000	  0.000000	  0.000000	  0.575000	
  0.050000	  0.025000	  0.000000	  0.925000	
  0.025000	  0.000000	  0.000000	  0.975000	
  0.200000	  0.800000	  0.000000	  0.000000	
  1.000000	  0.000000	  0.000000	  0.000000	
  0.000000	  0.000000	  0.000000	  1.000000	

URL http://regprecise.lbl.gov/RegPrecise/regulog.jsp?regulog_id=5783

MOTIF MetR_Alteromonadales LysR-family

letter-probability matrix: alength= 4 w= 17 nsites= 15 E= 0
  0.266667	  0.266667	  0.200000	  0.266667	
  0.533333	  0.000000	  0.266667	  0.200000	
  0.000000	  0.000000	  0.000000	  1.000000	
  0.000000	  0.000000	  1.000000	  0.000000	
  1.000000	  0.000000	  0.000000	  0.000000	
  0.800000	  0.000000	  0.200000	  0.000000	
  0.866667	  0.000000	  0.000000	  0.133333	
  0.666667	  0.000000	  0.000000	  0.333333	
  0.666667	  0.000000	  0.000000	  0.333333	
  0.466667	  0.200000	  0.066667	  0.266667	
  0.533333	  0.000000	  0.000000	  0.466667	
  0.000000	  0.000000	  0.000000	  1.000000	
  0.000000	  0.000000	  0.000000	  1.000000	
  0.333333	  0.666667	  0.000000	  0.000000	
  1.000000	  0.000000	  0.000000	  0.000000	
  0.466667	  0.200000	  0.000000	  0.333333	
  0.066667	  0.066667	  0.266667	  0.600000	

URL http://regprecise.lbl.gov/RegPrecise/regulog.jsp?regulog_id=5784

MOTIF MetR_Psychromonadaceae/Aeromonadales LysR-family

letter-probability matrix: alength= 4 w= 17 nsites= 13 E= 0
  0.153846	  0.307692	  0.230769	  0.307692	
  0.461538	  0.000000	  0.000000	  0.538462	
  0.000000	  0.000000	  0.000000	  1.000000	
  0.000000	  0.076923	  0.923077	  0.000000	
  0.923077	  0.076923	  0.000000	  0.000000	
  1.000000	  0.000000	  0.000000	  0.000000	
  0.230769	  0.000000	  0.153846	  0.615385	
  0.307692	  0.153846	  0.153846	  0.384615	
  0.230769	  0.153846	  0.230769	  0.384615	
  0.307692	  0.076923	  0.153846	  0.461538	
  0.461538	  0.230769	  0.000000	  0.307692	
  0.000000	  0.076923	  0.000000	  0.923077	
  0.076923	  0.000000	  0.076923	  0.846154	
  0.000000	  0.923077	  0.076923	  0.000000	
  1.000000	  0.000000	  0.000000	  0.000000	
  0.538462	  0.000000	  0.000000	  0.461538	
  0.076923	  0.230769	  0.538462	  0.153846	

URL http://regprecise.lbl.gov/RegPrecise/regulog.jsp?regulog_id=5785

MOTIF MetR_Xanthomonadales LysR-family

letter-probability matrix: alength= 4 w= 15 nsites= 6 E= 0
  1.000000	  0.000000	  0.000000	  0.000000	
  0.000000	  0.000000	  0.000000	  1.000000	
  0.000000	  0.000000	  1.000000	  0.000000	
  1.000000	  0.000000	  0.000000	  0.000000	
  0.500000	  0.000000	  0.166667	  0.333333	
  0.000000	  0.500000	  0.000000	  0.500000	
  0.166667	  0.500000	  0.000000	  0.333333	
  0.000000	  0.500000	  0.500000	  0.000000	
  0.333333	  0.000000	  0.500000	  0.166667	
  0.500000	  0.000000	  0.500000	  0.000000	
  0.333333	  0.166667	  0.000000	  0.500000	
  0.000000	  0.000000	  0.000000	  1.000000	
  0.000000	  1.000000	  0.000000	  0.000000	
  1.000000	  0.000000	  0.000000	  0.000000	
  0.000000	  0.000000	  0.000000	  1.000000	

URL http://regprecise.lbl.gov/RegPrecise/regulog.jsp?regulog_id=5789

MOTIF MetR_Burkholderia LysR-family

letter-probability matrix: alength= 4 w= 15 nsites= 18 E= 0
  0.833333	  0.055556	  0.000000	  0.111111	
  0.000000	  0.000000	  0.000000	  1.000000	
  0.000000	  0.000000	  1.000000	  0.000000	
  0.722222	  0.000000	  0.277778	  0.000000	
  0.777778	  0.166667	  0.055556	  0.000000	
  0.666667	  0.000000	  0.000000	  0.333333	
  0.277778	  0.000000	  0.000000	  0.722222	
  0.388889	  0.055556	  0.055556	  0.500000	
  0.666667	  0.000000	  0.000000	  0.333333	
  0.388889	  0.000000	  0.000000	  0.611111	
  0.000000	  0.055556	  0.166667	  0.777778	
  0.000000	  0.277778	  0.000000	  0.722222	
  0.000000	  1.000000	  0.000000	  0.000000	
  1.000000	  0.000000	  0.000000	  0.000000	
  0.111111	  0.055556	  0.055556	  0.777778	

URL http://regprecise.lbl.gov/RegPrecise/regulog.jsp?regulog_id=5790

MOTIF MetR_Various_betaproteobacteria LysR-family

letter-probability matrix: alength= 4 w= 15 nsites= 19 E= 0
  0.947368	  0.000000	  0.000000	  0.052632	
  0.000000	  0.000000	  0.000000	  1.000000	
  0.000000	  0.000000	  0.894737	  0.105263	
  0.947368	  0.000000	  0.052632	  0.000000	
  0.736842	  0.000000	  0.157895	  0.105263	
  0.210526	  0.000000	  0.000000	  0.789474	
  0.368421	  0.052632	  0.052632	  0.526316	
  0.526316	  0.000000	  0.000000	  0.473684	
  0.421053	  0.052632	  0.105263	  0.421053	
  0.789474	  0.000000	  0.000000	  0.210526	
  0.105263	  0.157895	  0.000000	  0.736842	
  0.000000	  0.052632	  0.000000	  0.947368	
  0.105263	  0.894737	  0.000000	  0.000000	
  1.000000	  0.000000	  0.000000	  0.000000	
  0.000000	  0.000000	  0.000000	  1.000000	

URL http://regprecise.lbl.gov/RegPrecise/regulog.jsp?regulog_id=5792

MOTIF MetR_Rhodobacterales LysR-family

letter-probability matrix: alength= 4 w= 15 nsites= 30 E= 0
  0.566667	  0.000000	  0.400000	  0.033333	
  0.000000	  0.000000	  0.000000	  1.000000	
  0.000000	  0.000000	  0.966667	  0.033333	
  1.000000	  0.000000	  0.000000	  0.000000	
  0.533333	  0.000000	  0.466667	  0.000000	
  0.466667	  0.066667	  0.133333	  0.333333	
  0.033333	  0.500000	  0.033333	  0.433333	
  0.533333	  0.000000	  0.000000	  0.466667	
  0.433333	  0.033333	  0.500000	  0.033333	
  0.366667	  0.133333	  0.066667	  0.433333	
  0.000000	  0.466667	  0.000000	  0.533333	
  0.000000	  0.000000	  0.066667	  0.933333	
  0.033333	  0.966667	  0.000000	  0.000000	
  1.000000	  0.000000	  0.000000	  0.000000	
  0.033333	  0.333333	  0.000000	  0.633333	

URL http://regprecise.lbl.gov/RegPrecise/regulog.jsp?regulog_id=5794

MOTIF GcvA_Shewanellaceae LysR-family

letter-probability matrix: alength= 4 w= 15 nsites= 108 E= 0
  0.953704	  0.009259	  0.000000	  0.037037	
  0.000000	  0.000000	  0.000000	  1.000000	
  0.055556	  0.064815	  0.138889	  0.740741	
  0.990741	  0.000000	  0.000000	  0.009259	
  0.194444	  0.000000	  0.759259	  0.046296	
  0.592593	  0.092593	  0.000000	  0.314815	
  0.611111	  0.000000	  0.000000	  0.388889	
  0.601852	  0.000000	  0.000000	  0.398148	
  0.768519	  0.000000	  0.009259	  0.222222	
  0.546296	  0.000000	  0.018519	  0.435185	
  0.074074	  0.833333	  0.037037	  0.055556	
  0.000000	  0.000000	  0.000000	  1.000000	
  0.898148	  0.064815	  0.000000	  0.037037	
  0.990741	  0.000000	  0.000000	  0.009259	
  0.009259	  0.000000	  0.000000	  0.990741	

URL http://regprecise.lbl.gov/RegPrecise/regulog.jsp?regulog_id=588

MOTIF HmgQ_Shewanellaceae LysR-family

letter-probability matrix: alength= 4 w= 15 nsites= 33 E= 0
  1.000000	  0.000000	  0.000000	  0.000000	
  0.030303	  0.000000	  0.000000	  0.969697	
  0.000000	  1.000000	  0.000000	  0.000000	
  0.151515	  0.000000	  0.060606	  0.787879	
  0.969697	  0.000000	  0.000000	  0.030303	
  0.818182	  0.000000	  0.000000	  0.181818	
  0.545455	  0.000000	  0.000000	  0.454545	
  0.515152	  0.000000	  0.000000	  0.484848	
  0.454545	  0.000000	  0.000000	  0.545455	
  0.181818	  0.000000	  0.000000	  0.818182	
  0.030303	  0.000000	  0.000000	  0.969697	
  0.818182	  0.060606	  0.000000	  0.121212	
  0.000000	  0.000000	  1.000000	  0.000000	
  0.969697	  0.000000	  0.000000	  0.030303	
  0.000000	  0.000000	  0.000000	  1.000000	

URL http://regprecise.lbl.gov/RegPrecise/regulog.jsp?regulog_id=592

MOTIF LldR_Shewanellaceae LysR-family

letter-probability matrix: alength= 4 w= 21 nsites= 14 E= 0
  0.000000	  0.000000	  0.000000	  1.000000	
  0.928571	  0.000000	  0.000000	  0.071429	
  0.928571	  0.071429	  0.000000	  0.000000	
  0.928571	  0.000000	  0.000000	  0.071429	
  0.071429	  0.000000	  0.000000	  0.928571	
  0.071429	  0.000000	  0.000000	  0.928571	
  1.000000	  0.000000	  0.000000	  0.000000	
  0.000000	  0.000000	  0.928571	  0.071429	
  0.000000	  0.642857	  0.285714	  0.071429	
  0.642857	  0.000000	  0.357143	  0.000000	
  0.000000	  1.000000	  0.000000	  0.000000	
  0.000000	  0.071429	  0.000000	  0.928571	
  1.000000	  0.000000	  0.000000	  0.000000	
  0.000000	  1.000000	  0.000000	  0.000000	
  0.071429	  0.000000	  0.000000	  0.928571	
  0.071429	  0.000000	  0.000000	  0.928571	
  0.642857	  0.000000	  0.000000	  0.357143	
  0.000000	  0.000000	  0.000000	  1.000000	
  0.000000	  0.000000	  0.000000	  1.000000	
  0.428571	  0.071429	  0.000000	  0.500000	
  0.357143	  0.357143	  0.000000	  0.285714	

URL http://regprecise.lbl.gov/RegPrecise/regulog.jsp?regulog_id=598

MOTIF NhaR_Shewanellaceae LysR-family

letter-probability matrix: alength= 4 w= 17 nsites= 33 E= 0
