MEME version 4

ALPHABET= ACGT

strands: + -

Background letter frequencies (from uniform background):
A 0.25000 C 0.25000 G 0.25000 T 0.25000 

MOTIF Rex1_Thermotogales Rex-family

letter-probability matrix: alength= 4 w= 18 nsites= 10 E= 0
  0.000000	  0.000000	  0.000000	  1.000000	
  0.000000	  0.400000	  0.000000	  0.600000	
  0.000000	  0.000000	  1.000000	  0.000000	
  0.000000	  0.000000	  0.000000	  1.000000	
  0.000000	  0.000000	  1.000000	  0.000000	
  1.000000	  0.000000	  0.000000	  0.000000	
  1.000000	  0.000000	  0.000000	  0.000000	
  0.500000	  0.000000	  0.400000	  0.100000	
  0.400000	  0.000000	  0.000000	  0.600000	
  0.800000	  0.100000	  0.000000	  0.100000	
  0.500000	  0.000000	  0.400000	  0.100000	
  0.400000	  0.000000	  0.500000	  0.100000	
  0.000000	  0.000000	  0.000000	  1.000000	
  1.000000	  0.000000	  0.000000	  0.000000	
  1.000000	  0.000000	  0.000000	  0.000000	
  0.000000	  1.000000	  0.000000	  0.000000	
  0.500000	  0.000000	  0.500000	  0.000000	
  0.700000	  0.000000	  0.000000	  0.300000	

URL http://regprecise.lbl.gov/RegPrecise/regulog.jsp?regulog_id=1413

MOTIF Rex_Chloroflexia Rex-family

letter-probability matrix: alength= 4 w= 18 nsites= 49 E= 0
  0.122449	  0.102041	  0.020408	  0.755102	
  0.061224	  0.204082	  0.000000	  0.734694	
  0.000000	  0.000000	  1.000000	  0.000000	
  0.020408	  0.040816	  0.000000	  0.938776	
  0.020408	  0.020408	  0.836735	  0.122449	
  0.632653	  0.285714	  0.081633	  0.000000	
  0.387755	  0.081633	  0.020408	  0.510204	
  0.510204	  0.040816	  0.326531	  0.122449	
  0.142857	  0.142857	  0.183673	  0.530612	
  0.591837	  0.061224	  0.061224	  0.285714	
  0.040816	  0.244898	  0.040816	  0.673469	
  0.306122	  0.020408	  0.102041	  0.571429	
  0.040816	  0.040816	  0.061224	  0.857143	
  0.061224	  0.897959	  0.000000	  0.040816	
  0.857143	  0.020408	  0.040816	  0.081633	
  0.000000	  0.979592	  0.000000	  0.020408	
  0.673469	  0.061224	  0.204082	  0.061224	
  0.693878	  0.020408	  0.040816	  0.244898	

URL http://regprecise.lbl.gov/RegPrecise/regulog.jsp?regulog_id=3029

MOTIF Rex_Desulfovibrionales Rex-family

letter-probability matrix: alength= 4 w= 20 nsites= 106 E= 0
  0.207547	  0.264151	  0.037736	  0.490566	
  0.075472	  0.018868	  0.037736	  0.867925	
  0.028302	  0.160377	  0.009434	  0.801887	
  0.018868	  0.000000	  0.971698	  0.009434	
  0.113208	  0.066038	  0.084906	  0.735849	
  0.075472	  0.056604	  0.632075	  0.235849	
  0.735849	  0.245283	  0.000000	  0.018868	
  0.669811	  0.056604	  0.028302	  0.245283	
  0.716981	  0.028302	  0.018868	  0.235849	
  0.377358	  0.028302	  0.075472	  0.518868	
  0.481132	  0.037736	  0.037736	  0.443396	
  0.367925	  0.037736	  0.084906	  0.509434	
  0.254717	  0.037736	  0.113208	  0.594340	
  0.047170	  0.000000	  0.292453	  0.660377	
  0.094340	  0.830189	  0.018868	  0.056604	
  0.886792	  0.028302	  0.047170	  0.037736	
  0.009434	  0.915094	  0.000000	  0.075472	
  0.669811	  0.066038	  0.150943	  0.113208	
  0.783019	  0.009434	  0.047170	  0.160377	
  0.377358	  0.066038	  0.358491	  0.198113	

URL http://regprecise.lbl.gov/RegPrecise/regulog.jsp?regulog_id=3059

MOTIF Rex_Actinomycetales Rex-family

letter-probability matrix: alength= 4 w= 18 nsites= 88 E= 0
  0.159091	  0.056818	  0.000000	  0.784091	
  0.079545	  0.272727	  0.000000	  0.647727	
  0.000000	  0.000000	  1.000000	  0.000000	
  0.000000	  0.034091	  0.000000	  0.965909	
  0.000000	  0.000000	  0.988636	  0.011364	
  0.750000	  0.170455	  0.068182	  0.011364	
  0.647727	  0.136364	  0.068182	  0.147727	
  0.329545	  0.272727	  0.181818	  0.215909	
  0.181818	  0.170455	  0.511364	  0.136364	
  0.159091	  0.420455	  0.227273	  0.193182	
  0.250000	  0.147727	  0.363636	  0.238636	
  0.022727	  0.090909	  0.079545	  0.806818	
  0.011364	  0.000000	  0.102273	  0.886364	
  0.000000	  1.000000	  0.000000	  0.000000	
  0.988636	  0.000000	  0.011364	  0.000000	
  0.000000	  1.000000	  0.000000	  0.000000	
  0.806818	  0.022727	  0.147727	  0.022727	
  0.795455	  0.022727	  0.000000	  0.181818	

URL http://regprecise.lbl.gov/RegPrecise/regulog.jsp?regulog_id=3112

MOTIF Rex_Deinococcus-Thermus Rex-family

letter-probability matrix: alength= 4 w= 18 nsites= 10 E= 0
  0.100000	  0.000000	  0.100000	  0.800000	
  0.000000	  1.000000	  0.000000	  0.000000	
  0.000000	  0.000000	  1.000000	  0.000000	
  0.000000	  0.000000	  0.000000	  1.000000	
  0.000000	  0.000000	  1.000000	  0.000000	
  0.700000	  0.300000	  0.000000	  0.000000	
  0.500000	  0.100000	  0.200000	  0.200000	
  0.000000	  0.000000	  0.300000	  0.700000	
  0.300000	  0.100000	  0.000000	  0.600000	
  0.100000	  0.500000	  0.100000	  0.300000	
  0.200000	  0.100000	  0.200000	  0.500000	
  0.000000	  0.100000	  0.200000	  0.700000	
  0.000000	  0.000000	  0.200000	  0.800000	
  0.000000	  1.000000	  0.000000	  0.000000	
  1.000000	  0.000000	  0.000000	  0.000000	
  0.000000	  1.000000	  0.000000	  0.000000	
  0.400000	  0.000000	  0.600000	  0.000000	
  0.600000	  0.000000	  0.300000	  0.100000	

URL http://regprecise.lbl.gov/RegPrecise/regulog.jsp?regulog_id=3115

MOTIF Rex_Thermoanaerobacterales Rex-family

letter-probability matrix: alength= 4 w= 18 nsites= 42 E= 0
  0.238095	  0.023810	  0.000000	  0.738095	
  0.000000	  0.000000	  0.000000	  1.000000	
  0.000000	  0.000000	  1.000000	  0.000000	
  0.428571	  0.023810	  0.047619	  0.500000	
  0.047619	  0.166667	  0.000000	  0.785714	
  0.880952	  0.000000	  0.047619	  0.071429	
  0.761905	  0.000000	  0.000000	  0.238095	
  0.714286	  0.047619	  0.023810	  0.214286	
  0.714286	  0.000000	  0.000000	  0.285714	
  0.523810	  0.000000	  0.023810	  0.452381	
  0.547619	  0.000000	  0.000000	  0.452381	
  0.261905	  0.047619	  0.000000	  0.690476	
  0.071429	  0.000000	  0.000000	  0.928571	
  0.761905	  0.000000	  0.142857	  0.095238	
  0.833333	  0.000000	  0.000000	  0.166667	
  0.000000	  0.928571	  0.000000	  0.071429	
  0.833333	  0.000000	  0.071429	  0.095238	
  0.833333	  0.023810	  0.023810	  0.119048	

URL http://regprecise.lbl.gov/RegPrecise/regulog.jsp?regulog_id=3958

MOTIF Rex_Clostridia-1 Rex-family

letter-probability matrix: alength= 4 w= 18 nsites= 83 E= 0
  0.265060	  0.024096	  0.048193	  0.662651	
  0.192771	  0.012048	  0.000000	  0.795181	
  0.012048	  0.000000	  0.987952	  0.000000	
  0.301205	  0.000000	  0.000000	  0.698795	
  0.024096	  0.084337	  0.072289	  0.819277	
  0.903614	  0.000000	  0.000000	  0.096386	
  0.686747	  0.036145	  0.060241	  0.216867	
  0.698795	  0.000000	  0.012048	  0.289157	
  0.626506	  0.012048	  0.000000	  0.361446	
  0.686747	  0.000000	  0.012048	  0.301205	
  0.493976	  0.000000	  0.012048	  0.493976	
  0.216867	  0.012048	  0.024096	  0.746988	
  0.012048	  0.012048	  0.012048	  0.963855	
  0.951807	  0.024096	  0.012048	  0.012048	
  0.879518	  0.012048	  0.012048	  0.096386	
  0.000000	  0.987952	  0.000000	  0.012048	
  0.903614	  0.000000	  0.024096	  0.072289	
  0.867470	  0.000000	  0.000000	  0.132530	

URL http://regprecise.lbl.gov/RegPrecise/regulog.jsp?regulog_id=4767

MOTIF Rex_Clostridia-2 Rex-family

letter-probability matrix: alength= 4 w= 18 nsites= 34 E= 0
  0.529412	  0.000000	  0.000000	  0.470588	
  0.117647	  0.029412	  0.029412	  0.823529	
  0.058824	  0.000000	  0.882353	  0.058824	
  0.323529	  0.000000	  0.029412	  0.647059	
  0.000000	  0.000000	  0.000000	  1.000000	
  0.941176	  0.000000	  0.000000	  0.058824	
  0.735294	  0.000000	  0.000000	  0.264706	
  0.647059	  0.000000	  0.058824	  0.294118	
  0.705882	  0.029412	  0.000000	  0.264706	
  0.764706	  0.000000	  0.000000	  0.235294	
  0.794118	  0.000000	  0.000000	  0.205882	
  0.529412	  0.000000	  0.029412	  0.441176	
  0.176471	  0.000000	  0.000000	  0.823529	
  0.911765	  0.029412	  0.029412	  0.029412	
  0.823529	  0.000000	  0.000000	  0.176471	
  0.117647	  0.764706	  0.000000	  0.117647	
  0.735294	  0.029412	  0.058824	  0.176471	
  0.764706	  0.000000	  0.000000	  0.235294	

URL http://regprecise.lbl.gov/RegPrecise/regulog.jsp?regulog_id=4791

MOTIF Rex_Micrococcineae Rex-family

letter-probability matrix: alength= 4 w= 18 nsites= 25 E= 0
  0.160000	  0.040000	  0.000000	  0.800000	
  0.240000	  0.240000	  0.000000	  0.520000	
  0.000000	  0.000000	  1.000000	  0.000000	
  0.000000	  0.000000	  0.000000	  1.000000	
  0.040000	  0.040000	  0.920000	  0.000000	
  0.920000	  0.040000	  0.040000	  0.000000	
  0.480000	  0.120000	  0.200000	  0.200000	
  0.160000	  0.160000	  0.280000	  0.400000	
  0.520000	  0.120000	  0.200000	  0.160000	
  0.120000	  0.080000	  0.120000	  0.680000	
  0.120000	  0.160000	  0.120000	  0.600000	
  0.000000	  0.040000	  0.360000	  0.600000	
  0.080000	  0.080000	  0.040000	  0.800000	
  0.000000	  1.000000	  0.000000	  0.000000	
  1.000000	  0.000000	  0.000000	  0.000000	
  0.000000	  1.000000	  0.000000	  0.000000	
  0.960000	  0.000000	  0.000000	  0.040000	
  0.760000	  0.040000	  0.120000	  0.080000	

URL http://regprecise.lbl.gov/RegPrecise/regulog.jsp?regulog_id=6443

MOTIF Rex_Nocardiaceae Rex-family

letter-probability matrix: alength= 4 w= 18 nsites= 22 E= 0
  0.000000	  0.227273	  0.000000	  0.772727	
  0.000000	  0.181818	  0.000000	  0.818182	
  0.000000	  0.000000	  1.000000	  0.000000	
  0.000000	  0.000000	  0.000000	  1.000000	
  0.000000	  0.000000	  1.000000	  0.000000	
  0.590909	  0.181818	  0.227273	  0.000000	
  0.363636	  0.454545	  0.090909	  0.090909	
  0.454545	  0.090909	  0.136364	  0.318182	
  0.000000	  0.000000	  0.818182	  0.181818	
  0.181818	  0.318182	  0.318182	  0.181818	
  0.318182	  0.181818	  0.318182	  0.181818	
  0.090909	  0.090909	  0.363636	  0.454545	
  0.000000	  0.000000	  0.000000	  1.000000	
  0.000000	  1.000000	  0.000000	  0.000000	
  1.000000	  0.000000	  0.000000	  0.000000	
  0.000000	  1.000000	  0.000000	  0.000000	
  0.954545	  0.000000	  0.045455	  0.000000	
  0.909091	  0.000000	  0.090909	  0.000000	

URL http://regprecise.lbl.gov/RegPrecise/regulog.jsp?regulog_id=6466

MOTIF Rex_Staphylococcaceae Rex-family

letter-probability matrix: alength= 4 w= 18 nsites= 74 E= 0
  0.324324	  0.013514	  0.000000	  0.662162	
  0.040541	  0.000000	  0.000000	  0.959459	
  0.000000	  0.000000	  1.000000	  0.000000	
  0.054054	  0.027027	  0.000000	  0.918919	
  0.013514	  0.000000	  0.864865	  0.121622	
  0.945946	  0.054054	  0.000000	  0.000000	
  0.837838	  0.000000	  0.000000	  0.162162	
  0.554054	  0.027027	  0.000000	  0.418919	
  0.432432	  0.040541	  0.040541	  0.486486	
  0.391892	  0.054054	  0.054054	  0.500000	
  0.527027	  0.054054	  0.027027	  0.391892	
  0.378378	  0.000000	  0.000000	  0.621622	
  0.013514	  0.000000	  0.054054	  0.932432	
  0.013514	  0.905405	  0.000000	  0.081081	
  1.000000	  0.000000	  0.000000	  0.000000	
  0.000000	  0.972973	  0.000000	  0.027027	
  0.945946	  0.000000	  0.027027	  0.027027	
  0.729730	  0.013514	  0.000000	  0.256757	

URL http://regprecise.lbl.gov/RegPrecise/regulog.jsp?regulog_id=695

MOTIF Rex_Thermotogales Rex-family

letter-probability matrix: alength= 4 w= 18 nsites= 114 E= 0
  0.245614	  0.026316	  0.061404	  0.666667	
  0.289474	  0.157895	  0.000000	  0.552632	
  0.000000	  0.000000	  1.000000	  0.000000	
  0.192982	  0.000000	  0.000000	  0.807018	
  0.061404	  0.000000	  0.614035	  0.324561	
  0.991228	  0.008772	  0.000000	  0.000000	
  0.736842	  0.000000	  0.008772	  0.254386	
  0.780702	  0.026316	  0.026316	  0.166667	
  0.622807	  0.000000	  0.000000	  0.377193	
  0.508772	  0.017544	  0.000000	  0.473684	
  0.403509	  0.035088	  0.008772	  0.552632	
  0.359649	  0.000000	  0.043860	  0.596491	
  0.017544	  0.000000	  0.008772	  0.973684	
  0.350877	  0.543860	  0.070175	  0.035088	
  0.815789	  0.035088	  0.000000	  0.149123	
  0.000000	  1.000000	  0.000000	  0.000000	
  0.578947	  0.000000	  0.324561	  0.096491	
  0.736842	  0.000000	  0.070175	  0.192982	

URL http://regprecise.lbl.gov/RegPrecise/regulog.jsp?regulog_id=758

MOTIF Rex_Bacillales Rex-family

letter-probability matrix: alength= 4 w= 20 nsites= 64 E= 0
  0.343750	  0.062500	  0.000000	  0.593750	
  0.250000	  0.000000	  0.015625	  0.734375	
  0.031250	  0.031250	  0.000000	  0.937500	
  0.000000	  0.000000	  1.000000	  0.000000	
  0.015625	  0.078125	  0.000000	  0.906250	
  0.000000	  0.000000	  0.796875	  0.203125	
  0.750000	  0.234375	  0.000000	  0.015625	
  0.968750	  0.000000	  0.000000	  0.031250	
  0.562500	  0.046875	  0.140625	  0.250000	
  0.218750	  0.187500	  0.046875	  0.546875	
  0.703125	  0.000000	  0.171875	  0.125000	
  0.265625	  0.140625	  0.078125	  0.515625	
  0.062500	  0.031250	  0.015625	  0.890625	
  0.000000	  0.000000	  0.296875	  0.703125	
  0.187500	  0.750000	  0.000000	  0.062500	
  0.859375	  0.000000	  0.109375	  0.031250	
  0.000000	  0.984375	  0.000000	  0.015625	
  0.984375	  0.000000	  0.000000	  0.015625	
  0.890625	  0.015625	  0.015625	  0.078125	
  0.625000	  0.015625	  0.031250	  0.328125	

URL http://regprecise.lbl.gov/RegPrecise/regulog.jsp?regulog_id=785


