MEME version 4

ALPHABET= ACGT

strands: + -

Background letter frequencies (from uniform background):
A 0.25000 C 0.25000 G 0.25000 T 0.25000 

MOTIF IscR_Ralstonia Rrf2-family

letter-probability matrix: alength= 4 w= 25 nsites= 12 E= 0
  0.500000	  0.000000	  0.333333	  0.166667	
  0.000000	  0.000000	  0.000000	  1.000000	
  1.000000	  0.000000	  0.000000	  0.000000	
  0.000000	  0.583333	  0.416667	  0.000000	
  0.000000	  0.000000	  0.000000	  1.000000	
  0.000000	  0.083333	  0.000000	  0.916667	
  0.000000	  0.000000	  1.000000	  0.000000	
  1.000000	  0.000000	  0.000000	  0.000000	
  0.000000	  0.833333	  0.166667	  0.000000	
  0.000000	  0.333333	  0.250000	  0.416667	
  0.166667	  0.000000	  0.833333	  0.000000	
  1.000000	  0.000000	  0.000000	  0.000000	
  0.750000	  0.000000	  0.000000	  0.250000	
  0.583333	  0.000000	  0.000000	  0.416667	
  0.000000	  0.416667	  0.000000	  0.583333	
  0.333333	  0.083333	  0.416667	  0.166667	
  0.416667	  0.083333	  0.500000	  0.000000	
  0.000000	  0.000000	  0.000000	  1.000000	
  0.000000	  1.000000	  0.000000	  0.000000	
  0.500000	  0.000000	  0.500000	  0.000000	
  0.333333	  0.000000	  0.666667	  0.000000	
  0.083333	  0.000000	  0.916667	  0.000000	
  0.083333	  0.000000	  0.000000	  0.916667	
  0.833333	  0.000000	  0.000000	  0.166667	
  0.083333	  0.416667	  0.000000	  0.500000	

URL http://regprecise.lbl.gov/RegPrecise/regulog.jsp?regulog_id=1083

MOTIF IscR_Enterobacteriales Rrf2-family

letter-probability matrix: alength= 4 w= 25 nsites= 45 E= 0
  0.977778	  0.000000	  0.022222	  0.000000	
  0.022222	  0.000000	  0.000000	  0.977778	
  1.000000	  0.000000	  0.000000	  0.000000	
  0.244444	  0.444444	  0.311111	  0.000000	
  0.000000	  0.422222	  0.000000	  0.577778	
  0.000000	  0.288889	  0.000000	  0.711111	
  0.155556	  0.022222	  0.800000	  0.022222	
  1.000000	  0.000000	  0.000000	  0.000000	
  0.200000	  0.577778	  0.200000	  0.022222	
  0.044444	  0.266667	  0.000000	  0.688889	
  0.644444	  0.000000	  0.355556	  0.000000	
  0.777778	  0.022222	  0.111111	  0.088889	
  0.777778	  0.000000	  0.000000	  0.222222	
  0.377778	  0.022222	  0.111111	  0.488889	
  0.044444	  0.222222	  0.000000	  0.733333	
  1.000000	  0.000000	  0.000000	  0.000000	
  0.022222	  0.533333	  0.444444	  0.000000	
  0.000000	  0.133333	  0.000000	  0.866667	
  0.222222	  0.777778	  0.000000	  0.000000	
  0.577778	  0.000000	  0.422222	  0.000000	
  0.400000	  0.000000	  0.600000	  0.000000	
  0.044444	  0.266667	  0.577778	  0.111111	
  0.266667	  0.000000	  0.000000	  0.733333	
  1.000000	  0.000000	  0.000000	  0.000000	
  0.266667	  0.000000	  0.000000	  0.733333	

URL http://regprecise.lbl.gov/RegPrecise/regulog.jsp?regulog_id=1133

MOTIF NsrR_Enterobacteriales Rrf2-family

letter-probability matrix: alength= 4 w= 19 nsites= 73 E= 0
  0.219178	  0.191781	  0.534247	  0.054795	
  0.616438	  0.013699	  0.082192	  0.287671	
  0.068493	  0.013699	  0.164384	  0.753425	
  0.068493	  0.013699	  0.835616	  0.082192	
  0.013699	  0.575342	  0.000000	  0.410959	
  0.958904	  0.013699	  0.000000	  0.027397	
  0.041096	  0.013699	  0.027397	  0.917808	
  0.246575	  0.027397	  0.013699	  0.712329	
  0.164384	  0.027397	  0.000000	  0.808219	
  0.479452	  0.095890	  0.095890	  0.328767	
  0.849315	  0.082192	  0.027397	  0.041096	
  0.808219	  0.054795	  0.027397	  0.109589	
  0.945205	  0.000000	  0.013699	  0.041096	
  0.027397	  0.013699	  0.000000	  0.958904	
  0.630137	  0.000000	  0.356164	  0.013699	
  0.013699	  0.767123	  0.027397	  0.191781	
  0.931507	  0.027397	  0.000000	  0.041096	
  0.356164	  0.205479	  0.027397	  0.410959	
  0.027397	  0.616438	  0.109589	  0.246575	

URL http://regprecise.lbl.gov/RegPrecise/regulog.jsp?regulog_id=1138

MOTIF CymR_Bacillales Rrf2-family

letter-probability matrix: alength= 4 w= 27 nsites= 65 E= 0
  0.153846	  0.107692	  0.015385	  0.723077	
  0.861538	  0.000000	  0.000000	  0.138462	
  0.923077	  0.000000	  0.000000	  0.076923	
  0.492308	  0.000000	  0.000000	  0.507692	
  0.384615	  0.061538	  0.061538	  0.492308	
  0.030769	  0.923077	  0.000000	  0.046154	
  0.261538	  0.600000	  0.030769	  0.107692	
  0.230769	  0.076923	  0.169231	  0.523077	
  1.000000	  0.000000	  0.000000	  0.000000	
  0.000000	  0.215385	  0.230769	  0.553846	
  0.261538	  0.046154	  0.030769	  0.661538	
  0.615385	  0.015385	  0.076923	  0.292308	
  0.553846	  0.000000	  0.292308	  0.153846	
  0.723077	  0.030769	  0.046154	  0.200000	
  0.184615	  0.415385	  0.000000	  0.400000	
  0.292308	  0.107692	  0.030769	  0.569231	
  0.553846	  0.076923	  0.107692	  0.261538	
  0.569231	  0.292308	  0.138462	  0.000000	
  0.015385	  0.000000	  0.015385	  0.969231	
  0.446154	  0.338462	  0.076923	  0.138462	
  0.138462	  0.015385	  0.707692	  0.138462	
  0.000000	  0.000000	  1.000000	  0.000000	
  0.707692	  0.046154	  0.138462	  0.107692	
  0.738462	  0.000000	  0.030769	  0.230769	
  0.184615	  0.000000	  0.000000	  0.815385	
  0.292308	  0.000000	  0.030769	  0.676923	
  0.723077	  0.000000	  0.138462	  0.138462	

URL http://regprecise.lbl.gov/RegPrecise/regulog.jsp?regulog_id=1190

MOTIF NsrR_Bacillales Rrf2-family

letter-probability matrix: alength= 4 w= 27 nsites= 30 E= 0
  0.466667	  0.000000	  0.000000	  0.533333	
  0.900000	  0.000000	  0.000000	  0.100000	
  1.000000	  0.000000	  0.000000	  0.000000	
  1.000000	  0.000000	  0.000000	  0.000000	
  0.066667	  0.166667	  0.566667	  0.200000	
  0.800000	  0.133333	  0.066667	  0.000000	
  0.166667	  0.000000	  0.000000	  0.833333	
  0.233333	  0.000000	  0.666667	  0.100000	
  0.000000	  0.166667	  0.000000	  0.833333	
  1.000000	  0.000000	  0.000000	  0.000000	
  0.033333	  0.033333	  0.000000	  0.933333	
  0.133333	  0.100000	  0.000000	  0.766667	
  0.100000	  0.033333	  0.100000	  0.766667	
  0.366667	  0.066667	  0.066667	  0.500000	
  0.800000	  0.066667	  0.033333	  0.100000	
  0.833333	  0.000000	  0.066667	  0.100000	
  1.000000	  0.000000	  0.000000	  0.000000	
  0.000000	  0.000000	  0.000000	  1.000000	
  0.900000	  0.033333	  0.066667	  0.000000	
  0.033333	  0.600000	  0.000000	  0.366667	
  0.666667	  0.000000	  0.000000	  0.333333	
  0.000000	  0.066667	  0.166667	  0.766667	
  0.200000	  0.533333	  0.200000	  0.066667	
  0.000000	  0.000000	  0.000000	  1.000000	
  0.000000	  0.000000	  0.000000	  1.000000	
  0.066667	  0.000000	  0.000000	  0.933333	
  0.466667	  0.000000	  0.000000	  0.533333	

URL http://regprecise.lbl.gov/RegPrecise/regulog.jsp?regulog_id=1191

MOTIF NsrR_Vibrionales Rrf2-family

letter-probability matrix: alength= 4 w= 19 nsites= 40 E= 0
  0.000000	  0.375000	  0.625000	  0.000000	
  0.575000	  0.000000	  0.100000	  0.325000	
  0.000000	  0.000000	  0.000000	  1.000000	
  0.225000	  0.000000	  0.725000	  0.050000	
  0.000000	  0.375000	  0.000000	  0.625000	
  1.000000	  0.000000	  0.000000	  0.000000	
  0.000000	  0.000000	  0.000000	  1.000000	
  0.125000	  0.175000	  0.000000	  0.700000	
  0.375000	  0.025000	  0.000000	  0.600000	
  0.200000	  0.175000	  0.200000	  0.425000	
  0.625000	  0.000000	  0.000000	  0.375000	
  0.725000	  0.000000	  0.150000	  0.125000	
  1.000000	  0.000000	  0.000000	  0.000000	
  0.000000	  0.025000	  0.000000	  0.975000	
  0.575000	  0.000000	  0.425000	  0.000000	
  0.025000	  0.750000	  0.000000	  0.225000	
  0.975000	  0.000000	  0.025000	  0.000000	
  0.350000	  0.050000	  0.000000	  0.600000	
  0.000000	  0.625000	  0.375000	  0.000000	

URL http://regprecise.lbl.gov/RegPrecise/regulog.jsp?regulog_id=1558

MOTIF NsrR_Oceanospirillales/Alteromonadales Rrf2-family

letter-probability matrix: alength= 4 w= 21 nsites= 8 E= 0
  1.000000	  0.000000	  0.000000	  0.000000	
  0.125000	  0.125000	  0.750000	  0.000000	
  0.875000	  0.125000	  0.000000	  0.000000	
  0.000000	  0.000000	  0.000000	  1.000000	
  0.125000	  0.125000	  0.625000	  0.125000	
  0.000000	  0.625000	  0.000000	  0.375000	
  0.875000	  0.000000	  0.000000	  0.125000	
  0.500000	  0.125000	  0.000000	  0.375000	
  0.625000	  0.000000	  0.000000	  0.375000	
  0.500000	  0.000000	  0.000000	  0.500000	
  0.250000	  0.000000	  0.000000	  0.750000	
  0.750000	  0.000000	  0.000000	  0.250000	
  0.500000	  0.125000	  0.000000	  0.375000	
  0.500000	  0.000000	  0.125000	  0.375000	
  0.125000	  0.000000	  0.000000	  0.875000	
  0.125000	  0.000000	  0.875000	  0.000000	
  0.125000	  0.500000	  0.125000	  0.250000	
  1.000000	  0.000000	  0.000000	  0.000000	
  0.000000	  0.000000	  0.125000	  0.875000	
  0.125000	  0.750000	  0.125000	  0.000000	
  0.125000	  0.000000	  0.000000	  0.875000	

URL http://regprecise.lbl.gov/RegPrecise/regulog.jsp?regulog_id=1562

MOTIF NsrR_Moraxellaceae Rrf2-family

letter-probability matrix: alength= 4 w= 21 nsites= 7 E= 0
  1.000000	  0.000000	  0.000000	  0.000000	
  0.142857	  0.428571	  0.428571	  0.000000	
  1.000000	  0.000000	  0.000000	  0.000000	
  0.000000	  0.000000	  0.000000	  1.000000	
  0.000000	  0.000000	  0.428571	  0.571429	
  0.000000	  0.714286	  0.000000	  0.285714	
  1.000000	  0.000000	  0.000000	  0.000000	
  0.000000	  0.000000	  0.000000	  1.000000	
  0.000000	  0.000000	  0.000000	  1.000000	
  0.142857	  0.000000	  0.142857	  0.714286	
  0.000000	  0.142857	  0.142857	  0.714286	
  0.857143	  0.000000	  0.142857	  0.000000	
  1.000000	  0.000000	  0.000000	  0.000000	
  1.000000	  0.000000	  0.000000	  0.000000	
  0.000000	  0.000000	  0.000000	  1.000000	
  0.571429	  0.000000	  0.428571	  0.000000	
  0.428571	  0.428571	  0.000000	  0.142857	
  1.000000	  0.000000	  0.000000	  0.000000	
  0.000000	  0.000000	  0.000000	  1.000000	
  0.000000	  0.857143	  0.142857	  0.000000	
  0.000000	  0.000000	  0.000000	  1.000000	

URL http://regprecise.lbl.gov/RegPrecise/regulog.jsp?regulog_id=1564

MOTIF NsrR_Ralstonia Rrf2-family

letter-probability matrix: alength= 4 w= 19 nsites= 23 E= 0
  0.043478	  0.478261	  0.434783	  0.043478	
  0.652174	  0.000000	  0.000000	  0.347826	
  0.086957	  0.000000	  0.043478	  0.869565	
  0.000000	  0.000000	  1.000000	  0.000000	
  0.000000	  0.782609	  0.000000	  0.217391	
  0.956522	  0.000000	  0.043478	  0.000000	
  0.043478	  0.000000	  0.000000	  0.956522	
  0.217391	  0.217391	  0.043478	  0.521739	
  0.086957	  0.173913	  0.130435	  0.608696	
  0.260870	  0.086957	  0.173913	  0.478261	
  0.565217	  0.130435	  0.173913	  0.130435	
  0.304348	  0.086957	  0.304348	  0.304348	
  0.869565	  0.043478	  0.000000	  0.086957	
  0.000000	  0.043478	  0.000000	  0.956522	
  0.173913	  0.000000	  0.826087	  0.000000	
  0.000000	  1.000000	  0.000000	  0.000000	
  0.826087	  0.086957	  0.000000	  0.086957	
  0.130435	  0.043478	  0.043478	  0.782609	
  0.043478	  0.521739	  0.434783	  0.000000	

URL http://regprecise.lbl.gov/RegPrecise/regulog.jsp?regulog_id=1566

MOTIF NsrR_Burkholderia Rrf2-family

letter-probability matrix: alength= 4 w= 19 nsites= 23 E= 0
  0.043478	  0.347826	  0.608696	  0.000000	
  0.956522	  0.000000	  0.000000	  0.043478	
  0.043478	  0.000000	  0.000000	  0.956522	
  0.173913	  0.000000	  0.826087	  0.000000	
  0.000000	  0.652174	  0.000000	  0.347826	
  0.782609	  0.000000	  0.130435	  0.086957	
  0.000000	  0.086957	  0.043478	  0.869565	
  0.304348	  0.391304	  0.086957	  0.217391	
  0.304348	  0.217391	  0.347826	  0.130435	
  0.304348	  0.043478	  0.130435	  0.521739	
  0.347826	  0.130435	  0.217391	  0.304348	
  0.391304	  0.043478	  0.130435	  0.434783	
  0.652174	  0.043478	  0.304348	  0.000000	
  0.217391	  0.304348	  0.000000	  0.478261	
  0.130435	  0.043478	  0.826087	  0.000000	
  0.130435	  0.869565	  0.000000	  0.000000	
  1.000000	  0.000000	  0.000000	  0.000000	
  0.086957	  0.000000	  0.000000	  0.913043	
  0.043478	  0.521739	  0.434783	  0.000000	

URL http://regprecise.lbl.gov/RegPrecise/regulog.jsp?regulog_id=1567

MOTIF NsrR_Comamonadaceae Rrf2-family

letter-probability matrix: alength= 4 w= 19 nsites= 15 E= 0
  0.333333	  0.133333	  0.466667	  0.066667	
  0.733333	  0.000000	  0.200000	  0.066667	
  0.000000	  0.000000	  0.000000	  1.000000	
  0.066667	  0.000000	  0.800000	  0.133333	
  0.200000	  0.666667	  0.000000	  0.133333	
  0.933333	  0.066667	  0.000000	  0.000000	
  0.066667	  0.000000	  0.000000	  0.933333	
  0.400000	  0.200000	  0.066667	  0.333333	
  0.200000	  0.000000	  0.000000	  0.800000	
  0.466667	  0.066667	  0.000000	  0.466667	
  0.800000	  0.000000	  0.000000	  0.200000	
  0.400000	  0.000000	  0.000000	  0.600000	
  0.933333	  0.000000	  0.000000	  0.066667	
  0.066667	  0.000000	  0.066667	  0.866667	
  0.200000	  0.066667	  0.533333	  0.200000	
  0.066667	  0.733333	  0.000000	  0.200000	
  1.000000	  0.000000	  0.000000	  0.000000	
  0.066667	  0.266667	  0.000000	  0.666667	
  0.066667	  0.533333	  0.066667	  0.333333	

URL http://regprecise.lbl.gov/RegPrecise/regulog.jsp?regulog_id=1568

MOTIF NsrR2_betaproteobacteria Rrf2-family

letter-probability matrix: alength= 4 w= 19 nsites= 16 E= 0
  0.000000	  0.250000	  0.750000	  0.000000	
  0.750000	  0.000000	  0.062500	  0.187500	
  0.062500	  0.000000	  0.000000	  0.937500	
  0.187500	  0.000000	  0.750000	  0.062500	
  0.000000	  0.500000	  0.000000	  0.500000	
  0.875000	  0.062500	  0.062500	  0.000000	
  0.062500	  0.062500	  0.000000	  0.875000	
  0.437500	  0.062500	  0.062500	  0.437500	
  0.312500	  0.125000	  0.000000	  0.562500	
  0.312500	  0.062500	  0.062500	  0.562500	
  0.562500	  0.000000	  0.062500	  0.375000	
  0.375000	  0.000000	  0.062500	  0.562500	
  0.875000	  0.062500	  0.062500	  0.000000	
  0.125000	  0.000000	  0.000000	  0.875000	
  0.500000	  0.000000	  0.500000	  0.000000	
  0.000000	  0.750000	  0.000000	  0.250000	
  1.000000	  0.000000	  0.000000	  0.000000	
  0.187500	  0.062500	  0.000000	  0.750000	
  0.000000	  0.812500	  0.125000	  0.062500	

URL http://regprecise.lbl.gov/RegPrecise/regulog.jsp?regulog_id=1569

MOTIF NsrR_Rhodobacterales Rrf2-family

letter-probability matrix: alength= 4 w= 19 nsites= 17 E= 0
  0.000000	  0.058824	  0.058824	  0.882353	
  0.588235	  0.352941	  0.000000	  0.058824	
  0.058824	  0.000000	  0.823529	  0.117647	
  0.000000	  0.000000	  1.000000	  0.000000	
  0.058824	  0.000000	  0.000000	  0.941176	
  0.941176	  0.058824	  0.000000	  0.000000	
  0.000000	  0.058824	  0.000000	  0.941176	
  0.000000	  0.058824	  0.000000	  0.941176	
  0.000000	  0.117647	  0.470588	  0.411765	
  0.411765	  0.117647	  0.117647	  0.352941	
  0.470588	  0.411765	  0.117647	  0.000000	
  0.941176	  0.000000	  0.058824	  0.000000	
  0.941176	  0.000000	  0.058824	  0.000000	
  0.000000	  0.000000	  0.000000	  1.000000	
  1.000000	  0.000000	  0.000000	  0.000000	
  0.000000	  1.000000	  0.000000	  0.000000	
  0.117647	  0.823529	  0.000000	  0.058824	
  0.058824	  0.000000	  0.352941	  0.588235	
  0.882353	  0.058824	  0.058824	  0.000000	

URL http://regprecise.lbl.gov/RegPrecise/regulog.jsp?regulog_id=1571

MOTIF NsrR_Rhodospirillales Rrf2-family

letter-probability matrix: alength= 4 w= 19 nsites= 13 E= 0
  0.076923	  0.000000	  0.923077	  0.000000	
  0.692308	  0.000000	  0.307692	  0.000000	
  0.000000	  0.000000	  0.076923	  0.923077	
  0.076923	  0.000000	  0.692308	  0.230769	
  0.000000	  0.538462	  0.000000	  0.461538	
  0.846154	  0.076923	  0.076923	  0.000000	
  0.153846	  0.000000	  0.000000	  0.846154	
  0.230769	  0.153846	  0.000000	  0.615385	
  0.153846	  0.076923	  0.153846	  0.615385	
  0.307692	  0.230769	  0.153846	  0.307692	
  0.692308	  0.076923	  0.076923	  0.153846	
  0.615385	  0.000000	  0.076923	  0.307692	
  0.769231	  0.000000	  0.000000	  0.230769	
  0.000000	  0.076923	  0.153846	  0.769231	
  0.538462	  0.000000	  0.461538	  0.000000	
  0.230769	  0.692308	  0.000000	  0.076923	
  0.923077	  0.076923	  0.000000	  0.000000	
  0.000000	  0.384615	  0.000000	  0.615385	
  0.000000	  0.923077	  0.000000	  0.076923	

URL http://regprecise.lbl.gov/RegPrecise/regulog.jsp?regulog_id=1572

MOTIF IscR_Vibrionales Rrf2-family

letter-probability matrix: alength= 4 w= 25 nsites= 39 E= 0
  0.897436	  0.000000	  0.051282	  0.051282	
  0.128205	  0.000000	  0.000000	  0.871795	
  1.000000	  0.000000	  0.000000	  0.000000	
  0.128205	  0.769231	  0.025641	  0.076923	
  0.000000	  0.435897	  0.000000	  0.564103	
  0.051282	  0.153846	  0.000000	  0.794872	
  0.000000	  0.025641	  0.743590	  0.230769	
  1.000000	  0.000000	  0.000000	  0.000000	
  0.256410	  0.666667	  0.025641	  0.051282	
  0.102564	  0.435897	  0.000000	  0.461538	
  0.743590	  0.025641	  0.230769	  0.000000	
  0.692308	  0.025641	  0.051282	  0.230769	
  0.487179	  0.051282	  0.076923	  0.384615	
  0.358974	  0.025641	  0.025641	  0.589744	
  0.076923	  0.128205	  0.025641	  0.769231	
  0.769231	  0.025641	  0.153846	  0.051282	
  0.000000	  0.179487	  0.820513	  0.000000	
  0.000000	  0.000000	  0.000000	  1.000000	
  0.076923	  0.923077	  0.000000	  0.000000	
  0.794872	  0.000000	  0.179487	  0.025641	
  0.179487	  0.000000	  0.820513	  0.000000	
  0.179487	  0.025641	  0.794872	  0.000000	
  0.000000	  0.000000	  0.000000	  1.000000	
  1.000000	  0.000000	  0.000000	  0.000000	
  0.256410	  0.000000	  0.000000	  0.743590	

URL http://regprecise.lbl.gov/RegPrecise/regulog.jsp?regulog_id=1925

MOTIF IscR_Pasteurellales Rrf2-family

letter-probability matrix: alength= 4 w= 25 nsites= 22 E= 0
  0.909091	  0.000000	  0.045455	  0.045455	
  0.136364	  0.000000	  0.000000	  0.863636	
  0.318182	  0.045455	  0.181818	  0.454545	
  0.090909	  0.500000	  0.318182	  0.090909	
  0.000000	  0.318182	  0.000000	  0.681818	
  0.000000	  0.227273	  0.000000	  0.772727	
  0.000000	  0.000000	  1.000000	  0.000000	
  1.000000	  0.000000	  0.000000	  0.000000	
  0.227273	  0.545455	  0.000000	  0.227273	
  0.272727	  0.181818	  0.000000	  0.545455	
  0.636364	  0.045455	  0.318182	  0.000000	
  0.590909	  0.045455	  0.045455	  0.318182	
  0.454545	  0.090909	  0.045455	  0.409091	
  0.136364	  0.045455	  0.000000	  0.818182	
  0.090909	  0.181818	  0.000000	  0.727273	
  0.863636	  0.000000	  0.090909	  0.045455	
  0.045455	  0.227273	  0.727273	  0.000000	
  0.045455	  0.000000	  0.000000	  0.954545	
  0.136364	  0.681818	  0.045455	  0.136364	
  0.500000	  0.000000	  0.454545	  0.045455	
  0.363636	  0.000000	  0.636364	  0.000000	
  0.181818	  0.090909	  0.363636	  0.363636	
  0.045455	  0.000000	  0.000000	  0.954545	
  0.863636	  0.000000	  0.000000	  0.136364	
  0.181818	  0.000000	  0.000000	  0.818182	

URL http://regprecise.lbl.gov/RegPrecise/regulog.jsp?regulog_id=1926

MOTIF IscR_Alteromonadales Rrf2-family

letter-probability matrix: alength= 4 w= 25 nsites= 43 E= 0
  0.906977	  0.000000	  0.069767	  0.023256	
  0.116279	  0.000000	  0.000000	  0.883721	
  0.930233	  0.000000	  0.000000	  0.069767	
  0.023256	  0.767442	  0.139535	  0.069767	
  0.000000	  0.209302	  0.000000	  0.790698	
  0.000000	  0.139535	  0.000000	  0.860465	
  0.000000	  0.000000	  0.953488	  0.046512	
  1.000000	  0.000000	  0.000000	  0.000000	
  0.000000	  0.465116	  0.418605	  0.116279	
  0.023256	  0.069767	  0.023256	  0.883721	
  0.813953	  0.023256	  0.162791	  0.000000	
  0.697674	  0.000000	  0.023256	  0.279070	
  0.511628	  0.000000	  0.000000	  0.488372	
  0.302326	  0.046512	  0.000000	  0.651163	
  0.023256	  0.186047	  0.000000	  0.790698	
  0.976744	  0.000000	  0.023256	  0.000000	
  0.023256	  0.441860	  0.534884	  0.000000	
  0.000000	  0.000000	  0.000000	  1.000000	
  0.046512	  0.930233	  0.023256	  0.000000	
  0.581395	  0.000000	  0.372093	  0.046512	
  0.279070	  0.000000	  0.720930	  0.000000	
  0.046512	  0.069767	  0.837209	  0.046512	
  0.046512	  0.023256	  0.000000	  0.930233	
  0.837209	  0.000000	  0.000000	  0.162791	
  0.325581	  0.000000	  0.000000	  0.674419	

URL http://regprecise.lbl.gov/RegPrecise/regulog.jsp?regulog_id=1927

MOTIF IscR_Psychromonadaceae/Aeromonadales Rrf2-family

letter-probability matrix: alength= 4 w= 25 nsites= 14 E= 0
  0.785714	  0.000000	  0.000000	  0.214286	
  0.000000	  0.000000	  0.000000	  1.000000	
  1.000000	  0.000000	  0.000000	  0.000000	
  0.000000	  0.785714	  0.214286	  0.000000	
  0.000000	  0.142857	  0.000000	  0.857143	
  0.000000	  0.000000	  0.000000	  1.000000	
  0.000000	  0.000000	  1.000000	  0.000000	
  1.000000	  0.000000	  0.000000	  0.000000	
  0.357143	  0.571429	  0.071429	  0.000000	
  0.000000	  0.428571	  0.000000	  0.571429	
  0.357143	  0.000000	  0.285714	  0.357143	
  0.571429	  0.000000	  0.142857	  0.285714	
  0.500000	  0.000000	  0.000000	  0.500000	
  0.214286	  0.000000	  0.000000	  0.785714	
  0.071429	  0.142857	  0.000000	  0.785714	
  0.785714	  0.000000	  0.071429	  0.142857	
  0.000000	  0.000000	  1.000000	  0.000000	
  0.000000	  0.000000	  0.000000	  1.000000	
  0.142857	  0.857143	  0.000000	  0.000000	
  0.428571	  0.000000	  0.571429	  0.000000	
  0.000000	  0.000000	  1.000000	  0.000000	
  0.071429	  0.000000	  0.928571	  0.000000	
  0.000000	  0.071429	  0.000000	  0.928571	
  1.000000	  0.000000	  0.000000	  0.000000	
  0.000000	  0.071429	  0.000000	  0.928571	

URL http://regprecise.lbl.gov/RegPrecise/regulog.jsp?regulog_id=1928

MOTIF IscR_Oceanospirillales/Alteromonadales Rrf2-family

letter-probability matrix: alength= 4 w= 25 nsites= 41 E= 0
  0.926829	  0.000000	  0.024390	  0.048780	
  0.097561	  0.000000	  0.000000	  0.902439	
  0.926829	  0.000000	  0.048780	  0.024390	
  0.073171	  0.536585	  0.341463	  0.048780	
  0.000000	  0.365854	  0.000000	  0.634146	
  0.000000	  0.243902	  0.000000	  0.756098	
  0.024390	  0.000000	  0.902439	  0.073171	
  1.000000	  0.000000	  0.000000	  0.000000	
  0.000000	  0.707317	  0.121951	  0.170732	
  0.024390	  0.243902	  0.000000	  0.731707	
  0.512195	  0.000000	  0.439024	  0.048780	
  0.536585	  0.073171	  0.048780	  0.341463	
  0.487805	  0.000000	  0.024390	  0.487805	
  0.243902	  0.000000	  0.000000	  0.756098	
  0.073171	  0.048780	  0.000000	  0.878049	
  0.731707	  0.000000	  0.268293	  0.000000	
  0.024390	  0.658537	  0.317073	  0.000000	
  0.024390	  0.000000	  0.000000	  0.975610	
  0.219512	  0.560976	  0.073171	  0.146341	
  0.268293	  0.000000	  0.658537	  0.073171	
  0.000000	  0.000000	  1.000000	  0.000000	
  0.097561	  0.000000	  0.560976	  0.341463	
  0.146341	  0.195122	  0.000000	  0.658537	
  0.634146	  0.000000	  0.000000	  0.365854	
  0.219512	  0.048780	  0.000000	  0.731707	

URL http://regprecise.lbl.gov/RegPrecise/regulog.jsp?regulog_id=1929

MOTIF IscR_Pseudomonadaceae Rrf2-family

letter-probability matrix: alength= 4 w= 25 nsites= 15 E= 0
  0.933333	  0.000000	  0.000000	  0.066667	
  0.000000	  0.000000	  0.000000	  1.000000	
  0.866667	  0.000000	  0.000000	  0.133333	
  0.000000	  0.133333	  0.866667	  0.000000	
  0.000000	  0.000000	  0.000000	  1.000000	
  0.000000	  0.000000	  0.000000	  1.000000	
  0.000000	  0.000000	  1.000000	  0.000000	
  1.000000	  0.000000	  0.000000	  0.000000	
  0.000000	  0.933333	  0.000000	  0.066667	
  0.000000	  0.666667	  0.000000	  0.333333	
  0.200000	  0.133333	  0.333333	  0.333333	
  0.666667	  0.066667	  0.133333	  0.133333	
  0.400000	  0.000000	  0.066667	  0.533333	
  0.266667	  0.000000	  0.000000	  0.733333	
  0.000000	  0.000000	  0.000000	  1.000000	
  0.266667	  0.000000	  0.200000	  0.533333	
  0.000000	  0.866667	  0.133333	  0.000000	
  0.000000	  0.000000	  0.000000	  1.000000	
  0.066667	  0.800000	  0.133333	  0.000000	
  0.066667	  0.000000	  0.933333	  0.000000	
  0.000000	  0.000000	  1.000000	  0.000000	
  0.333333	  0.000000	  0.666667	  0.000000	
  0.400000	  0.200000	  0.200000	  0.200000	
  1.000000	  0.000000	  0.000000	  0.000000	
  0.533333	  0.000000	  0.000000	  0.466667	

URL http://regprecise.lbl.gov/RegPrecise/regulog.jsp?regulog_id=1930

MOTIF IscR_Burkholderia Rrf2-family

letter-probability matrix: alength= 4 w= 25 nsites= 16 E= 0
  1.000000	  0.000000	  0.000000	  0.000000	
  0.000000	  0.000000	  0.000000	  1.000000	
  1.000000	  0.000000	  0.000000	  0.000000	
  0.000000	  1.000000	  0.000000	  0.000000	
  0.000000	  0.000000	  0.000000	  1.000000	
  0.000000	  0.000000	  0.000000	  1.000000	
  0.000000	  0.000000	  1.000000	  0.000000	
  1.000000	  0.000000	  0.000000	  0.000000	
  0.000000	  1.000000	  0.000000	  0.000000	
  0.125000	  0.375000	  0.000000	  0.500000	
  1.000000	  0.000000	  0.000000	  0.000000	
  1.000000	  0.000000	  0.000000	  0.000000	
  1.000000	  0.000000	  0.000000	  0.000000	
  0.625000	  0.125000	  0.000000	  0.250000	
  0.125000	  0.125000	  0.000000	  0.750000	
  0.000000	  0.625000	  0.187500	  0.187500	
  0.000000	  0.000000	  1.000000	  0.000000	
  0.000000	  0.000000	  0.000000	  1.000000	
  0.000000	  1.000000	  0.000000	  0.000000	
  0.875000	  0.000000	  0.125000	  0.000000	
  0.812500	  0.000000	  0.062500	  0.125000	
  0.375000	  0.000000	  0.625000	  0.000000	
  0.500000	  0.000000	  0.000000	  0.500000	
  0.625000	  0.000000	  0.000000	  0.375000	
  0.000000	  0.000000	  0.000000	  1.000000	

URL http://regprecise.lbl.gov/RegPrecise/regulog.jsp?regulog_id=1934

MOTIF IscR_Comamonadaceae Rrf2-family

letter-probability matrix: alength= 4 w= 25 nsites= 16 E= 0
  0.625000	  0.000000	  0.000000	  0.375000	
  0.062500	  0.000000	  0.000000	  0.937500	
  1.000000	  0.000000	  0.000000	  0.000000	
  0.125000	  0.812500	  0.000000	  0.062500	
  0.000000	  0.375000	  0.000000	  0.625000	
  0.000000	  0.625000	  0.000000	  0.375000	
  0.125000	  0.000000	  0.875000	  0.000000	
  0.812500	  0.062500	  0.062500	  0.062500	
  0.000000	  0.562500	  0.375000	  0.062500	
  0.375000	  0.187500	  0.125000	  0.312500	
  0.687500	  0.125000	  0.125000	  0.062500	
  0.812500	  0.125000	  0.000000	  0.062500	
  0.875000	  0.000000	  0.000000	  0.125000	
  0.500000	  0.000000	  0.000000	  0.500000	
  0.000000	  0.437500	  0.000000	  0.562500	
  0.812500	  0.000000	  0.187500	  0.000000	
  0.375000	  0.375000	  0.250000	  0.000000	
  0.062500	  0.000000	  0.000000	  0.937500	
  0.250000	  0.562500	  0.125000	  0.062500	
  0.562500	  0.000000	  0.437500	  0.000000	
  0.437500	  0.000000	  0.562500	  0.000000	
  0.000000	  0.125000	  0.812500	  0.062500	
  0.812500	  0.000000	  0.000000	  0.187500	
  0.687500	  0.000000	  0.000000	  0.312500	
  0.250000	  0.375000	  0.000000	  0.375000	

URL http://regprecise.lbl.gov/RegPrecise/regulog.jsp?regulog_id=1935

MOTIF IscR_betaproteobacteria Rrf2-family

letter-probability matrix: alength= 4 w= 25 nsites= 27 E= 0
  0.888889	  0.000000	  0.037037	  0.074074	
  0.037037	  0.000000	  0.000000	  0.962963	
  0.888889	  0.000000	  0.037037	  0.074074	
  0.000000	  0.370370	  0.592593	  0.037037	
  0.000000	  0.222222	  0.000000	  0.777778	
  0.037037	  0.222222	  0.000000	  0.740741	
  0.000000	  0.000000	  1.000000	  0.000000	
  1.000000	  0.000000	  0.000000	  0.000000	
  0.000000	  0.703704	  0.185185	  0.111111	
  0.111111	  0.185185	  0.000000	  0.703704	
  0.666667	  0.000000	  0.259259	  0.074074	
  0.851852	  0.000000	  0.000000	  0.148148	
  0.629630	  0.000000	  0.000000	  0.370370	
  0.444444	  0.074074	  0.074074	  0.407407	
  0.000000	  0.259259	  0.000000	  0.740741	
  0.592593	  0.000000	  0.148148	  0.259259	
  0.074074	  0.370370	  0.481481	  0.074074	
  0.000000	  0.000000	  0.000000	  1.000000	
  0.111111	  0.814815	  0.037037	  0.037037	
  0.370370	  0.000000	  0.592593	  0.037037	
  0.148148	  0.000000	  0.814815	  0.037037	
  0.185185	  0.111111	  0.666667	  0.037037	
  0.259259	  0.000000	  0.000000	  0.740741	
  0.740741	  0.000000	  0.037037	  0.222222	
  0.111111	  0.037037	  0.000000	  0.851852	

URL http://regprecise.lbl.gov/RegPrecise/regulog.jsp?regulog_id=1936

MOTIF IscR_Sphingomonadales Rrf2-family

letter-probability matrix: alength= 4 w= 25 nsites= 7 E= 0
  0.285714	  0.285714	  0.000000	  0.428571	
  1.000000	  0.000000	  0.000000	  0.000000	
  1.000000	  0.000000	  0.000000	  0.000000	
  0.000000	  0.142857	  0.142857	  0.714286	
  0.000000	  0.857143	  0.000000	  0.142857	
  0.142857	  0.142857	  0.714286	  0.000000	
  0.000000	  0.000000	  1.000000	  0.000000	
  1.000000	  0.000000	  0.000000	  0.000000	
  0.142857	  0.285714	  0.285714	  0.285714	
  0.142857	  0.285714	  0.142857	  0.428571	
  0.285714	  0.000000	  0.714286	  0.000000	
  1.000000	  0.000000	  0.000000	  0.000000	
  0.142857	  0.000000	  0.000000	  0.857143	
  0.000000	  0.000000	  0.000000	  1.000000	
  0.000000	  0.571429	  0.000000	  0.428571	
  0.571429	  0.000000	  0.428571	  0.000000	
  0.142857	  0.142857	  0.714286	  0.000000	
  0.000000	  0.000000	  0.000000	  1.000000	
  0.000000	  1.000000	  0.000000	  0.000000	
  0.000000	  0.714286	  0.000000	  0.285714	
  0.142857	  0.000000	  0.714286	  0.142857	
  0.714286	  0.000000	  0.285714	  0.000000	
  0.000000	  0.000000	  0.000000	  1.000000	
  0.000000	  0.000000	  0.000000	  1.000000	
  0.142857	  0.000000	  0.142857	  0.714286	

URL http://regprecise.lbl.gov/RegPrecise/regulog.jsp?regulog_id=1940

MOTIF IscR_Desulfuromonadales Rrf2-family

letter-probability matrix: alength= 4 w= 25 nsites= 8 E= 0
  0.875000	  0.000000	  0.125000	  0.000000	
  0.125000	  0.000000	  0.000000	  0.875000	
  1.000000	  0.000000	  0.000000	  0.000000	
  0.250000	  0.250000	  0.500000	  0.000000	
  0.000000	  0.250000	  0.000000	  0.750000	
  0.000000	  0.000000	  0.000000	  1.000000	
  0.000000	  0.000000	  1.000000	  0.000000	
  1.000000	  0.000000	  0.000000	  0.000000	
  0.000000	  1.000000	  0.000000	  0.000000	
  0.750000	  0.000000	  0.000000	  0.250000	
  0.625000	  0.000000	  0.375000	  0.000000	
  0.625000	  0.000000	  0.000000	  0.375000	
  0.500000	  0.000000	  0.000000	  0.500000	
  0.625000	  0.000000	  0.000000	  0.375000	
  0.000000	  0.000000	  0.000000	  1.000000	
  0.250000	  0.000000	  0.500000	  0.250000	
  0.125000	  0.375000	  0.500000	  0.000000	
  0.000000	  0.000000	  0.000000	  1.000000	
  0.750000	  0.250000	  0.000000	  0.000000	
  0.625000	  0.000000	  0.125000	  0.250000	
  0.250000	  0.000000	  0.750000	  0.000000	
  0.000000	  0.000000	  1.000000	  0.000000	
  0.125000	  0.125000	  0.000000	  0.750000	
  1.000000	  0.000000	  0.000000	  0.000000	
  0.000000	  0.000000	  0.000000	  1.000000	

URL http://regprecise.lbl.gov/RegPrecise/regulog.jsp?regulog_id=1942

MOTIF RirA_Rhizobiales Rrf2-family

letter-probability matrix: alength= 4 w= 19 nsites= 129 E= 0
  0.031008	  0.542636	  0.325581	  0.100775	
  0.364341	  0.054264	  0.038760	  0.542636	
  0.054264	  0.000000	  0.015504	  0.930233	
  0.007752	  0.000000	  0.961240	  0.031008	
  0.992248	  0.000000	  0.007752	  0.000000	
  0.124031	  0.488372	  0.170543	  0.217054	
  0.255814	  0.062016	  0.085271	  0.596899	
  0.403101	  0.085271	  0.232558	  0.279070	
  0.341085	  0.240310	  0.116279	  0.302326	
  0.372093	  0.116279	  0.139535	  0.372093	
  0.472868	  0.100775	  0.193798	  0.232558	
  0.248062	  0.224806	  0.062016	  0.465116	
  0.573643	  0.031008	  0.093023	  0.302326	
  0.178295	  0.217054	  0.465116	  0.139535	
  0.000000	  0.000000	  0.007752	  0.992248	
  0.000000	  0.984496	  0.000000	  0.015504	
  0.852713	  0.069767	  0.000000	  0.077519	
  0.364341	  0.069767	  0.085271	  0.480620	
  0.131783	  0.317829	  0.519380	  0.031008	

URL http://regprecise.lbl.gov/RegPrecise/regulog.jsp?regulog_id=1959

MOTIF DVU1964/DVU1967_Desulfovibrionales Rrf2-family

letter-probability matrix: alength= 4 w= 23 nsites= 16 E= 0
  0.875000	  0.000000	  0.000000	  0.125000	
  0.312500	  0.000000	  0.000000	  0.687500	
  0.187500	  0.437500	  0.000000	  0.375000	
  0.125000	  0.562500	  0.062500	  0.250000	
  0.875000	  0.000000	  0.062500	  0.062500	
  0.125000	  0.000000	  0.625000	  0.250000	
  0.937500	  0.000000	  0.000000	  0.062500	
  0.000000	  0.500000	  0.062500	  0.437500	
  0.062500	  0.187500	  0.187500	  0.562500	
  0.750000	  0.000000	  0.125000	  0.125000	
  0.750000	  0.062500	  0.125000	  0.062500	
  0.500000	  0.125000	  0.000000	  0.375000	
  0.125000	  0.125000	  0.125000	  0.625000	
  0.250000	  0.375000	  0.000000	  0.375000	
  1.000000	  0.000000	  0.000000	  0.000000	
  0.625000	  0.000000	  0.312500	  0.062500	
  0.062500	  0.000000	  0.000000	  0.937500	
  0.312500	  0.625000	  0.000000	  0.062500	
  0.062500	  0.125000	  0.000000	  0.812500	
  0.250000	  0.000000	  0.687500	  0.062500	
  0.562500	  0.125000	  0.250000	  0.062500	
  0.750000	  0.000000	  0.000000	  0.250000	
  0.250000	  0.000000	  0.125000	  0.625000	

URL http://regprecise.lbl.gov/RegPrecise/regulog.jsp?regulog_id=2561

MOTIF HmcR_Desulfovibrionales Rrf2-family

letter-probability matrix: alength= 4 w= 23 nsites= 12 E= 0
  0.333333	  0.000000	  0.000000	  0.666667	
  0.333333	  0.250000	  0.000000	  0.416667	
  0.333333	  0.250000	  0.333333	  0.083333	
  0.000000	  0.916667	  0.000000	  0.083333	
  0.666667	  0.333333	  0.000000	  0.000000	
  0.083333	  0.000000	  0.000000	  0.916667	
  1.000000	  0.000000	  0.000000	  0.000000	
  0.000000	  0.916667	  0.000000	  0.083333	
  0.000000	  0.833333	  0.000000	  0.166667	
  0.250000	  0.416667	  0.000000	  0.333333	
  0.250000	  0.416667	  0.083333	  0.250000	
  0.333333	  0.166667	  0.166667	  0.333333	
  0.000000	  0.416667	  0.416667	  0.166667	
  0.416667	  0.333333	  0.250000	  0.000000	
  0.416667	  0.000000	  0.583333	  0.000000	
  0.083333	  0.000000	  0.916667	  0.000000	
  0.000000	  0.083333	  0.083333	  0.833333	
  0.833333	  0.083333	  0.083333	  0.000000	
  0.000000	  0.000000	  1.000000	  0.000000	
  0.000000	  0.000000	  1.000000	  0.000000	
  0.500000	  0.000000	  0.250000	  0.250000	
  0.500000	  0.000000	  0.000000	  0.500000	
  0.416667	  0.000000	  0.000000	  0.583333	

URL http://regprecise.lbl.gov/RegPrecise/regulog.jsp?regulog_id=3045

MOTIF TmcR_Desulfovibrionales Rrf2-family

letter-probability matrix: alength= 4 w= 23 nsites= 6 E= 0
  0.500000	  0.000000	  0.000000	  0.500000	
  0.500000	  0.000000	  0.000000	  0.500000	
  0.166667	  0.500000	  0.333333	  0.000000	
  0.000000	  0.000000	  0.000000	  1.000000	
  0.333333	  0.666667	  0.000000	  0.000000	
  0.000000	  0.166667	  0.000000	  0.833333	
  1.000000	  0.000000	  0.000000	  0.000000	
  0.000000	  1.000000	  0.000000	  0.000000	
  0.000000	  1.000000	  0.000000	  0.000000	
  0.833333	  0.166667	  0.000000	  0.000000	
  0.333333	  0.333333	  0.000000	  0.333333	
  0.333333	  0.000000	  0.333333	  0.333333	
  0.500000	  0.333333	  0.166667	  0.000000	
  0.500000	  0.500000	  0.000000	  0.000000	
  0.666667	  0.000000	  0.333333	  0.000000	
  0.166667	  0.000000	  0.833333	  0.000000	
  0.000000	  0.000000	  0.000000	  1.000000	
  1.000000	  0.000000	  0.000000	  0.000000	
  0.000000	  0.000000	  0.500000	  0.500000	
  0.833333	  0.000000	  0.000000	  0.166667	
  0.166667	  0.333333	  0.500000	  0.000000	
  0.166667	  0.000000	  0.000000	  0.833333	
  0.500000	  0.000000	  0.000000	  0.500000	

URL http://regprecise.lbl.gov/RegPrecise/regulog.jsp?regulog_id=3046

MOTIF IscR2_Rhodospirillales Rrf2-family

letter-probability matrix: alength= 4 w= 25 nsites= 7 E= 0
  1.000000	  0.000000	  0.000000	  0.000000	
  1.000000	  0.000000	  0.000000	  0.000000	
  0.428571	  0.000000	  0.000000	  0.571429	
  0.000000	  0.714286	  0.285714	  0.000000	
  0.857143	  0.000000	  0.000000	  0.142857	
  0.000000	  0.000000	  1.000000	  0.000000	
  0.000000	  0.000000	  0.714286	  0.285714	
  1.000000	  0.000000	  0.000000	  0.000000	
  0.000000	  1.000000	  0.000000	  0.000000	
  0.000000	  0.428571	  0.000000	  0.571429	
  0.428571	  0.000000	  0.285714	  0.285714	
  0.714286	  0.142857	  0.142857	  0.000000	
  0.285714	  0.000000	  0.142857	  0.571429	
  0.000000	  0.285714	  0.000000	  0.714286	
  0.285714	  0.000000	  0.000000	  0.714286	
  0.285714	  0.000000	  0.714286	  0.000000	
  0.000000	  0.000000	  1.000000	  0.000000	
  0.000000	  0.000000	  0.000000	  1.000000	
  0.000000	  1.000000	  0.000000	  0.000000	
  0.000000	  0.714286	  0.000000	  0.285714	
  0.142857	  0.000000	  0.285714	  0.571429	
  0.142857	  0.000000	  0.571429	  0.285714	
  0.428571	  0.000000	  0.000000	  0.571429	
  0.571429	  0.000000	  0.000000	  0.428571	
  0.285714	  0.000000	  0.000000	  0.714286	

URL http://regprecise.lbl.gov/RegPrecise/regulog.jsp?regulog_id=3536

MOTIF IscR_Shewanellaceae Rrf2-family

letter-probability matrix: alength= 4 w= 25 nsites= 93 E= 0
  0.795699	  0.000000	  0.021505	  0.182796	
  0.204301	  0.000000	  0.000000	  0.795699	
  0.731183	  0.000000	  0.032258	  0.236559	
  0.075269	  0.677419	  0.010753	  0.236559	
  0.000000	  0.526882	  0.010753	  0.462366	
  0.021505	  0.236559	  0.000000	  0.741935	
  0.021505	  0.053763	  0.731183	  0.193548	
  1.000000	  0.000000	  0.000000	  0.000000	
  0.172043	  0.451613	  0.376344	  0.000000	
  0.000000	  0.258065	  0.000000	  0.741935	
  0.741935	  0.010753	  0.247312	  0.000000	
  0.795699	  0.000000	  0.021505	  0.182796	
  0.569892	  0.107527	  0.000000	  0.322581	
  0.473118	  0.032258	  0.021505	  0.473118	
  0.032258	  0.247312	  0.064516	  0.655914	
  0.881720	  0.000000	  0.118280	  0.000000	
  0.000000	  0.623656	  0.376344	  0.000000	
  0.000000	  0.010753	  0.000000	  0.989247	
  0.311828	  0.666667	  0.000000	  0.021505	
  0.634409	  0.000000	  0.365591	  0.000000	
  0.107527	  0.000000	  0.892473	  0.000000	
  0.043011	  0.032258	  0.827957	  0.096774	
  0.064516	  0.032258	  0.000000	  0.903226	
  0.666667	  0.000000	  0.000000	  0.333333	
  0.193548	  0.000000	  0.000000	  0.806452	

URL http://regprecise.lbl.gov/RegPrecise/regulog.jsp?regulog_id=596

MOTIF NsrR_Shewanellaceae Rrf2-family

letter-probability matrix: alength= 4 w= 21 nsites= 51 E= 0
  0.941176	  0.000000	  0.000000	  0.058824	
  0.019608	  0.627451	  0.352941	  0.000000	
  0.745098	  0.176471	  0.058824	  0.019608	
  0.019608	  0.000000	  0.000000	  0.980392	
  0.039216	  0.039216	  0.686275	  0.235294	
  0.000000	  0.823529	  0.000000	  0.176471	
  0.960784	  0.000000	  0.019608	  0.019608	
  0.549020	  0.019608	  0.000000	  0.431373	
  0.784314	  0.019608	  0.000000	  0.196078	
  0.333333	  0.019608	  0.000000	  0.647059	
  0.705882	  0.058824	  0.000000	  0.235294	
  0.588235	  0.039216	  0.019608	  0.352941	
  0.529412	  0.000000	  0.000000	  0.470588	
  0.803922	  0.000000	  0.000000	  0.196078	
  0.274510	  0.000000	  0.019608	  0.705882	
  0.196078	  0.000000	  0.803922	  0.000000	
  0.117647	  0.862745	  0.000000	  0.019608	
  0.901961	  0.039216	  0.039216	  0.019608	
  0.000000	  0.078431	  0.235294	  0.686275	
  0.000000	  0.294118	  0.705882	  0.000000	
  0.294118	  0.000000	  0.000000	  0.705882	

URL http://regprecise.lbl.gov/RegPrecise/regulog.jsp?regulog_id=612

MOTIF CymR_Staphylococcaceae Rrf2-family

letter-probability matrix: alength= 4 w= 27 nsites= 69 E= 0
  0.101449	  0.057971	  0.057971	  0.782609	
  0.637681	  0.000000	  0.000000	  0.362319	
  0.826087	  0.000000	  0.000000	  0.173913	
  0.362319	  0.000000	  0.000000	  0.637681	
  0.130435	  0.115942	  0.086957	  0.666667	
  0.101449	  0.826087	  0.000000	  0.072464	
  0.159420	  0.463768	  0.000000	  0.376812	
  0.000000	  0.000000	  0.434783	  0.565217	
  0.971014	  0.000000	  0.000000	  0.028986	
  0.000000	  0.231884	  0.362319	  0.405797	
  0.217391	  0.101449	  0.028986	  0.652174	
  0.594203	  0.000000	  0.217391	  0.188406	
  0.507246	  0.014493	  0.246377	  0.231884	
  0.492754	  0.028986	  0.028986	  0.449275	
  0.391304	  0.275362	  0.014493	  0.318841	
  0.333333	  0.159420	  0.043478	  0.463768	
  0.550725	  0.000000	  0.173913	  0.275362	
  0.594203	  0.202899	  0.202899	  0.000000	
  0.000000	  0.000000	  0.000000	  1.000000	
  0.695652	  0.289855	  0.000000	  0.014493	
  0.463768	  0.000000	  0.434783	  0.101449	
  0.057971	  0.000000	  0.884058	  0.057971	
  0.695652	  0.028986	  0.115942	  0.159420	
  0.652174	  0.000000	  0.000000	  0.347826	
  0.202899	  0.000000	  0.000000	  0.797101	
  0.434783	  0.000000	  0.000000	  0.565217	
  0.637681	  0.072464	  0.144928	  0.144928	

URL http://regprecise.lbl.gov/RegPrecise/regulog.jsp?regulog_id=666

