MEME version 4

ALPHABET= ACGT

strands: + -

Background letter frequencies (from uniform background):
A 0.25000 C 0.25000 G 0.25000 T 0.25000 

MOTIF GlpR_Enterobacteriales DeoR-family

letter-probability matrix: alength= 4 w= 16 nsites= 64 E= 0
  0.015625	  0.156250	  0.062500	  0.765625	
  0.031250	  0.000000	  0.953125	  0.015625	
  0.093750	  0.578125	  0.015625	  0.312500	
  0.015625	  0.000000	  0.390625	  0.593750	
  0.000000	  0.906250	  0.000000	  0.093750	
  0.078125	  0.062500	  0.843750	  0.015625	
  0.578125	  0.015625	  0.000000	  0.406250	
  0.406250	  0.000000	  0.000000	  0.593750	
  0.906250	  0.000000	  0.000000	  0.093750	
  0.578125	  0.000000	  0.000000	  0.421875	
  0.031250	  0.875000	  0.046875	  0.046875	
  0.156250	  0.000000	  0.843750	  0.000000	
  0.812500	  0.187500	  0.000000	  0.000000	
  0.531250	  0.000000	  0.125000	  0.343750	
  0.265625	  0.734375	  0.000000	  0.000000	
  0.968750	  0.000000	  0.031250	  0.000000	

URL http://regprecise.lbl.gov/RegPrecise/regulog.jsp?regulog_id=1116

MOTIF DeoR_Enterobacteriales DeoR-family

letter-probability matrix: alength= 4 w= 16 nsites= 34 E= 0
  0.000000	  0.000000	  0.000000	  1.000000	
  0.000000	  0.000000	  0.970588	  0.029412	
  0.088235	  0.029412	  0.000000	  0.882353	
  0.029412	  0.000000	  0.147059	  0.823529	
  0.852941	  0.029412	  0.088235	  0.029412	
  0.088235	  0.176471	  0.294118	  0.441176	
  0.470588	  0.147059	  0.058824	  0.323529	
  0.705882	  0.147059	  0.000000	  0.147059	
  0.264706	  0.029412	  0.000000	  0.705882	
  0.617647	  0.147059	  0.058824	  0.176471	
  0.529412	  0.294118	  0.117647	  0.058824	
  0.029412	  0.117647	  0.000000	  0.852941	
  0.470588	  0.352941	  0.088235	  0.088235	
  0.882353	  0.029412	  0.000000	  0.088235	
  0.000000	  1.000000	  0.000000	  0.000000	
  1.000000	  0.000000	  0.000000	  0.000000	

URL http://regprecise.lbl.gov/RegPrecise/regulog.jsp?regulog_id=1184

MOTIF FruR_Bacillales DeoR-family

letter-probability matrix: alength= 4 w= 20 nsites= 17 E= 0
  0.000000	  0.000000	  0.000000	  1.000000	
  0.000000	  0.000000	  1.000000	  0.000000	
  0.941176	  0.000000	  0.058824	  0.000000	
  0.764706	  0.000000	  0.000000	  0.235294	
  0.235294	  0.058824	  0.000000	  0.705882	
  0.058824	  0.000000	  0.941176	  0.000000	
  0.588235	  0.000000	  0.000000	  0.411765	
  0.352941	  0.000000	  0.000000	  0.647059	
  0.000000	  0.000000	  0.000000	  1.000000	
  0.176471	  0.000000	  0.000000	  0.823529	
  0.000000	  0.000000	  0.000000	  1.000000	
  0.000000	  0.000000	  1.000000	  0.000000	
  0.882353	  0.000000	  0.117647	  0.000000	
  0.235294	  0.000000	  0.058824	  0.705882	
  0.235294	  0.000000	  0.058824	  0.705882	
  0.058824	  0.000000	  0.941176	  0.000000	
  0.411765	  0.000000	  0.000000	  0.588235	
  0.000000	  0.000000	  0.000000	  1.000000	
  0.235294	  0.000000	  0.000000	  0.764706	
  0.058824	  0.000000	  0.000000	  0.941176	

URL http://regprecise.lbl.gov/RegPrecise/regulog.jsp?regulog_id=1365

MOTIF GlcR_Bacillales DeoR-family

letter-probability matrix: alength= 4 w= 17 nsites= 7 E= 0
  0.714286	  0.000000	  0.285714	  0.000000	
  0.000000	  1.000000	  0.000000	  0.000000	
  0.000000	  0.000000	  0.000000	  1.000000	
  0.000000	  0.000000	  0.000000	  1.000000	
  1.000000	  0.000000	  0.000000	  0.000000	
  0.142857	  0.000000	  0.000000	  0.857143	
  0.714286	  0.142857	  0.000000	  0.142857	
  0.250000	  0.250000	  0.250000	  0.250000	
  0.250000	  0.250000	  0.250000	  0.250000	
  0.250000	  0.250000	  0.250000	  0.250000	
  1.000000	  0.000000	  0.000000	  0.000000	
  0.000000	  1.000000	  0.000000	  0.000000	
  0.000000	  0.000000	  0.000000	  1.000000	
  0.000000	  0.000000	  0.000000	  1.000000	
  1.000000	  0.000000	  0.000000	  0.000000	
  0.000000	  0.142857	  0.000000	  0.857143	
  0.714286	  0.000000	  0.000000	  0.285714	

URL http://regprecise.lbl.gov/RegPrecise/regulog.jsp?regulog_id=1369

MOTIF RhaR_Bacillales DeoR-family

letter-probability matrix: alength= 4 w= 19 nsites= 7 E= 0
  0.000000	  1.000000	  0.000000	  0.000000	
  1.000000	  0.000000	  0.000000	  0.000000	
  1.000000	  0.000000	  0.000000	  0.000000	
  1.000000	  0.000000	  0.000000	  0.000000	
  0.714286	  0.142857	  0.000000	  0.142857	
  0.857143	  0.000000	  0.000000	  0.142857	
  0.428571	  0.000000	  0.000000	  0.571429	
  0.857143	  0.000000	  0.000000	  0.142857	
  1.000000	  0.000000	  0.000000	  0.000000	
  1.000000	  0.000000	  0.000000	  0.000000	
  0.000000	  1.000000	  0.000000	  0.000000	
  1.000000	  0.000000	  0.000000	  0.000000	
  1.000000	  0.000000	  0.000000	  0.000000	
  1.000000	  0.000000	  0.000000	  0.000000	
  0.428571	  0.428571	  0.000000	  0.142857	
  0.857143	  0.142857	  0.000000	  0.000000	
  0.142857	  0.142857	  0.000000	  0.714286	
  0.571429	  0.000000	  0.428571	  0.000000	
  0.857143	  0.000000	  0.000000	  0.142857	

URL http://regprecise.lbl.gov/RegPrecise/regulog.jsp?regulog_id=1371

MOTIF RhaR_Chloroflexia DeoR-family

letter-probability matrix: alength= 4 w= 16 nsites= 12 E= 0
  0.000000	  0.083333	  0.000000	  0.916667	
  0.000000	  0.666667	  0.000000	  0.333333	
  0.000000	  0.000000	  1.000000	  0.000000	
  0.750000	  0.000000	  0.000000	  0.250000	
  0.666667	  0.333333	  0.000000	  0.000000	
  1.000000	  0.000000	  0.000000	  0.000000	
  0.250000	  0.250000	  0.250000	  0.250000	
  0.250000	  0.250000	  0.250000	  0.250000	
  0.250000	  0.250000	  0.250000	  0.250000	
  0.250000	  0.250000	  0.250000	  0.250000	
  0.000000	  0.083333	  0.000000	  0.916667	
  0.000000	  0.500000	  0.000000	  0.500000	
  0.000000	  0.000000	  1.000000	  0.000000	
  0.916667	  0.000000	  0.000000	  0.083333	
  0.666667	  0.333333	  0.000000	  0.000000	
  1.000000	  0.000000	  0.000000	  0.000000	

URL http://regprecise.lbl.gov/RegPrecise/regulog.jsp?regulog_id=3476

MOTIF PflR_Streptococcaceae DeoR-family

letter-probability matrix: alength= 4 w= 21 nsites= 28 E= 0
  0.642857	  0.000000	  0.000000	  0.357143	
  0.357143	  0.642857	  0.000000	  0.000000	
  0.000000	  0.000000	  1.000000	  0.000000	
  0.428571	  0.035714	  0.000000	  0.535714	
  1.000000	  0.000000	  0.000000	  0.000000	
  1.000000	  0.000000	  0.000000	  0.000000	
  0.142857	  0.178571	  0.142857	  0.535714	
  0.357143	  0.000000	  0.035714	  0.607143	
  0.464286	  0.000000	  0.357143	  0.178571	
  0.750000	  0.000000	  0.000000	  0.250000	
  0.464286	  0.035714	  0.035714	  0.464286	
  0.357143	  0.000000	  0.000000	  0.642857	
  0.107143	  0.357143	  0.000000	  0.535714	
  0.750000	  0.000000	  0.035714	  0.214286	
  0.607143	  0.107143	  0.071429	  0.214286	
  0.000000	  0.000000	  0.000000	  1.000000	
  0.000000	  0.000000	  0.000000	  1.000000	
  0.607143	  0.000000	  0.035714	  0.357143	
  0.000000	  1.000000	  0.000000	  0.000000	
  0.071429	  0.000000	  0.857143	  0.071429	
  0.464286	  0.000000	  0.000000	  0.535714	

URL http://regprecise.lbl.gov/RegPrecise/regulog.jsp?regulog_id=3606

MOTIF FucR_Enterobacteriales DeoR-family

letter-probability matrix: alength= 4 w= 36 nsites= 16 E= 0
  0.812500	  0.000000	  0.000000	  0.187500	
  0.000000	  0.000000	  0.000000	  1.000000	
  0.000000	  0.000000	  1.000000	  0.000000	
  0.500000	  0.500000	  0.000000	  0.000000	
  0.000000	  1.000000	  0.000000	  0.000000	
  0.000000	  1.000000	  0.000000	  0.000000	
  0.000000	  0.000000	  1.000000	  0.000000	
  0.250000	  0.187500	  0.000000	  0.562500	
  0.250000	  0.000000	  0.000000	  0.750000	
  0.000000	  0.125000	  0.000000	  0.875000	
  0.125000	  0.000000	  0.250000	  0.625000	
  0.375000	  0.312500	  0.187500	  0.125000	
  0.562500	  0.062500	  0.312500	  0.062500	
  0.312500	  0.125000	  0.250000	  0.312500	
  0.562500	  0.187500	  0.000000	  0.250000	
  0.562500	  0.000000	  0.187500	  0.250000	
  0.625000	  0.062500	  0.062500	  0.250000	
  0.187500	  0.000000	  0.000000	  0.812500	
  0.625000	  0.000000	  0.000000	  0.375000	
  0.187500	  0.000000	  0.125000	  0.687500	
  0.187500	  0.312500	  0.000000	  0.500000	
  0.375000	  0.125000	  0.187500	  0.312500	
  0.375000	  0.062500	  0.125000	  0.437500	
  0.000000	  0.312500	  0.062500	  0.625000	
  0.250000	  0.125000	  0.312500	  0.312500	
  0.687500	  0.250000	  0.000000	  0.062500	
  0.750000	  0.000000	  0.250000	  0.000000	
  0.875000	  0.000000	  0.000000	  0.125000	
  0.687500	  0.000000	  0.187500	  0.125000	
  0.000000	  1.000000	  0.000000	  0.000000	
  0.000000	  0.000000	  1.000000	  0.000000	
  0.000000	  0.000000	  1.000000	  0.000000	
  0.000000	  0.000000	  0.500000	  0.500000	
  0.000000	  1.000000	  0.000000	  0.000000	
  1.000000	  0.000000	  0.000000	  0.000000	
  0.250000	  0.000000	  0.062500	  0.687500	

URL http://regprecise.lbl.gov/RegPrecise/regulog.jsp?regulog_id=4556

MOTIF UlaR_Enterobacteriales DeoR-family

letter-probability matrix: alength= 4 w= 20 nsites= 13 E= 0
  0.000000	  0.307692	  0.230769	  0.461538	
  0.000000	  0.000000	  0.692308	  0.307692	
  1.000000	  0.000000	  0.000000	  0.000000	
  0.230769	  0.000000	  0.076923	  0.692308	
  0.000000	  0.076923	  0.000000	  0.923077	
  0.769231	  0.000000	  0.000000	  0.230769	
  0.384615	  0.307692	  0.000000	  0.307692	
  0.000000	  0.000000	  0.000000	  1.000000	
  0.153846	  0.538462	  0.000000	  0.307692	
  0.538462	  0.000000	  0.076923	  0.384615	
  0.461538	  0.076923	  0.000000	  0.461538	
  0.461538	  0.000000	  0.461538	  0.076923	
  1.000000	  0.000000	  0.000000	  0.000000	
  0.461538	  0.230769	  0.153846	  0.153846	
  0.538462	  0.076923	  0.000000	  0.384615	
  0.923077	  0.000000	  0.076923	  0.000000	
  0.538462	  0.076923	  0.000000	  0.384615	
  0.076923	  0.000000	  0.000000	  0.923077	
  0.384615	  0.615385	  0.000000	  0.000000	
  0.615385	  0.000000	  0.384615	  0.000000	

URL http://regprecise.lbl.gov/RegPrecise/regulog.jsp?regulog_id=4574

MOTIF SrlR_Enterobacteriales DeoR-family

letter-probability matrix: alength= 4 w= 29 nsites= 6 E= 0
  1.000000	  0.000000	  0.000000	  0.000000	
  0.500000	  0.000000	  0.000000	  0.500000	
  0.166667	  0.833333	  0.000000	  0.000000	
  0.000000	  0.000000	  0.000000	  1.000000	
  0.000000	  0.000000	  0.000000	  1.000000	
  0.000000	  0.000000	  0.000000	  1.000000	
  0.000000	  1.000000	  0.000000	  0.000000	
  1.000000	  0.000000	  0.000000	  0.000000	
  0.250000	  0.250000	  0.250000	  0.250000	
  0.250000	  0.250000	  0.250000	  0.250000	
  0.250000	  0.250000	  0.250000	  0.250000	
  0.250000	  0.250000	  0.250000	  0.250000	
  0.250000	  0.250000	  0.250000	  0.250000	
  0.250000	  0.250000	  0.250000	  0.250000	
  0.250000	  0.250000	  0.250000	  0.250000	
  0.250000	  0.250000	  0.250000	  0.250000	
  0.250000	  0.250000	  0.250000	  0.250000	
  0.250000	  0.250000	  0.250000	  0.250000	
  0.250000	  0.250000	  0.250000	  0.250000	
  0.250000	  0.250000	  0.250000	  0.250000	
  0.250000	  0.250000	  0.250000	  0.250000	
  0.833333	  0.000000	  0.000000	  0.166667	
  0.000000	  0.000000	  0.000000	  1.000000	
  0.000000	  1.000000	  0.000000	  0.000000	
  0.000000	  0.000000	  0.000000	  1.000000	
  0.000000	  0.000000	  0.000000	  1.000000	
  0.000000	  0.000000	  0.000000	  1.000000	
  0.000000	  0.833333	  0.000000	  0.166667	
  1.000000	  0.000000	  0.000000	  0.000000	

URL http://regprecise.lbl.gov/RegPrecise/regulog.jsp?regulog_id=4575

MOTIF FruR_Streptococcaceae DeoR-family

letter-probability matrix: alength= 4 w= 20 nsites= 34 E= 0
  0.000000	  0.000000	  0.000000	  1.000000	
  0.000000	  0.000000	  1.000000	  0.000000	
  0.794118	  0.000000	  0.205882	  0.000000	
  0.441176	  0.000000	  0.000000	  0.558824	
  0.911765	  0.000000	  0.000000	  0.088235	
  0.088235	  0.000000	  0.882353	  0.029412	
  0.852941	  0.000000	  0.000000	  0.147059	
  0.558824	  0.000000	  0.000000	  0.441176	
  0.529412	  0.029412	  0.000000	  0.441176	
  0.500000	  0.000000	  0.088235	  0.411765	
  0.000000	  0.000000	  0.000000	  1.000000	
  0.000000	  0.000000	  1.000000	  0.000000	
  0.617647	  0.323529	  0.058824	  0.000000	
  0.205882	  0.000000	  0.000000	  0.794118	
  0.558824	  0.000000	  0.000000	  0.441176	
  0.058824	  0.000000	  0.911765	  0.029412	
  0.882353	  0.000000	  0.029412	  0.088235	
  0.323529	  0.352941	  0.000000	  0.323529	
  0.588235	  0.000000	  0.000000	  0.411765	
  0.441176	  0.000000	  0.117647	  0.441176	

URL http://regprecise.lbl.gov/RegPrecise/regulog.jsp?regulog_id=4662

MOTIF FruR_Lactobacillaceae DeoR-family

letter-probability matrix: alength= 4 w= 20 nsites= 18 E= 0
  0.000000	  0.000000	  0.000000	  1.000000	
  0.000000	  0.000000	  1.000000	  0.000000	
  0.888889	  0.000000	  0.111111	  0.000000	
  0.500000	  0.277778	  0.000000	  0.222222	
  0.055556	  0.055556	  0.166667	  0.722222	
  0.222222	  0.000000	  0.555556	  0.222222	
  0.500000	  0.000000	  0.000000	  0.500000	
  0.277778	  0.000000	  0.000000	  0.722222	
  0.166667	  0.000000	  0.055556	  0.777778	
  0.277778	  0.000000	  0.000000	  0.722222	
  0.000000	  0.000000	  0.000000	  1.000000	
  0.055556	  0.000000	  0.944444	  0.000000	
  0.888889	  0.055556	  0.055556	  0.000000	
  0.500000	  0.166667	  0.000000	  0.333333	
  0.111111	  0.111111	  0.222222	  0.555556	
  0.055556	  0.000000	  0.833333	  0.111111	
  0.555556	  0.055556	  0.000000	  0.388889	
  0.166667	  0.000000	  0.111111	  0.722222	
  0.111111	  0.000000	  0.000000	  0.888889	
  0.222222	  0.000000	  0.000000	  0.777778	

URL http://regprecise.lbl.gov/RegPrecise/regulog.jsp?regulog_id=4663

MOTIF AgaR2_Enterobacteriales DeoR-family

letter-probability matrix: alength= 4 w= 25 nsites= 4 E= 0
  0.000000	  0.750000	  0.000000	  0.250000	
  0.000000	  0.000000	  0.000000	  1.000000	
  0.000000	  0.000000	  0.000000	  1.000000	
  0.000000	  0.000000	  0.000000	  1.000000	
  0.000000	  1.000000	  0.000000	  0.000000	
  0.250000	  0.000000	  0.750000	  0.000000	
  0.250000	  0.250000	  0.250000	  0.250000	
  0.250000	  0.250000	  0.250000	  0.250000	
  0.250000	  0.250000	  0.250000	  0.250000	
  0.250000	  0.250000	  0.250000	  0.250000	
  0.250000	  0.250000	  0.250000	  0.250000	
  0.250000	  0.250000	  0.250000	  0.250000	
  0.250000	  0.250000	  0.250000	  0.250000	
  0.250000	  0.250000	  0.250000	  0.250000	
  0.250000	  0.250000	  0.250000	  0.250000	
  0.250000	  0.250000	  0.250000	  0.250000	
  0.250000	  0.250000	  0.250000	  0.250000	
  0.250000	  0.250000	  0.250000	  0.250000	
  0.250000	  0.250000	  0.250000	  0.250000	
  0.000000	  1.000000	  0.000000	  0.000000	
  0.000000	  0.000000	  1.000000	  0.000000	
  1.000000	  0.000000	  0.000000	  0.000000	
  1.000000	  0.000000	  0.000000	  0.000000	
  1.000000	  0.000000	  0.000000	  0.000000	
  0.000000	  0.250000	  0.750000	  0.000000	

URL http://regprecise.lbl.gov/RegPrecise/regulog.jsp?regulog_id=4755

MOTIF GlpR_Desulfovibrionales DeoR-family

letter-probability matrix: alength= 4 w= 16 nsites= 7 E= 0
  0.142857	  0.142857	  0.714286	  0.000000	
  0.285714	  0.000000	  0.285714	  0.428571	
  0.000000	  0.000000	  0.142857	  0.857143	
  0.571429	  0.000000	  0.285714	  0.142857	
  0.714286	  0.285714	  0.000000	  0.000000	
  0.000000	  1.000000	  0.000000	  0.000000	
  1.000000	  0.000000	  0.000000	  0.000000	
  0.285714	  0.000000	  0.000000	  0.714286	
  0.714286	  0.000000	  0.000000	  0.285714	
  0.000000	  0.000000	  0.000000	  1.000000	
  0.000000	  0.000000	  1.000000	  0.000000	
  0.000000	  0.000000	  0.142857	  0.857143	
  0.428571	  0.142857	  0.000000	  0.428571	
  0.285714	  0.571429	  0.000000	  0.142857	
  0.571429	  0.000000	  0.142857	  0.285714	
  0.285714	  0.142857	  0.142857	  0.428571	

URL http://regprecise.lbl.gov/RegPrecise/regulog.jsp?regulog_id=4962

MOTIF RhaR_Rhizobiales DeoR-family

letter-probability matrix: alength= 4 w= 17 nsites= 39 E= 0
  0.487179	  0.051282	  0.025641	  0.435897	
  0.000000	  0.410256	  0.000000	  0.589744	
  0.384615	  0.000000	  0.615385	  0.000000	
  1.000000	  0.000000	  0.000000	  0.000000	
  0.153846	  0.000000	  0.025641	  0.820513	
  0.076923	  0.846154	  0.000000	  0.076923	
  0.435897	  0.000000	  0.564103	  0.000000	
  0.250000	  0.250000	  0.250000	  0.250000	
  0.250000	  0.250000	  0.250000	  0.250000	
  0.250000	  0.250000	  0.250000	  0.250000	
  0.461538	  0.076923	  0.025641	  0.435897	
  0.025641	  0.461538	  0.000000	  0.512821	
  0.051282	  0.000000	  0.948718	  0.000000	
  0.948718	  0.051282	  0.000000	  0.000000	
  0.000000	  0.000000	  0.000000	  1.000000	
  0.000000	  0.641026	  0.000000	  0.358974	
  0.410256	  0.000000	  0.589744	  0.000000	

URL http://regprecise.lbl.gov/RegPrecise/regulog.jsp?regulog_id=4976

MOTIF AgaR_Shewanellaceae DeoR-family

letter-probability matrix: alength= 4 w= 15 nsites= 8 E= 0
  0.000000	  0.000000	  1.000000	  0.000000	
  1.000000	  0.000000	  0.000000	  0.000000	
  1.000000	  0.000000	  0.000000	  0.000000	
  1.000000	  0.000000	  0.000000	  0.000000	
  0.000000	  0.500000	  0.500000	  0.000000	
  0.125000	  0.125000	  0.000000	  0.750000	
  0.125000	  0.000000	  0.375000	  0.500000	
  0.250000	  0.000000	  0.000000	  0.750000	
  0.125000	  0.000000	  0.000000	  0.875000	
  0.000000	  0.000000	  0.000000	  1.000000	
  0.125000	  0.000000	  0.875000	  0.000000	
  1.000000	  0.000000	  0.000000	  0.000000	
  1.000000	  0.000000	  0.000000	  0.000000	
  0.875000	  0.000000	  0.125000	  0.000000	
  0.000000	  0.000000	  1.000000	  0.000000	

URL http://regprecise.lbl.gov/RegPrecise/regulog.jsp?regulog_id=571

MOTIF GlmR_Shewanellaceae DeoR-family

letter-probability matrix: alength= 4 w= 19 nsites= 16 E= 0
  0.937500	  0.000000	  0.000000	  0.062500	
  0.187500	  0.125000	  0.000000	  0.687500	
  0.000000	  1.000000	  0.000000	  0.000000	
  0.000000	  0.000000	  0.000000	  1.000000	
  0.000000	  0.000000	  0.000000	  1.000000	
  0.000000	  0.000000	  0.000000	  1.000000	
  0.000000	  1.000000	  0.000000	  0.000000	
  0.000000	  0.000000	  1.000000	  0.000000	
  0.875000	  0.062500	  0.000000	  0.062500	
  0.812500	  0.000000	  0.000000	  0.187500	
  0.250000	  0.062500	  0.000000	  0.687500	
  0.000000	  1.000000	  0.000000	  0.000000	
  0.000000	  0.000000	  1.000000	  0.000000	
  1.000000	  0.000000	  0.000000	  0.000000	
  1.000000	  0.000000	  0.000000	  0.000000	
  1.000000	  0.000000	  0.000000	  0.000000	
  0.000000	  0.687500	  0.312500	  0.000000	
  0.000000	  0.000000	  0.000000	  1.000000	
  0.000000	  0.000000	  0.000000	  1.000000	

URL http://regprecise.lbl.gov/RegPrecise/regulog.jsp?regulog_id=589

MOTIF FruR_Staphylococcaceae DeoR-family

letter-probability matrix: alength= 4 w= 20 nsites= 18 E= 0
  0.000000	  0.000000	  0.000000	  1.000000	
  0.000000	  0.055556	  0.944444	  0.000000	
  0.777778	  0.000000	  0.166667	  0.055556	
  0.277778	  0.166667	  0.055556	  0.500000	
  0.277778	  0.000000	  0.000000	  0.722222	
  0.166667	  0.000000	  0.777778	  0.055556	
  0.166667	  0.000000	  0.000000	  0.833333	
  0.111111	  0.000000	  0.000000	  0.888889	
  0.055556	  0.000000	  0.000000	  0.944444	
  0.166667	  0.000000	  0.166667	  0.666667	
  0.000000	  0.000000	  0.000000	  1.000000	
  0.000000	  0.000000	  1.000000	  0.000000	
  0.888889	  0.000000	  0.111111	  0.000000	
  0.111111	  0.111111	  0.000000	  0.777778	
  0.166667	  0.000000	  0.055556	  0.777778	
  0.222222	  0.000000	  0.777778	  0.000000	
  0.555556	  0.000000	  0.000000	  0.444444	
  0.555556	  0.055556	  0.000000	  0.388889	
  0.555556	  0.000000	  0.000000	  0.444444	
  0.555556	  0.000000	  0.111111	  0.333333	

URL http://regprecise.lbl.gov/RegPrecise/regulog.jsp?regulog_id=669

MOTIF GalR_Bifidobacteriaceae DeoR-family

letter-probability matrix: alength= 4 w= 17 nsites= 21 E= 0
  0.476190	  0.000000	  0.380952	  0.142857	
  0.000000	  0.142857	  0.000000	  0.857143	
  0.047619	  0.000000	  0.952381	  0.000000	
  0.000000	  0.000000	  0.000000	  1.000000	
  0.000000	  0.000000	  0.857143	  0.142857	
  0.000000	  1.000000	  0.000000	  0.000000	
  0.000000	  0.000000	  0.952381	  0.047619	
  0.250000	  0.250000	  0.250000	  0.250000	
  0.250000	  0.250000	  0.250000	  0.250000	
  0.250000	  0.250000	  0.250000	  0.250000	
  0.619048	  0.000000	  0.095238	  0.285714	
  0.000000	  0.000000	  0.000000	  1.000000	
  0.000000	  0.000000	  1.000000	  0.000000	
  0.000000	  0.142857	  0.000000	  0.857143	
  0.000000	  0.000000	  0.238095	  0.761905	
  0.000000	  0.952381	  0.000000	  0.047619	
  0.380952	  0.000000	  0.619048	  0.000000	

URL http://regprecise.lbl.gov/RegPrecise/regulog.jsp?regulog_id=6773

MOTIF MSMEG_3606_Mycobacteriaceae DeoR-family

letter-probability matrix: alength= 4 w= 18 nsites= 8 E= 0
  0.000000	  0.375000	  0.125000	  0.500000	
  0.250000	  0.250000	  0.500000	  0.000000	
  0.000000	  0.000000	  0.000000	  1.000000	
  0.000000	  0.000000	  0.750000	  0.250000	
  0.000000	  0.750000	  0.250000	  0.000000	
  0.750000	  0.000000	  0.000000	  0.250000	
  0.000000	  1.000000	  0.000000	  0.000000	
  1.000000	  0.000000	  0.000000	  0.000000	
  0.000000	  0.125000	  0.000000	  0.875000	
  0.875000	  0.000000	  0.125000	  0.000000	
  0.000000	  0.000000	  0.000000	  1.000000	
  0.000000	  0.000000	  1.000000	  0.000000	
  0.250000	  0.000000	  0.000000	  0.750000	
  0.000000	  0.250000	  0.750000	  0.000000	
  0.250000	  0.750000	  0.000000	  0.000000	
  1.000000	  0.000000	  0.000000	  0.000000	
  0.000000	  0.500000	  0.250000	  0.250000	
  0.500000	  0.125000	  0.375000	  0.000000	

URL http://regprecise.lbl.gov/RegPrecise/regulog.jsp?regulog_id=6794

MOTIF RhaR_Thermotogales DeoR-family

letter-probability matrix: alength= 4 w= 20 nsites= 13 E= 0
  0.153846	  0.000000	  0.000000	  0.846154	
  0.076923	  0.000000	  0.153846	  0.769231	
  0.384615	  0.000000	  0.307692	  0.307692	
  0.076923	  0.000000	  0.000000	  0.923077	
  0.000000	  0.307692	  0.692308	  0.000000	
  1.000000	  0.000000	  0.000000	  0.000000	
  0.000000	  0.000000	  0.000000	  1.000000	
  0.692308	  0.000000	  0.000000	  0.307692	
  0.769231	  0.076923	  0.000000	  0.153846	
  0.769231	  0.076923	  0.000000	  0.153846	
  0.230769	  0.000000	  0.000000	  0.769231	
  0.000000	  0.000000	  0.000000	  1.000000	
  0.538462	  0.000000	  0.000000	  0.461538	
  0.769231	  0.000000	  0.000000	  0.230769	
  0.000000	  0.000000	  0.000000	  1.000000	
  0.000000	  0.307692	  0.692308	  0.000000	
  1.000000	  0.000000	  0.000000	  0.000000	
  0.000000	  0.307692	  0.000000	  0.692308	
  0.923077	  0.076923	  0.000000	  0.000000	
  0.846154	  0.000000	  0.153846	  0.000000	

URL http://regprecise.lbl.gov/RegPrecise/regulog.jsp?regulog_id=759


