Converted 2 motifs.
0 conversion errors.
MEME version 4

ALPHABET= ACGT

strands: + -

Background letter frequencies (from uniform background):
A 0.25000 C 0.25000 G 0.25000 T 0.25000 

MOTIF FapR_Bacillales FapR-family

letter-probability matrix: alength= 4 w= 16 nsites= 48 E= 0
  0.270833	  0.250000	  0.229167	  0.250000	
  0.562500	  0.000000	  0.020833	  0.416667	
  0.520833	  0.125000	  0.041667	  0.312500	
  0.000000	  0.187500	  0.000000	  0.812500	
  0.229167	  0.000000	  0.000000	  0.770833	
  0.729167	  0.000000	  0.250000	  0.020833	
  0.000000	  0.000000	  0.979167	  0.020833	
  0.000000	  0.000000	  0.020833	  0.979167	
  0.958333	  0.000000	  0.020833	  0.020833	
  0.000000	  0.979167	  0.000000	  0.020833	
  0.000000	  0.666667	  0.000000	  0.333333	
  0.729167	  0.000000	  0.000000	  0.270833	
  0.687500	  0.000000	  0.312500	  0.000000	
  0.270833	  0.020833	  0.500000	  0.208333	
  0.187500	  0.000000	  0.000000	  0.812500	
  0.562500	  0.354167	  0.020833	  0.062500	

URL http://regprecise.lbl.gov/RegPrecise/regulog.jsp?regulog_id=1346

MOTIF FapR_Staphylococcaceae FapR-family

letter-probability matrix: alength= 4 w= 19 nsites= 30 E= 0
  0.633333	  0.033333	  0.000000	  0.333333	
  0.066667	  0.000000	  0.000000	  0.933333	
  0.000000	  0.000000	  0.000000	  1.000000	
  0.933333	  0.000000	  0.000000	  0.066667	
  0.700000	  0.000000	  0.166667	  0.133333	
  0.000000	  0.000000	  0.266667	  0.733333	
  1.000000	  0.000000	  0.000000	  0.000000	
  0.100000	  0.566667	  0.133333	  0.200000	
  0.033333	  0.433333	  0.000000	  0.533333	
  0.566667	  0.033333	  0.000000	  0.400000	
  0.366667	  0.000000	  0.633333	  0.000000	
  0.033333	  0.033333	  0.900000	  0.033333	
  0.000000	  0.033333	  0.000000	  0.966667	
  0.933333	  0.066667	  0.000000	  0.000000	
  0.300000	  0.400000	  0.000000	  0.300000	
  0.000000	  0.000000	  0.000000	  1.000000	
  1.000000	  0.000000	  0.000000	  0.000000	
  0.966667	  0.000000	  0.033333	  0.000000	
  0.633333	  0.000000	  0.000000	  0.366667	

URL http://regprecise.lbl.gov/RegPrecise/regulog.jsp?regulog_id=668


