MEME version 4

ALPHABET= ACGT

strands: + -

Background letter frequencies (from uniform background):
A 0.25000 C 0.25000 G 0.25000 T 0.25000 

MOTIF HxlR_Bacillales HxlR-family

letter-probability matrix: alength= 4 w= 14 nsites= 6 E= 0
  1.000000	  0.000000	  0.000000	  0.000000	
  1.000000	  0.000000	  0.000000	  0.000000	
  1.000000	  0.000000	  0.000000	  0.000000	
  0.000000	  0.000000	  1.000000	  0.000000	
  0.000000	  0.000000	  0.000000	  1.000000	
  0.000000	  0.000000	  1.000000	  0.000000	
  0.000000	  1.000000	  0.000000	  0.000000	
  0.000000	  0.166667	  0.833333	  0.000000	
  0.000000	  0.000000	  0.000000	  1.000000	
  1.000000	  0.000000	  0.000000	  0.000000	
  0.000000	  1.000000	  0.000000	  0.000000	
  0.000000	  0.000000	  0.000000	  1.000000	
  0.166667	  0.000000	  0.000000	  0.833333	
  0.000000	  0.666667	  0.166667	  0.166667	

URL http://regprecise.lbl.gov/RegPrecise/regulog.jsp?regulog_id=1404

MOTIF YtcD_Bacillales HxlR-family

letter-probability matrix: alength= 4 w= 16 nsites= 10 E= 0
  0.900000	  0.100000	  0.000000	  0.000000	
  0.900000	  0.100000	  0.000000	  0.000000	
  0.800000	  0.000000	  0.000000	  0.200000	
  1.000000	  0.000000	  0.000000	  0.000000	
  0.000000	  0.000000	  1.000000	  0.000000	
  0.100000	  0.000000	  0.000000	  0.900000	
  0.800000	  0.000000	  0.200000	  0.000000	
  0.000000	  1.000000	  0.000000	  0.000000	
  0.000000	  0.000000	  1.000000	  0.000000	
  0.000000	  0.200000	  0.000000	  0.800000	
  0.900000	  0.000000	  0.000000	  0.100000	
  0.000000	  1.000000	  0.000000	  0.000000	
  0.000000	  0.000000	  0.000000	  1.000000	
  0.200000	  0.000000	  0.000000	  0.800000	
  0.000000	  0.000000	  0.100000	  0.900000	
  0.000000	  0.000000	  0.100000	  0.900000	

URL http://regprecise.lbl.gov/RegPrecise/regulog.jsp?regulog_id=1409

MOTIF YybR/YdeP_Bacillales HxlR-family

letter-probability matrix: alength= 4 w= 20 nsites= 21 E= 0
  0.000000	  0.095238	  0.000000	  0.904762	
  0.952381	  0.000000	  0.047619	  0.000000	
  0.000000	  0.000000	  1.000000	  0.000000	
  0.000000	  0.000000	  0.000000	  1.000000	
  0.809524	  0.000000	  0.000000	  0.190476	
  0.095238	  0.095238	  0.000000	  0.809524	
  0.142857	  0.809524	  0.000000	  0.047619	
  0.523810	  0.190476	  0.000000	  0.285714	
  0.380952	  0.000000	  0.000000	  0.619048	
  0.476190	  0.000000	  0.047619	  0.476190	
  0.523810	  0.047619	  0.000000	  0.428571	
  0.571429	  0.000000	  0.000000	  0.428571	
  0.285714	  0.000000	  0.238095	  0.476190	
  0.095238	  0.000000	  0.714286	  0.190476	
  0.809524	  0.000000	  0.095238	  0.095238	
  0.142857	  0.000000	  0.000000	  0.857143	
  1.000000	  0.000000	  0.000000	  0.000000	
  0.000000	  1.000000	  0.000000	  0.000000	
  0.000000	  0.000000	  0.000000	  1.000000	
  1.000000	  0.000000	  0.000000	  0.000000	

URL http://regprecise.lbl.gov/RegPrecise/regulog.jsp?regulog_id=1414

MOTIF YodB/CatR_Bacillales HxlR-family

letter-probability matrix: alength= 4 w= 17 nsites= 42 E= 0
  0.904762	  0.000000	  0.095238	  0.000000	
  0.071429	  0.666667	  0.238095	  0.023810	
  0.071429	  0.000000	  0.000000	  0.928571	
  0.047619	  0.000000	  0.000000	  0.952381	
  0.976190	  0.000000	  0.000000	  0.023810	
  0.023810	  0.952381	  0.000000	  0.023810	
  0.452381	  0.047619	  0.023810	  0.476190	
  0.309524	  0.095238	  0.000000	  0.595238	
  0.500000	  0.000000	  0.023810	  0.476190	
  0.547619	  0.023810	  0.047619	  0.380952	
  0.452381	  0.023810	  0.071429	  0.452381	
  0.095238	  0.023810	  0.761905	  0.119048	
  0.142857	  0.047619	  0.000000	  0.809524	
  0.833333	  0.000000	  0.000000	  0.166667	
  0.976190	  0.000000	  0.000000	  0.023810	
  0.000000	  0.238095	  0.714286	  0.047619	
  0.047619	  0.047619	  0.023810	  0.880952	

URL http://regprecise.lbl.gov/RegPrecise/regulog.jsp?regulog_id=1421

MOTIF QorR_Enterobacteriales HxlR-family

letter-probability matrix: alength= 4 w= 21 nsites= 15 E= 0
  0.333333	  0.000000	  0.533333	  0.133333	
  0.466667	  0.000000	  0.000000	  0.533333	
  0.933333	  0.000000	  0.066667	  0.000000	
  0.000000	  1.000000	  0.000000	  0.000000	
  0.000000	  0.000000	  0.000000	  1.000000	
  0.200000	  0.000000	  0.000000	  0.800000	
  1.000000	  0.000000	  0.000000	  0.000000	
  0.000000	  1.000000	  0.000000	  0.000000	
  0.000000	  0.000000	  0.066667	  0.933333	
  0.400000	  0.000000	  0.000000	  0.600000	
  0.533333	  0.000000	  0.000000	  0.466667	
  0.600000	  0.000000	  0.000000	  0.400000	
  1.000000	  0.000000	  0.000000	  0.000000	
  0.000000	  0.000000	  1.000000	  0.000000	
  0.000000	  0.000000	  0.000000	  1.000000	
  0.733333	  0.000000	  0.066667	  0.200000	
  1.000000	  0.000000	  0.000000	  0.000000	
  0.000000	  0.000000	  1.000000	  0.000000	
  0.000000	  0.066667	  0.000000	  0.933333	
  0.533333	  0.000000	  0.000000	  0.466667	
  0.133333	  0.466667	  0.000000	  0.400000	

URL http://regprecise.lbl.gov/RegPrecise/regulog.jsp?regulog_id=5491

MOTIF QorR_Frankineae/Propionibacterineae/Pseudonocardiaceae HxlR-family

letter-probability matrix: alength= 4 w= 21 nsites= 6 E= 0
  0.166667	  0.833333	  0.000000	  0.000000	
  0.000000	  0.500000	  0.333333	  0.166667	
  0.000000	  0.000000	  1.000000	  0.000000	
  0.000000	  0.166667	  0.500000	  0.333333	
  0.000000	  0.000000	  0.000000	  1.000000	
  0.833333	  0.000000	  0.000000	  0.166667	
  0.166667	  0.333333	  0.000000	  0.500000	
  0.000000	  1.000000	  0.000000	  0.000000	
  0.000000	  0.500000	  0.333333	  0.166667	
  0.333333	  0.500000	  0.166667	  0.000000	
  0.166667	  0.333333	  0.333333	  0.166667	
  0.000000	  0.166667	  0.500000	  0.333333	
  0.166667	  0.333333	  0.500000	  0.000000	
  0.000000	  0.000000	  1.000000	  0.000000	
  0.500000	  0.000000	  0.333333	  0.166667	
  0.166667	  0.000000	  0.000000	  0.833333	
  1.000000	  0.000000	  0.000000	  0.000000	
  0.333333	  0.500000	  0.166667	  0.000000	
  0.000000	  1.000000	  0.000000	  0.000000	
  0.166667	  0.333333	  0.500000	  0.000000	
  0.000000	  0.000000	  0.833333	  0.166667	

URL http://regprecise.lbl.gov/RegPrecise/regulog.jsp?regulog_id=6407

MOTIF QorR_Micrococcineae HxlR-family

letter-probability matrix: alength= 4 w= 21 nsites= 7 E= 0
  0.285714	  0.571429	  0.000000	  0.142857	
  0.000000	  0.285714	  0.714286	  0.000000	
  0.000000	  0.428571	  0.000000	  0.571429	
  0.857143	  0.000000	  0.142857	  0.000000	
  0.000000	  1.000000	  0.000000	  0.000000	
  0.000000	  0.571429	  0.000000	  0.428571	
  0.000000	  0.000000	  0.000000	  1.000000	
  0.000000	  0.000000	  0.000000	  1.000000	
  0.428571	  0.285714	  0.285714	  0.000000	
  0.285714	  0.571429	  0.000000	  0.142857	
  0.285714	  0.000000	  0.285714	  0.428571	
  0.000000	  0.000000	  0.571429	  0.428571	
  0.000000	  0.571429	  0.000000	  0.428571	
  0.857143	  0.000000	  0.142857	  0.000000	
  1.000000	  0.000000	  0.000000	  0.000000	
  0.428571	  0.000000	  0.571429	  0.000000	
  0.000000	  0.000000	  0.857143	  0.142857	
  0.142857	  0.000000	  0.000000	  0.857143	
  0.285714	  0.142857	  0.571429	  0.000000	
  0.000000	  0.714286	  0.142857	  0.142857	
  0.000000	  0.142857	  0.714286	  0.142857	

URL http://regprecise.lbl.gov/RegPrecise/regulog.jsp?regulog_id=6415

MOTIF QorR_Streptomycetaceae HxlR-family

letter-probability matrix: alength= 4 w= 21 nsites= 8 E= 0
  0.000000	  0.000000	  1.000000	  0.000000	
  0.000000	  0.625000	  0.000000	  0.375000	
  0.750000	  0.000000	  0.250000	  0.000000	
  0.000000	  1.000000	  0.000000	  0.000000	
  0.000000	  0.000000	  0.000000	  1.000000	
  0.500000	  0.125000	  0.000000	  0.375000	
  0.500000	  0.000000	  0.000000	  0.500000	
  0.000000	  1.000000	  0.000000	  0.000000	
  0.000000	  0.250000	  0.250000	  0.500000	
  0.125000	  0.750000	  0.000000	  0.125000	
  0.500000	  0.125000	  0.000000	  0.375000	
  0.000000	  0.000000	  0.625000	  0.375000	
  0.375000	  0.250000	  0.375000	  0.000000	
  0.000000	  0.000000	  1.000000	  0.000000	
  0.375000	  0.000000	  0.000000	  0.625000	
  0.375000	  0.000000	  0.125000	  0.500000	
  1.000000	  0.000000	  0.000000	  0.000000	
  0.000000	  0.000000	  1.000000	  0.000000	
  0.000000	  0.500000	  0.000000	  0.500000	
  0.375000	  0.000000	  0.625000	  0.000000	
  0.000000	  1.000000	  0.000000	  0.000000	

URL http://regprecise.lbl.gov/RegPrecise/regulog.jsp?regulog_id=6427

MOTIF QorR_Nocardiaceae HxlR-family

letter-probability matrix: alength= 4 w= 21 nsites= 6 E= 0
  0.000000	  0.000000	  1.000000	  0.000000	
  0.000000	  1.000000	  0.000000	  0.000000	
  1.000000	  0.000000	  0.000000	  0.000000	
  0.000000	  1.000000	  0.000000	  0.000000	
  0.000000	  0.000000	  0.000000	  1.000000	
  0.333333	  0.000000	  0.000000	  0.666667	
  1.000000	  0.000000	  0.000000	  0.000000	
  0.000000	  0.500000	  0.000000	  0.500000	
  0.000000	  0.000000	  0.500000	  0.500000	
  0.500000	  0.000000	  0.000000	  0.500000	
  0.500000	  0.000000	  0.000000	  0.500000	
  0.500000	  0.000000	  0.000000	  0.500000	
  0.500000	  0.500000	  0.000000	  0.000000	
  0.500000	  0.000000	  0.500000	  0.000000	
  0.000000	  0.000000	  0.000000	  1.000000	
  0.666667	  0.000000	  0.000000	  0.333333	
  1.000000	  0.000000	  0.000000	  0.000000	
  0.000000	  0.000000	  1.000000	  0.000000	
  0.000000	  0.000000	  0.000000	  1.000000	
  0.000000	  0.000000	  1.000000	  0.000000	
  0.000000	  1.000000	  0.000000	  0.000000	

URL http://regprecise.lbl.gov/RegPrecise/regulog.jsp?regulog_id=6463

MOTIF DVU2423_Desulfovibrionales HxlR-family

letter-probability matrix: alength= 4 w= 20 nsites= 9 E= 0
  0.000000	  0.000000	  0.333333	  0.666667	
  0.222222	  0.000000	  0.333333	  0.444444	
  0.000000	  0.111111	  0.888889	  0.000000	
  0.000000	  0.000000	  0.000000	  1.000000	
  0.888889	  0.000000	  0.111111	  0.000000	
  0.000000	  0.333333	  0.000000	  0.666667	
  0.111111	  0.777778	  0.111111	  0.000000	
  0.111111	  0.777778	  0.111111	  0.000000	
  0.111111	  0.111111	  0.000000	  0.777778	
  0.333333	  0.111111	  0.444444	  0.111111	
  0.111111	  0.444444	  0.111111	  0.333333	
  0.666667	  0.000000	  0.111111	  0.222222	
  0.000000	  0.111111	  0.666667	  0.222222	
  0.000000	  0.111111	  0.666667	  0.222222	
  0.666667	  0.000000	  0.333333	  0.000000	
  0.000000	  0.111111	  0.000000	  0.888889	
  1.000000	  0.000000	  0.000000	  0.000000	
  0.000000	  0.777778	  0.111111	  0.111111	
  0.444444	  0.333333	  0.000000	  0.222222	
  0.666667	  0.333333	  0.000000	  0.000000	

URL http://regprecise.lbl.gov/RegPrecise/regulog.jsp?regulog_id=796


