MEME version 4

ALPHABET= ACGT

strands: + -

Background letter frequencies (from uniform background):
A 0.25000 C 0.25000 G 0.25000 T 0.25000 

MOTIF CueR_Enterobacteriales MerR-family

letter-probability matrix: alength= 4 w= 21 nsites= 30 E= 0
  1.000000	  0.000000	  0.000000	  0.000000	
  0.000000	  1.000000	  0.000000	  0.000000	
  0.000000	  0.966667	  0.033333	  0.000000	
  0.000000	  0.033333	  0.000000	  0.966667	
  0.000000	  0.000000	  0.000000	  1.000000	
  0.133333	  0.833333	  0.000000	  0.033333	
  0.133333	  0.833333	  0.000000	  0.033333	
  0.266667	  0.700000	  0.033333	  0.000000	
  0.000000	  0.466667	  0.466667	  0.066667	
  0.000000	  0.366667	  0.000000	  0.633333	
  0.500000	  0.000000	  0.000000	  0.500000	
  0.566667	  0.000000	  0.433333	  0.000000	
  0.100000	  0.333333	  0.566667	  0.000000	
  0.033333	  0.000000	  0.666667	  0.300000	
  0.033333	  0.000000	  0.833333	  0.133333	
  0.033333	  0.066667	  0.733333	  0.166667	
  1.000000	  0.000000	  0.000000	  0.000000	
  0.733333	  0.000000	  0.266667	  0.000000	
  0.033333	  0.033333	  0.933333	  0.000000	
  0.000000	  0.033333	  0.966667	  0.000000	
  0.033333	  0.000000	  0.000000	  0.966667	

URL http://regprecise.lbl.gov/RegPrecise/regulog.jsp?regulog_id=1130

MOTIF TnrA_Bacillales MerR-family

letter-probability matrix: alength= 4 w= 17 nsites= 304 E= 0
  0.032895	  0.069079	  0.052632	  0.845395	
  0.023026	  0.019737	  0.914474	  0.042763	
  0.111842	  0.009868	  0.092105	  0.786184	
  0.230263	  0.279605	  0.131579	  0.358553	
  0.967105	  0.006579	  0.013158	  0.013158	
  0.180921	  0.101974	  0.388158	  0.328947	
  0.707237	  0.069079	  0.121711	  0.101974	
  0.493421	  0.003289	  0.006579	  0.496711	
  0.569079	  0.023026	  0.019737	  0.388158	
  0.592105	  0.009868	  0.006579	  0.391447	
  0.154605	  0.148026	  0.049342	  0.648026	
  0.273026	  0.430921	  0.141447	  0.154605	
  0.006579	  0.023026	  0.016447	  0.953947	
  0.378289	  0.101974	  0.286184	  0.233553	
  0.884868	  0.049342	  0.019737	  0.046053	
  0.069079	  0.911184	  0.000000	  0.019737	
  0.832237	  0.032895	  0.085526	  0.049342	

URL http://regprecise.lbl.gov/RegPrecise/regulog.jsp?regulog_id=1178

MOTIF SoxR_Enterobacteriales MerR-family

letter-probability matrix: alength= 4 w= 20 nsites= 14 E= 0
  0.571429	  0.000000	  0.000000	  0.428571	
  0.000000	  0.928571	  0.000000	  0.071429	
  0.000000	  1.000000	  0.000000	  0.000000	
  0.000000	  0.000000	  0.000000	  1.000000	
  0.000000	  1.000000	  0.000000	  0.000000	
  1.000000	  0.000000	  0.000000	  0.000000	
  1.000000	  0.000000	  0.000000	  0.000000	
  0.000000	  0.000000	  1.000000	  0.000000	
  0.000000	  0.000000	  0.000000	  1.000000	
  0.071429	  0.000000	  0.000000	  0.928571	
  0.928571	  0.000000	  0.000000	  0.071429	
  1.000000	  0.000000	  0.000000	  0.000000	
  0.000000	  1.000000	  0.000000	  0.000000	
  0.000000	  0.000000	  0.000000	  1.000000	
  0.000000	  0.000000	  0.000000	  1.000000	
  0.000000	  0.000000	  0.928571	  0.071429	
  1.000000	  0.000000	  0.000000	  0.000000	
  0.000000	  0.000000	  1.000000	  0.000000	
  0.000000	  0.071429	  0.928571	  0.000000	
  0.428571	  0.000000	  0.000000	  0.571429	

URL http://regprecise.lbl.gov/RegPrecise/regulog.jsp?regulog_id=1196

MOTIF ZntR_Enterobacteriales MerR-family

letter-probability matrix: alength= 4 w= 22 nsites= 11 E= 0
  1.000000	  0.000000	  0.000000	  0.000000	
  0.000000	  1.000000	  0.000000	  0.000000	
  0.000000	  0.000000	  0.000000	  1.000000	
  0.000000	  1.000000	  0.000000	  0.000000	
  0.000000	  0.000000	  0.000000	  1.000000	
  0.000000	  0.000000	  1.000000	  0.000000	
  0.000000	  0.000000	  1.000000	  0.000000	
  1.000000	  0.000000	  0.000000	  0.000000	
  0.000000	  0.090909	  0.909091	  0.000000	
  0.000000	  0.090909	  0.000000	  0.909091	
  0.090909	  0.636364	  0.000000	  0.272727	
  0.090909	  0.000000	  0.818182	  0.090909	
  0.818182	  0.000000	  0.181818	  0.000000	
  0.000000	  1.000000	  0.000000	  0.000000	
  0.000000	  0.000000	  0.000000	  1.000000	
  0.000000	  1.000000	  0.000000	  0.000000	
  0.000000	  1.000000	  0.000000	  0.000000	
  1.000000	  0.000000	  0.000000	  0.000000	
  0.363636	  0.000000	  0.636364	  0.000000	
  0.636364	  0.090909	  0.272727	  0.000000	
  0.000000	  0.090909	  0.909091	  0.000000	
  0.000000	  0.000000	  0.000000	  1.000000	

URL http://regprecise.lbl.gov/RegPrecise/regulog.jsp?regulog_id=1250

MOTIF YdfL_Bacillales MerR-family

letter-probability matrix: alength= 4 w= 23 nsites= 4 E= 0
  0.000000	  0.000000	  1.000000	  0.000000	
  1.000000	  0.000000	  0.000000	  0.000000	
  0.000000	  1.000000	  0.000000	  0.000000	
  0.000000	  0.500000	  0.000000	  0.500000	
  0.000000	  0.500000	  0.000000	  0.500000	
  0.000000	  0.000000	  0.000000	  1.000000	
  0.000000	  1.000000	  0.000000	  0.000000	
  0.500000	  0.250000	  0.000000	  0.250000	
  0.750000	  0.250000	  0.000000	  0.000000	
  0.000000	  0.500000	  0.500000	  0.000000	
  0.000000	  0.000000	  0.000000	  1.000000	
  0.500000	  0.000000	  0.000000	  0.500000	
  1.000000	  0.000000	  0.000000	  0.000000	
  0.000000	  1.000000	  0.000000	  0.000000	
  0.000000	  0.000000	  0.000000	  1.000000	
  0.250000	  0.000000	  0.250000	  0.500000	
  0.000000	  0.000000	  1.000000	  0.000000	
  1.000000	  0.000000	  0.000000	  0.000000	
  0.500000	  0.000000	  0.500000	  0.000000	
  0.000000	  0.000000	  1.000000	  0.000000	
  0.000000	  0.000000	  1.000000	  0.000000	
  0.000000	  0.000000	  0.000000	  1.000000	
  0.000000	  0.000000	  0.000000	  1.000000	

URL http://regprecise.lbl.gov/RegPrecise/regulog.jsp?regulog_id=1323

MOTIF YfmP_Bacillales MerR-family

letter-probability matrix: alength= 4 w= 22 nsites= 7 E= 0
  1.000000	  0.000000	  0.000000	  0.000000	
  0.857143	  0.142857	  0.000000	  0.000000	
  0.142857	  0.285714	  0.571429	  0.000000	
  0.000000	  0.000000	  0.000000	  1.000000	
  0.000000	  0.000000	  0.000000	  1.000000	
  0.714286	  0.000000	  0.000000	  0.285714	
  1.000000	  0.000000	  0.000000	  0.000000	
  0.000000	  1.000000	  0.000000	  0.000000	
  0.000000	  0.000000	  1.000000	  0.000000	
  0.000000	  0.000000	  0.000000	  1.000000	
  0.000000	  0.000000	  0.000000	  1.000000	
  0.142857	  0.000000	  0.285714	  0.571429	
  1.000000	  0.000000	  0.000000	  0.000000	
  0.000000	  1.000000	  0.000000	  0.000000	
  0.000000	  0.000000	  1.000000	  0.000000	
  0.000000	  0.000000	  0.000000	  1.000000	
  0.428571	  0.000000	  0.000000	  0.571429	
  1.000000	  0.000000	  0.000000	  0.000000	
  1.000000	  0.000000	  0.000000	  0.000000	
  0.285714	  0.142857	  0.571429	  0.000000	
  0.285714	  0.000000	  0.571429	  0.142857	
  0.000000	  0.000000	  0.142857	  0.857143	

URL http://regprecise.lbl.gov/RegPrecise/regulog.jsp?regulog_id=1402

MOTIF LiuR_Alteromonadales MerR-family

letter-probability matrix: alength= 4 w= 18 nsites= 65 E= 0
  0.076923	  0.323077	  0.569231	  0.030769	
  0.000000	  0.061538	  0.030769	  0.907692	
  0.000000	  0.015385	  0.000000	  0.984615	
  0.169231	  0.015385	  0.261538	  0.553846	
  0.984615	  0.015385	  0.000000	  0.000000	
  0.046154	  0.938462	  0.000000	  0.015385	
  0.000000	  0.123077	  0.861538	  0.015385	
  0.000000	  0.015385	  0.000000	  0.984615	
  0.246154	  0.030769	  0.076923	  0.646154	
  0.600000	  0.092308	  0.061538	  0.246154	
  0.923077	  0.000000	  0.076923	  0.000000	
  0.030769	  0.892308	  0.076923	  0.000000	
  0.015385	  0.000000	  0.938462	  0.046154	
  0.000000	  0.000000	  0.000000	  1.000000	
  0.676923	  0.215385	  0.000000	  0.107692	
  0.969231	  0.015385	  0.015385	  0.000000	
  0.892308	  0.000000	  0.076923	  0.030769	
  0.030769	  0.600000	  0.323077	  0.046154	

URL http://regprecise.lbl.gov/RegPrecise/regulog.jsp?regulog_id=2997

MOTIF LiuR_Pseudomonadaceae MerR-family

letter-probability matrix: alength= 4 w= 18 nsites= 32 E= 0
  0.093750	  0.437500	  0.468750	  0.000000	
  0.000000	  0.000000	  0.031250	  0.968750	
  0.000000	  0.000000	  0.000000	  1.000000	
  0.093750	  0.000000	  0.218750	  0.687500	
  0.937500	  0.031250	  0.000000	  0.031250	
  0.000000	  1.000000	  0.000000	  0.000000	
  0.000000	  0.062500	  0.937500	  0.000000	
  0.000000	  0.031250	  0.000000	  0.968750	
  0.375000	  0.000000	  0.000000	  0.625000	
  0.625000	  0.000000	  0.000000	  0.375000	
  1.000000	  0.000000	  0.000000	  0.000000	
  0.000000	  0.843750	  0.156250	  0.000000	
  0.000000	  0.000000	  1.000000	  0.000000	
  0.000000	  0.000000	  0.031250	  0.968750	
  0.750000	  0.156250	  0.000000	  0.093750	
  1.000000	  0.000000	  0.000000	  0.000000	
  0.875000	  0.000000	  0.000000	  0.125000	
  0.031250	  0.468750	  0.437500	  0.062500	

URL http://regprecise.lbl.gov/RegPrecise/regulog.jsp?regulog_id=3000

MOTIF LiuR_Burkholderia MerR-family

letter-probability matrix: alength= 4 w= 18 nsites= 6 E= 0
  0.333333	  0.333333	  0.333333	  0.000000	
  0.000000	  0.000000	  0.000000	  1.000000	
  0.000000	  0.000000	  0.000000	  1.000000	
  0.000000	  0.000000	  1.000000	  0.000000	
  1.000000	  0.000000	  0.000000	  0.000000	
  0.000000	  1.000000	  0.000000	  0.000000	
  0.000000	  0.000000	  1.000000	  0.000000	
  0.333333	  0.333333	  0.000000	  0.333333	
  0.166667	  0.000000	  0.000000	  0.833333	
  0.333333	  0.000000	  0.000000	  0.666667	
  1.000000	  0.000000	  0.000000	  0.000000	
  0.000000	  1.000000	  0.000000	  0.000000	
  0.000000	  0.000000	  1.000000	  0.000000	
  0.000000	  0.000000	  0.333333	  0.666667	
  0.833333	  0.166667	  0.000000	  0.000000	
  1.000000	  0.000000	  0.000000	  0.000000	
  1.000000	  0.000000	  0.000000	  0.000000	
  0.000000	  0.333333	  0.333333	  0.333333	

URL http://regprecise.lbl.gov/RegPrecise/regulog.jsp?regulog_id=3003

MOTIF LiuR_Comamonadaceae MerR-family

letter-probability matrix: alength= 4 w= 18 nsites= 59 E= 0
  0.423729	  0.016949	  0.508475	  0.050847	
  0.033898	  0.050847	  0.016949	  0.898305	
  0.000000	  0.000000	  0.000000	  1.000000	
  0.050847	  0.000000	  0.457627	  0.491525	
  0.966102	  0.033898	  0.000000	  0.000000	
  0.000000	  0.983051	  0.016949	  0.000000	
  0.000000	  0.000000	  1.000000	  0.000000	
  0.000000	  0.000000	  0.000000	  1.000000	
  0.322034	  0.084746	  0.033898	  0.559322	
  0.491525	  0.050847	  0.016949	  0.440678	
  0.983051	  0.000000	  0.016949	  0.000000	
  0.000000	  1.000000	  0.000000	  0.000000	
  0.000000	  0.000000	  1.000000	  0.000000	
  0.000000	  0.000000	  0.000000	  1.000000	
  0.423729	  0.542373	  0.000000	  0.033898	
  1.000000	  0.000000	  0.000000	  0.000000	
  0.881356	  0.016949	  0.033898	  0.067797	
  0.084746	  0.610169	  0.067797	  0.237288	

URL http://regprecise.lbl.gov/RegPrecise/regulog.jsp?regulog_id=3004

MOTIF LiuR_Rhizobiales MerR-family

letter-probability matrix: alength= 4 w= 18 nsites= 84 E= 0
  0.392857	  0.011905	  0.261905	  0.333333	
  0.059524	  0.119048	  0.000000	  0.821429	
  0.000000	  0.000000	  0.000000	  1.000000	
  0.023810	  0.000000	  0.535714	  0.440476	
  1.000000	  0.000000	  0.000000	  0.000000	
  0.000000	  1.000000	  0.000000	  0.000000	
  0.000000	  0.119048	  0.773810	  0.107143	
  0.035714	  0.059524	  0.011905	  0.892857	
  0.083333	  0.011905	  0.119048	  0.785714	
  0.202381	  0.095238	  0.059524	  0.642857	
  0.940476	  0.000000	  0.035714	  0.023810	
  0.011905	  0.952381	  0.035714	  0.000000	
  0.000000	  0.000000	  1.000000	  0.000000	
  0.011905	  0.095238	  0.023810	  0.869048	
  0.595238	  0.238095	  0.047619	  0.119048	
  0.904762	  0.083333	  0.000000	  0.011905	
  0.738095	  0.011905	  0.226190	  0.023810	
  0.464286	  0.416667	  0.059524	  0.059524	

URL http://regprecise.lbl.gov/RegPrecise/regulog.jsp?regulog_id=3006

MOTIF LiuR_Caulobacterales MerR-family

letter-probability matrix: alength= 4 w= 18 nsites= 14 E= 0
  0.071429	  0.142857	  0.785714	  0.000000	
  0.000000	  0.071429	  0.000000	  0.928571	
  0.000000	  0.000000	  0.000000	  1.000000	
  0.000000	  0.000000	  0.571429	  0.428571	
  1.000000	  0.000000	  0.000000	  0.000000	
  0.000000	  1.000000	  0.000000	  0.000000	
  0.000000	  0.000000	  1.000000	  0.000000	
  0.000000	  0.285714	  0.000000	  0.714286	
  0.285714	  0.000000	  0.000000	  0.714286	
  0.571429	  0.000000	  0.142857	  0.285714	
  0.714286	  0.000000	  0.285714	  0.000000	
  0.000000	  0.928571	  0.071429	  0.000000	
  0.000000	  0.000000	  1.000000	  0.000000	
  0.000000	  0.071429	  0.071429	  0.857143	
  0.285714	  0.357143	  0.000000	  0.357143	
  0.785714	  0.000000	  0.214286	  0.000000	
  0.357143	  0.000000	  0.357143	  0.285714	
  0.000000	  0.785714	  0.214286	  0.000000	

URL http://regprecise.lbl.gov/RegPrecise/regulog.jsp?regulog_id=3010

MOTIF GlnR_Streptococcaceae MerR-family

letter-probability matrix: alength= 4 w= 19 nsites= 66 E= 0
  0.878788	  0.000000	  0.106061	  0.015152	
  0.000000	  0.000000	  0.000000	  1.000000	
  0.000000	  0.000000	  1.000000	  0.000000	
  0.000000	  0.000000	  0.000000	  1.000000	
  0.151515	  0.242424	  0.045455	  0.560606	
  1.000000	  0.000000	  0.000000	  0.000000	
  0.015152	  0.075758	  0.363636	  0.545455	
  0.803030	  0.000000	  0.181818	  0.015152	
  0.500000	  0.000000	  0.000000	  0.500000	
  0.575758	  0.000000	  0.000000	  0.424242	
  0.636364	  0.000000	  0.000000	  0.363636	
  0.060606	  0.151515	  0.015152	  0.772727	
  0.439394	  0.454545	  0.090909	  0.015152	
  0.015152	  0.000000	  0.000000	  0.984848	
  0.636364	  0.060606	  0.257576	  0.045455	
  1.000000	  0.000000	  0.000000	  0.000000	
  0.015152	  0.984848	  0.000000	  0.000000	
  0.984848	  0.000000	  0.015152	  0.000000	
  0.090909	  0.106061	  0.000000	  0.803030	

URL http://regprecise.lbl.gov/RegPrecise/regulog.jsp?regulog_id=3563

MOTIF NmlR_Streptococcaceae MerR-family

letter-probability matrix: alength= 4 w= 19 nsites= 14 E= 0
  0.500000	  0.071429	  0.214286	  0.214286	
  0.142857	  0.714286	  0.142857	  0.000000	
  0.000000	  0.000000	  0.000000	  1.000000	
  0.000000	  0.000000	  0.000000	  1.000000	
  0.000000	  0.000000	  1.000000	  0.000000	
  1.000000	  0.000000	  0.000000	  0.000000	
  0.000000	  1.000000	  0.000000	  0.000000	
  0.000000	  0.000000	  0.000000	  1.000000	
  0.000000	  0.000000	  0.000000	  1.000000	
  0.357143	  0.000000	  0.642857	  0.000000	
  0.500000	  0.000000	  0.500000	  0.000000	
  1.000000	  0.000000	  0.000000	  0.000000	
  0.000000	  0.000000	  1.000000	  0.000000	
  0.000000	  0.071429	  0.000000	  0.928571	
  0.071429	  0.214286	  0.214286	  0.500000	
  0.571429	  0.285714	  0.142857	  0.000000	
  0.928571	  0.000000	  0.071429	  0.000000	
  0.000000	  1.000000	  0.000000	  0.000000	
  0.000000	  0.000000	  0.000000	  1.000000	

URL http://regprecise.lbl.gov/RegPrecise/regulog.jsp?regulog_id=3570

MOTIF HspR_Corynebacteriaceae MerR-family

letter-probability matrix: alength= 4 w= 19 nsites= 24 E= 0
  0.000000	  0.000000	  0.000000	  1.000000	
  0.000000	  0.041667	  0.000000	  0.958333	
  0.000000	  0.125000	  0.875000	  0.000000	
  0.958333	  0.041667	  0.000000	  0.000000	
  0.000000	  0.000000	  1.000000	  0.000000	
  0.000000	  0.250000	  0.000000	  0.750000	
  0.041667	  0.291667	  0.666667	  0.000000	
  0.291667	  0.083333	  0.500000	  0.125000	
  0.458333	  0.125000	  0.416667	  0.000000	
  0.625000	  0.000000	  0.291667	  0.083333	
  0.041667	  0.375000	  0.083333	  0.500000	
  0.708333	  0.125000	  0.125000	  0.041667	
  0.125000	  0.166667	  0.500000	  0.208333	
  0.666667	  0.000000	  0.291667	  0.041667	
  0.041667	  0.916667	  0.000000	  0.041667	
  0.000000	  0.000000	  0.041667	  0.958333	
  0.000000	  0.958333	  0.041667	  0.000000	
  1.000000	  0.000000	  0.000000	  0.000000	
  0.958333	  0.000000	  0.041667	  0.000000	

URL http://regprecise.lbl.gov/RegPrecise/regulog.jsp?regulog_id=3905

MOTIF NimR_Pasteurellales MerR-family

letter-probability matrix: alength= 4 w= 21 nsites= 7 E= 0
  1.000000	  0.000000	  0.000000	  0.000000	
  0.285714	  0.571429	  0.000000	  0.142857	
  0.000000	  0.285714	  0.000000	  0.714286	
  0.428571	  0.571429	  0.000000	  0.000000	
  0.000000	  0.000000	  0.000000	  1.000000	
  0.285714	  0.000000	  0.714286	  0.000000	
  1.000000	  0.000000	  0.000000	  0.000000	
  1.000000	  0.000000	  0.000000	  0.000000	
  0.000000	  0.000000	  1.000000	  0.000000	
  0.000000	  0.000000	  0.000000	  1.000000	
  0.428571	  0.142857	  0.000000	  0.428571	
  0.857143	  0.000000	  0.142857	  0.000000	
  0.000000	  1.000000	  0.000000	  0.000000	
  0.000000	  0.000000	  0.000000	  1.000000	
  0.000000	  0.000000	  0.000000	  1.000000	
  0.000000	  0.857143	  0.000000	  0.142857	
  1.000000	  0.000000	  0.000000	  0.000000	
  0.000000	  0.000000	  0.571429	  0.428571	
  0.714286	  0.000000	  0.285714	  0.000000	
  0.142857	  0.000000	  0.428571	  0.428571	
  0.000000	  0.000000	  0.000000	  1.000000	

URL http://regprecise.lbl.gov/RegPrecise/regulog.jsp?regulog_id=5021

MOTIF NmlR_Burkholderia MerR-family

letter-probability matrix: alength= 4 w= 18 nsites= 8 E= 0
  0.000000	  1.000000	  0.000000	  0.000000	
  0.000000	  0.000000	  0.000000	  1.000000	
  0.000000	  0.000000	  0.000000	  1.000000	
  1.000000	  0.000000	  0.000000	  0.000000	
  0.125000	  0.000000	  0.875000	  0.000000	
  1.000000	  0.000000	  0.000000	  0.000000	
  0.000000	  0.000000	  1.000000	  0.000000	
  0.000000	  0.000000	  0.000000	  1.000000	
  0.000000	  0.000000	  0.750000	  0.250000	
  0.375000	  0.500000	  0.125000	  0.000000	
  1.000000	  0.000000	  0.000000	  0.000000	
  0.000000	  1.000000	  0.000000	  0.000000	
  0.000000	  0.000000	  0.000000	  1.000000	
  0.000000	  0.875000	  0.000000	  0.125000	
  0.000000	  0.000000	  0.250000	  0.750000	
  1.000000	  0.000000	  0.000000	  0.000000	
  1.000000	  0.000000	  0.000000	  0.000000	
  0.125000	  0.375000	  0.500000	  0.000000	

URL http://regprecise.lbl.gov/RegPrecise/regulog.jsp?regulog_id=5105

MOTIF SoxR_Vibrionales MerR-family

letter-probability matrix: alength= 4 w= 20 nsites= 24 E= 0
  0.958333	  0.000000	  0.041667	  0.000000	
  0.000000	  0.958333	  0.041667	  0.000000	
  0.000000	  1.000000	  0.000000	  0.000000	
  0.000000	  0.000000	  0.000000	  1.000000	
  0.125000	  0.833333	  0.000000	  0.041667	
  0.958333	  0.000000	  0.041667	  0.000000	
  0.916667	  0.000000	  0.083333	  0.000000	
  0.000000	  0.375000	  0.541667	  0.083333	
  0.041667	  0.083333	  0.000000	  0.875000	
  0.125000	  0.000000	  0.041667	  0.833333	
  0.833333	  0.041667	  0.000000	  0.125000	
  0.833333	  0.000000	  0.125000	  0.041667	
  0.000000	  0.875000	  0.125000	  0.000000	
  0.000000	  0.041667	  0.000000	  0.958333	
  0.000000	  0.041667	  0.000000	  0.958333	
  0.000000	  0.000000	  0.958333	  0.041667	
  1.000000	  0.000000	  0.000000	  0.000000	
  0.000000	  0.000000	  1.000000	  0.000000	
  0.000000	  0.041667	  0.958333	  0.000000	
  0.166667	  0.041667	  0.041667	  0.750000	

URL http://regprecise.lbl.gov/RegPrecise/regulog.jsp?regulog_id=5116

MOTIF SoxR_Pseudomonadaceae MerR-family

letter-probability matrix: alength= 4 w= 20 nsites= 16 E= 0
  1.000000	  0.000000	  0.000000	  0.000000	
  0.000000	  0.937500	  0.062500	  0.000000	
  0.000000	  1.000000	  0.000000	  0.000000	
  0.000000	  0.000000	  0.000000	  1.000000	
  0.000000	  0.750000	  0.000000	  0.250000	
  0.500000	  0.062500	  0.375000	  0.062500	
  1.000000	  0.000000	  0.000000	  0.000000	
  0.000000	  0.375000	  0.625000	  0.000000	
  0.000000	  0.062500	  0.000000	  0.937500	
  0.125000	  0.000000	  0.000000	  0.875000	
  0.875000	  0.000000	  0.000000	  0.125000	
  0.937500	  0.000000	  0.062500	  0.000000	
  0.000000	  0.750000	  0.250000	  0.000000	
  0.000000	  0.062500	  0.000000	  0.937500	
  0.062500	  0.250000	  0.062500	  0.625000	
  0.312500	  0.000000	  0.625000	  0.062500	
  1.000000	  0.000000	  0.000000	  0.000000	
  0.000000	  0.000000	  1.000000	  0.000000	
  0.000000	  0.125000	  0.875000	  0.000000	
  0.000000	  0.000000	  0.000000	  1.000000	

URL http://regprecise.lbl.gov/RegPrecise/regulog.jsp?regulog_id=5121

MOTIF SoxR_Xanthomonadales MerR-family

letter-probability matrix: alength= 4 w= 20 nsites= 10 E= 0
  0.800000	  0.000000	  0.200000	  0.000000	
  0.000000	  1.000000	  0.000000	  0.000000	
  0.000000	  1.000000	  0.000000	  0.000000	
  0.000000	  0.000000	  0.000000	  1.000000	
  0.000000	  1.000000	  0.000000	  0.000000	
  0.900000	  0.000000	  0.100000	  0.000000	
  1.000000	  0.000000	  0.000000	  0.000000	
  0.000000	  1.000000	  0.000000	  0.000000	
  0.000000	  0.600000	  0.000000	  0.400000	
  0.400000	  0.000000	  0.400000	  0.200000	
  0.400000	  0.300000	  0.100000	  0.200000	
  0.300000	  0.000000	  0.600000	  0.100000	
  0.000000	  0.200000	  0.800000	  0.000000	
  0.000000	  0.000000	  0.000000	  1.000000	
  0.000000	  0.000000	  0.000000	  1.000000	
  0.000000	  0.000000	  0.900000	  0.100000	
  1.000000	  0.000000	  0.000000	  0.000000	
  0.000000	  0.000000	  1.000000	  0.000000	
  0.000000	  0.000000	  1.000000	  0.000000	
  0.000000	  0.100000	  0.000000	  0.900000	

URL http://regprecise.lbl.gov/RegPrecise/regulog.jsp?regulog_id=5123

MOTIF SoxR_Burkholderia MerR-family

letter-probability matrix: alength= 4 w= 20 nsites= 8 E= 0
  0.875000	  0.000000	  0.125000	  0.000000	
  0.000000	  0.625000	  0.375000	  0.000000	
  0.000000	  0.125000	  0.000000	  0.875000	
  0.000000	  0.000000	  0.000000	  1.000000	
  0.000000	  0.250000	  0.750000	  0.000000	
  1.000000	  0.000000	  0.000000	  0.000000	
  1.000000	  0.000000	  0.000000	  0.000000	
  0.000000	  0.000000	  1.000000	  0.000000	
  0.000000	  0.000000	  0.000000	  1.000000	
  0.125000	  0.000000	  0.000000	  0.875000	
  0.875000	  0.000000	  0.000000	  0.125000	
  1.000000	  0.000000	  0.000000	  0.000000	
  0.000000	  1.000000	  0.000000	  0.000000	
  0.000000	  0.000000	  0.000000	  1.000000	
  0.000000	  0.000000	  0.000000	  1.000000	
  0.000000	  0.750000	  0.250000	  0.000000	
  1.000000	  0.000000	  0.000000	  0.000000	
  0.875000	  0.000000	  0.125000	  0.000000	
  0.000000	  0.375000	  0.375000	  0.250000	
  0.000000	  0.125000	  0.000000	  0.875000	

URL http://regprecise.lbl.gov/RegPrecise/regulog.jsp?regulog_id=5124

MOTIF SoxR_Comamonadaceae MerR-family

letter-probability matrix: alength= 4 w= 20 nsites= 12 E= 0
  1.000000	  0.000000	  0.000000	  0.000000	
  0.000000	  0.916667	  0.000000	  0.083333	
  0.000000	  1.000000	  0.000000	  0.000000	
  0.000000	  0.000000	  0.000000	  1.000000	
  0.000000	  1.000000	  0.000000	  0.000000	
  1.000000	  0.000000	  0.000000	  0.000000	
  1.000000	  0.000000	  0.000000	  0.000000	
  0.000000	  0.666667	  0.333333	  0.000000	
  0.083333	  0.250000	  0.000000	  0.666667	
  0.500000	  0.000000	  0.083333	  0.416667	
  0.500000	  0.083333	  0.000000	  0.416667	
  0.666667	  0.000000	  0.333333	  0.000000	
  0.000000	  0.333333	  0.666667	  0.000000	
  0.000000	  0.000000	  0.000000	  1.000000	
  0.000000	  0.083333	  0.000000	  0.916667	
  0.000000	  0.000000	  1.000000	  0.000000	
  1.000000	  0.000000	  0.000000	  0.000000	
  0.000000	  0.000000	  1.000000	  0.000000	
  0.000000	  0.000000	  1.000000	  0.000000	
  0.000000	  0.083333	  0.000000	  0.916667	

URL http://regprecise.lbl.gov/RegPrecise/regulog.jsp?regulog_id=5125

MOTIF SoxR_Rhizobiales MerR-family

letter-probability matrix: alength= 4 w= 20 nsites= 22 E= 0
  1.000000	  0.000000	  0.000000	  0.000000	
  0.000000	  0.909091	  0.090909	  0.000000	
  0.000000	  1.000000	  0.000000	  0.000000	
  0.000000	  0.000000	  0.000000	  1.000000	
  0.045455	  0.954545	  0.000000	  0.000000	
  0.954545	  0.000000	  0.045455	  0.000000	
  0.954545	  0.000000	  0.045455	  0.000000	
  0.000000	  0.681818	  0.272727	  0.045455	
  0.136364	  0.318182	  0.045455	  0.500000	
  0.500000	  0.000000	  0.272727	  0.227273	
  0.318182	  0.227273	  0.000000	  0.454545	
  0.454545	  0.000000	  0.409091	  0.136364	
  0.136364	  0.318182	  0.545455	  0.000000	
  0.000000	  0.000000	  0.000000	  1.000000	
  0.000000	  0.045455	  0.000000	  0.954545	
  0.000000	  0.000000	  0.954545	  0.045455	
  1.000000	  0.000000	  0.000000	  0.000000	
  0.000000	  0.000000	  1.000000	  0.000000	
  0.045455	  0.000000	  0.954545	  0.000000	
  0.181818	  0.000000	  0.000000	  0.818182	

URL http://regprecise.lbl.gov/RegPrecise/regulog.jsp?regulog_id=5127

MOTIF SoxR_Rhodobacterales MerR-family

letter-probability matrix: alength= 4 w= 20 nsites= 18 E= 0
  0.611111	  0.000000	  0.000000	  0.388889	
  0.000000	  0.111111	  0.166667	  0.722222	
  0.000000	  1.000000	  0.000000	  0.000000	
  0.000000	  0.000000	  0.000000	  1.000000	
  0.611111	  0.333333	  0.055556	  0.000000	
  1.000000	  0.000000	  0.000000	  0.000000	
  1.000000	  0.000000	  0.000000	  0.000000	
  0.000000	  0.277778	  0.722222	  0.000000	
  0.000000	  0.277778	  0.000000	  0.722222	
  0.000000	  0.000000	  0.111111	  0.888889	
  0.944444	  0.055556	  0.000000	  0.000000	
  0.611111	  0.000000	  0.388889	  0.000000	
  0.000000	  0.722222	  0.277778	  0.000000	
  0.000000	  0.000000	  0.000000	  1.000000	
  0.000000	  0.000000	  0.000000	  1.000000	
  0.000000	  0.055556	  0.388889	  0.555556	
  1.000000	  0.000000	  0.000000	  0.000000	
  0.000000	  0.000000	  1.000000	  0.000000	
  0.722222	  0.111111	  0.166667	  0.000000	
  0.444444	  0.000000	  0.000000	  0.555556	

URL http://regprecise.lbl.gov/RegPrecise/regulog.jsp?regulog_id=5128

MOTIF ZntR_Vibrionales MerR-family

letter-probability matrix: alength= 4 w= 22 nsites= 10 E= 0
  1.000000	  0.000000	  0.000000	  0.000000	
  0.000000	  1.000000	  0.000000	  0.000000	
  0.000000	  1.000000	  0.000000	  0.000000	
  0.000000	  0.000000	  0.000000	  1.000000	
  0.000000	  0.000000	  0.000000	  1.000000	
  0.200000	  0.000000	  0.800000	  0.000000	
  0.100000	  0.000000	  0.900000	  0.000000	
  1.000000	  0.000000	  0.000000	  0.000000	
  0.000000	  0.100000	  0.800000	  0.100000	
  0.100000	  0.300000	  0.000000	  0.600000	
  0.100000	  0.000000	  0.000000	  0.900000	
  0.600000	  0.000000	  0.300000	  0.100000	
  0.600000	  0.000000	  0.300000	  0.100000	
  0.000000	  1.000000	  0.000000	  0.000000	
  0.000000	  0.000000	  0.000000	  1.000000	
  0.000000	  1.000000	  0.000000	  0.000000	
  0.000000	  0.600000	  0.000000	  0.400000	
  1.000000	  0.000000	  0.000000	  0.000000	
  1.000000	  0.000000	  0.000000	  0.000000	
  0.000000	  0.000000	  1.000000	  0.000000	
  0.000000	  0.000000	  1.000000	  0.000000	
  0.000000	  0.000000	  0.000000	  1.000000	

URL http://regprecise.lbl.gov/RegPrecise/regulog.jsp?regulog_id=5135

MOTIF CueR_Ralstonia MerR-family

letter-probability matrix: alength= 4 w= 21 nsites= 18 E= 0
  0.722222	  0.277778	  0.000000	  0.000000	
  0.055556	  0.722222	  0.222222	  0.000000	
  0.000000	  0.833333	  0.111111	  0.055556	
  0.000000	  0.000000	  0.000000	  1.000000	
  0.000000	  0.000000	  0.000000	  1.000000	
  0.000000	  0.944444	  0.055556	  0.000000	
  0.000000	  1.000000	  0.000000	  0.000000	
  0.222222	  0.611111	  0.000000	  0.166667	
  0.888889	  0.000000	  0.055556	  0.055556	
  0.055556	  0.388889	  0.000000	  0.555556	
  0.000000	  0.277778	  0.611111	  0.111111	
  0.444444	  0.000000	  0.500000	  0.055556	
  0.000000	  0.111111	  0.055556	  0.833333	
  0.000000	  0.000000	  1.000000	  0.000000	
  0.000000	  0.000000	  1.000000	  0.000000	
  0.055556	  0.111111	  0.611111	  0.222222	
  1.000000	  0.000000	  0.000000	  0.000000	
  0.944444	  0.000000	  0.055556	  0.000000	
  0.000000	  0.111111	  0.888889	  0.000000	
  0.000000	  0.111111	  0.833333	  0.055556	
  0.111111	  0.000000	  0.055556	  0.833333	

URL http://regprecise.lbl.gov/RegPrecise/regulog.jsp?regulog_id=5153

MOTIF CueR_Vibrionales MerR-family

letter-probability matrix: alength= 4 w= 21 nsites= 25 E= 0
  1.000000	  0.000000	  0.000000	  0.000000	
  0.000000	  0.880000	  0.120000	  0.000000	
  0.000000	  0.960000	  0.000000	  0.040000	
  0.000000	  0.000000	  0.000000	  1.000000	
  0.000000	  0.000000	  0.000000	  1.000000	
  0.400000	  0.600000	  0.000000	  0.000000	
  0.000000	  0.920000	  0.000000	  0.080000	
  0.280000	  0.680000	  0.040000	  0.000000	
  0.000000	  0.680000	  0.200000	  0.120000	
  0.000000	  0.120000	  0.000000	  0.880000	
  0.480000	  0.000000	  0.040000	  0.480000	
  0.720000	  0.000000	  0.280000	  0.000000	
  0.120000	  0.320000	  0.560000	  0.000000	
  0.040000	  0.040000	  0.520000	  0.400000	
  0.080000	  0.000000	  0.760000	  0.160000	
  0.120000	  0.040000	  0.480000	  0.360000	
  1.000000	  0.000000	  0.000000	  0.000000	
  0.920000	  0.000000	  0.080000	  0.000000	
  0.040000	  0.120000	  0.840000	  0.000000	
  0.000000	  0.320000	  0.680000	  0.000000	
  0.000000	  0.040000	  0.000000	  0.960000	

URL http://regprecise.lbl.gov/RegPrecise/regulog.jsp?regulog_id=5154

MOTIF CueR_Pasteurellales MerR-family

letter-probability matrix: alength= 4 w= 21 nsites= 14 E= 0
  0.928571	  0.000000	  0.000000	  0.071429	
  0.000000	  0.928571	  0.071429	  0.000000	
  0.000000	  0.928571	  0.000000	  0.071429	
  0.000000	  0.071429	  0.000000	  0.928571	
  0.000000	  0.000000	  0.000000	  1.000000	
  0.642857	  0.071429	  0.214286	  0.071429	
  0.785714	  0.214286	  0.000000	  0.000000	
  0.000000	  0.928571	  0.071429	  0.000000	
  0.071429	  0.714286	  0.142857	  0.071429	
  0.000000	  0.214286	  0.000000	  0.785714	
  0.428571	  0.000000	  0.000000	  0.571429	
  0.857143	  0.000000	  0.142857	  0.000000	
  0.000000	  0.142857	  0.714286	  0.142857	
  0.000000	  0.000000	  1.000000	  0.000000	
  0.000000	  0.000000	  0.142857	  0.857143	
  0.071429	  0.285714	  0.071429	  0.571429	
  1.000000	  0.000000	  0.000000	  0.000000	
  0.928571	  0.000000	  0.071429	  0.000000	
  0.071429	  0.000000	  0.928571	  0.000000	
  0.000000	  0.142857	  0.857143	  0.000000	
  0.142857	  0.000000	  0.000000	  0.857143	

URL http://regprecise.lbl.gov/RegPrecise/regulog.jsp?regulog_id=5155

MOTIF CueR_Psychromonadaceae_Aeromonadales MerR-family

letter-probability matrix: alength= 4 w= 21 nsites= 13 E= 0
  0.769231	  0.153846	  0.076923	  0.000000	
  0.000000	  0.846154	  0.153846	  0.000000	
  0.000000	  0.923077	  0.000000	  0.076923	
  0.000000	  0.000000	  0.000000	  1.000000	
  0.000000	  0.000000	  0.000000	  1.000000	
  0.615385	  0.307692	  0.076923	  0.000000	
  0.076923	  0.923077	  0.000000	  0.000000	
  0.384615	  0.615385	  0.000000	  0.000000	
  0.153846	  0.461538	  0.307692	  0.076923	
  0.000000	  0.000000	  0.000000	  1.000000	
  0.615385	  0.000000	  0.076923	  0.307692	
  0.769231	  0.000000	  0.153846	  0.076923	
  0.307692	  0.153846	  0.461538	  0.076923	
  0.153846	  0.000000	  0.769231	  0.076923	
  0.000000	  0.000000	  0.923077	  0.076923	
  0.000000	  0.076923	  0.230769	  0.692308	
  0.846154	  0.000000	  0.000000	  0.153846	
  0.923077	  0.000000	  0.076923	  0.000000	
  0.307692	  0.076923	  0.461538	  0.153846	
  0.000000	  0.000000	  0.923077	  0.076923	
  0.153846	  0.076923	  0.538462	  0.230769	

URL http://regprecise.lbl.gov/RegPrecise/regulog.jsp?regulog_id=5157

MOTIF CueR_Oceanospirillales_Alteromonadales MerR-family

letter-probability matrix: alength= 4 w= 21 nsites= 7 E= 0
  1.000000	  0.000000	  0.000000	  0.000000	
  0.000000	  1.000000	  0.000000	  0.000000	
  0.000000	  0.857143	  0.000000	  0.142857	
  0.000000	  0.000000	  0.000000	  1.000000	
  0.000000	  0.000000	  0.000000	  1.000000	
  0.571429	  0.285714	  0.142857	  0.000000	
  0.000000	  1.000000	  0.000000	  0.000000	
  0.000000	  0.857143	  0.000000	  0.142857	
  1.000000	  0.000000	  0.000000	  0.000000	
  0.000000	  0.428571	  0.000000	  0.571429	
  0.285714	  0.142857	  0.571429	  0.000000	
  0.857143	  0.000000	  0.142857	  0.000000	
  0.142857	  0.000000	  0.000000	  0.857143	
  0.000000	  0.000000	  1.000000	  0.000000	
  0.000000	  0.000000	  0.714286	  0.285714	
  0.000000	  0.571429	  0.428571	  0.000000	
  1.000000	  0.000000	  0.000000	  0.000000	
  0.714286	  0.000000	  0.285714	  0.000000	
  0.142857	  0.000000	  0.857143	  0.000000	
  0.000000	  0.285714	  0.714286	  0.000000	
  0.571429	  0.142857	  0.000000	  0.285714	

URL http://regprecise.lbl.gov/RegPrecise/regulog.jsp?regulog_id=5158

MOTIF CueR_Pseudomonadaceae MerR-family

letter-probability matrix: alength= 4 w= 21 nsites= 19 E= 0
  1.000000	  0.000000	  0.000000	  0.000000	
  0.000000	  1.000000	  0.000000	  0.000000	
  0.000000	  1.000000	  0.000000	  0.000000	
  0.000000	  0.000000	  0.000000	  1.000000	
  0.000000	  0.000000	  0.000000	  1.000000	
  0.000000	  0.000000	  1.000000	  0.000000	
  0.105263	  0.789474	  0.000000	  0.105263	
  0.000000	  1.000000	  0.000000	  0.000000	
  0.578947	  0.263158	  0.052632	  0.105263	
  0.105263	  0.210526	  0.263158	  0.421053	
  0.052632	  0.263158	  0.578947	  0.105263	
  0.263158	  0.052632	  0.684211	  0.000000	
  0.000000	  0.052632	  0.157895	  0.789474	
  0.000000	  0.000000	  1.000000	  0.000000	
  0.000000	  0.000000	  0.631579	  0.368421	
  0.000000	  0.947368	  0.000000	  0.052632	
  1.000000	  0.000000	  0.000000	  0.000000	
  1.000000	  0.000000	  0.000000	  0.000000	
  0.000000	  0.000000	  1.000000	  0.000000	
  0.000000	  0.210526	  0.789474	  0.000000	
  0.052632	  0.052632	  0.000000	  0.894737	

URL http://regprecise.lbl.gov/RegPrecise/regulog.jsp?regulog_id=5159

MOTIF CueR_Burkholderia MerR-family

letter-probability matrix: alength= 4 w= 21 nsites= 12 E= 0
  1.000000	  0.000000	  0.000000	  0.000000	
  0.000000	  1.000000	  0.000000	  0.000000	
  0.000000	  1.000000	  0.000000	  0.000000	
  0.000000	  0.000000	  0.000000	  1.000000	
  0.000000	  0.000000	  0.000000	  1.000000	
  0.083333	  0.833333	  0.083333	  0.000000	
  0.000000	  1.000000	  0.000000	  0.000000	
  0.000000	  1.000000	  0.000000	  0.000000	
  0.916667	  0.000000	  0.083333	  0.000000	
  0.083333	  0.583333	  0.000000	  0.333333	
  0.250000	  0.583333	  0.083333	  0.083333	
  0.333333	  0.000000	  0.666667	  0.000000	
  0.000000	  0.000000	  0.000000	  1.000000	
  0.000000	  0.000000	  0.916667	  0.083333	
  0.000000	  0.000000	  1.000000	  0.000000	
  0.000000	  0.333333	  0.666667	  0.000000	
  1.000000	  0.000000	  0.000000	  0.000000	
  1.000000	  0.000000	  0.000000	  0.000000	
  0.000000	  0.083333	  0.916667	  0.000000	
  0.083333	  0.250000	  0.666667	  0.000000	
  0.000000	  0.000000	  0.000000	  1.000000	

URL http://regprecise.lbl.gov/RegPrecise/regulog.jsp?regulog_id=5162

MOTIF CueR_Rhizobiales MerR-family

letter-probability matrix: alength= 4 w= 21 nsites= 22 E= 0
  0.954545	  0.000000	  0.045455	  0.000000	
  0.000000	  0.954545	  0.045455	  0.000000	
  0.000000	  1.000000	  0.000000	  0.000000	
  0.000000	  0.045455	  0.000000	  0.954545	
  0.000000	  0.000000	  0.000000	  1.000000	
  0.136364	  0.590909	  0.272727	  0.000000	
  0.000000	  1.000000	  0.000000	  0.000000	
  0.272727	  0.681818	  0.045455	  0.000000	
  0.818182	  0.000000	  0.181818	  0.000000	
  0.000000	  0.318182	  0.000000	  0.681818	
  0.045455	  0.545455	  0.181818	  0.227273	
  0.318182	  0.000000	  0.681818	  0.000000	
  0.000000	  0.181818	  0.000000	  0.818182	
  0.045455	  0.000000	  0.181818	  0.772727	
  0.000000	  0.000000	  1.000000	  0.000000	
  0.000000	  0.000000	  0.909091	  0.090909	
  1.000000	  0.000000	  0.000000	  0.000000	
  1.000000	  0.000000	  0.000000	  0.000000	
  0.090909	  0.000000	  0.909091	  0.000000	
  0.000000	  0.590909	  0.409091	  0.000000	
  0.318182	  0.363636	  0.090909	  0.227273	

URL http://regprecise.lbl.gov/RegPrecise/regulog.jsp?regulog_id=5165

MOTIF CueR_Rhodobacterales MerR-family

letter-probability matrix: alength= 4 w= 21 nsites= 18 E= 0
  0.833333	  0.055556	  0.111111	  0.000000	
  0.000000	  0.833333	  0.166667	  0.000000	
  0.000000	  1.000000	  0.000000	  0.000000	
  0.000000	  0.055556	  0.000000	  0.944444	
  0.000000	  0.000000	  0.000000	  1.000000	
  0.055556	  0.944444	  0.000000	  0.000000	
  0.000000	  1.000000	  0.000000	  0.000000	
  0.722222	  0.222222	  0.055556	  0.000000	
  0.111111	  0.111111	  0.666667	  0.111111	
  0.000000	  0.277778	  0.000000	  0.722222	
  0.388889	  0.111111	  0.222222	  0.277778	
  0.666667	  0.000000	  0.333333	  0.000000	
  0.000000	  0.722222	  0.222222	  0.055556	
  0.055556	  0.000000	  0.222222	  0.722222	
  0.000000	  0.000000	  1.000000	  0.000000	
  0.000000	  0.000000	  1.000000	  0.000000	
  1.000000	  0.000000	  0.000000	  0.000000	
  0.888889	  0.055556	  0.055556	  0.000000	
  0.000000	  0.111111	  0.833333	  0.055556	
  0.000000	  0.666667	  0.333333	  0.000000	
  0.055556	  0.666667	  0.000000	  0.277778	

URL http://regprecise.lbl.gov/RegPrecise/regulog.jsp?regulog_id=5166

MOTIF CueR_Rhodospirillales MerR-family

letter-probability matrix: alength= 4 w= 21 nsites= 7 E= 0
  1.000000	  0.000000	  0.000000	  0.000000	
  0.000000	  1.000000	  0.000000	  0.000000	
  0.000000	  1.000000	  0.000000	  0.000000	
  0.000000	  0.000000	  0.000000	  1.000000	
  0.000000	  0.000000	  0.000000	  1.000000	
  0.000000	  1.000000	  0.000000	  0.000000	
  0.000000	  1.000000	  0.000000	  0.000000	
  0.571429	  0.428571	  0.000000	  0.000000	
  0.285714	  0.000000	  0.428571	  0.285714	
  0.000000	  0.428571	  0.142857	  0.428571	
  0.000000	  0.142857	  0.571429	  0.285714	
  0.285714	  0.000000	  0.714286	  0.000000	
  0.000000	  0.714286	  0.000000	  0.285714	
  0.142857	  0.000000	  0.142857	  0.714286	
  0.000000	  0.000000	  1.000000	  0.000000	
  0.000000	  0.000000	  1.000000	  0.000000	
  1.000000	  0.000000	  0.000000	  0.000000	
  1.000000	  0.000000	  0.000000	  0.000000	
  0.000000	  0.142857	  0.857143	  0.000000	
  0.000000	  0.285714	  0.714286	  0.000000	
  0.142857	  0.285714	  0.000000	  0.571429	

URL http://regprecise.lbl.gov/RegPrecise/regulog.jsp?regulog_id=5167

MOTIF CueR_Caulobacterales MerR-family

letter-probability matrix: alength= 4 w= 21 nsites= 7 E= 0
  0.857143	  0.000000	  0.000000	  0.142857	
  0.000000	  1.000000	  0.000000	  0.000000	
  0.000000	  1.000000	  0.000000	  0.000000	
  0.000000	  0.428571	  0.000000	  0.571429	
  0.000000	  0.000000	  0.000000	  1.000000	
  0.000000	  0.857143	  0.142857	  0.000000	
  0.000000	  1.000000	  0.000000	  0.000000	
  0.000000	  1.000000	  0.000000	  0.000000	
  1.000000	  0.000000	  0.000000	  0.000000	
  0.000000	  0.285714	  0.000000	  0.714286	
  0.000000	  0.285714	  0.428571	  0.285714	
  0.714286	  0.000000	  0.285714	  0.000000	
  0.000000	  0.000000	  0.000000	  1.000000	
  0.000000	  0.000000	  0.714286	  0.285714	
  0.000000	  0.000000	  1.000000	  0.000000	
  0.000000	  0.000000	  1.000000	  0.000000	
  1.000000	  0.000000	  0.000000	  0.000000	
  0.857143	  0.000000	  0.142857	  0.000000	
  0.142857	  0.000000	  0.714286	  0.142857	
  0.000000	  0.571429	  0.428571	  0.000000	
  0.142857	  0.142857	  0.000000	  0.714286	

URL http://regprecise.lbl.gov/RegPrecise/regulog.jsp?regulog_id=5169

MOTIF MerR_Ralstonia MerR-family

letter-probability matrix: alength= 4 w= 22 nsites= 11 E= 0
  1.000000	  0.000000	  0.000000	  0.000000	
  0.000000	  1.000000	  0.000000	  0.000000	
  0.000000	  0.000000	  0.000000	  1.000000	
  0.000000	  1.000000	  0.000000	  0.000000	
  0.000000	  1.000000	  0.000000	  0.000000	
  0.000000	  0.000000	  1.000000	  0.000000	
  0.000000	  0.000000	  0.000000	  1.000000	
  1.000000	  0.000000	  0.000000	  0.000000	
  0.000000	  0.909091	  0.090909	  0.000000	
  0.636364	  0.090909	  0.000000	  0.272727	
  0.090909	  0.181818	  0.000000	  0.727273	
  0.181818	  0.090909	  0.636364	  0.090909	
  0.727273	  0.000000	  0.272727	  0.000000	
  0.000000	  0.090909	  0.909091	  0.000000	
  0.000000	  0.000000	  0.000000	  1.000000	
  1.000000	  0.000000	  0.000000	  0.000000	
  0.000000	  1.000000	  0.000000	  0.000000	
  0.000000	  0.000000	  1.000000	  0.000000	
  0.000000	  0.000000	  1.000000	  0.000000	
  0.818182	  0.000000	  0.181818	  0.000000	
  0.909091	  0.090909	  0.000000	  0.000000	
  0.000000	  0.090909	  0.727273	  0.181818	

URL http://regprecise.lbl.gov/RegPrecise/regulog.jsp?regulog_id=5173

MOTIF MerR_Alteromonadales MerR-family

