Converted 4 motifs.
0 conversion errors.
MEME version 4

ALPHABET= ACGT

strands: + -

Background letter frequencies (from uniform background):
A 0.25000 C 0.25000 G 0.25000 T 0.25000 

MOTIF NadQ_Moraxellaceae NadQ-family

letter-probability matrix: alength= 4 w= 21 nsites= 6 E= 0
  0.000000	  0.000000	  0.000000	  1.000000	
  0.000000	  0.000000	  0.000000	  1.000000	
  1.000000	  0.000000	  0.000000	  0.000000	
  0.000000	  0.000000	  0.000000	  1.000000	
  0.166667	  0.000000	  0.833333	  0.000000	
  0.000000	  1.000000	  0.000000	  0.000000	
  0.000000	  0.000000	  0.000000	  1.000000	
  0.000000	  1.000000	  0.000000	  0.000000	
  1.000000	  0.000000	  0.000000	  0.000000	
  0.333333	  0.000000	  0.000000	  0.666667	
  0.500000	  0.000000	  0.000000	  0.500000	
  0.500000	  0.000000	  0.000000	  0.500000	
  0.000000	  0.000000	  0.000000	  1.000000	
  0.000000	  0.000000	  1.000000	  0.000000	
  1.000000	  0.000000	  0.000000	  0.000000	
  0.000000	  0.000000	  1.000000	  0.000000	
  0.000000	  0.666667	  0.000000	  0.333333	
  0.833333	  0.000000	  0.000000	  0.166667	
  0.000000	  0.000000	  0.000000	  1.000000	
  0.833333	  0.000000	  0.000000	  0.166667	
  1.000000	  0.000000	  0.000000	  0.000000	

URL http://regprecise.lbl.gov/RegPrecise/regulog.jsp?regulog_id=1628

MOTIF NadQ_Rhizobiales NadQ-family

letter-probability matrix: alength= 4 w= 21 nsites= 22 E= 0
  0.454545	  0.000000	  0.000000	  0.545455	
  0.000000	  0.000000	  0.000000	  1.000000	
  0.954545	  0.000000	  0.000000	  0.045455	
  0.000000	  0.000000	  0.000000	  1.000000	
  0.318182	  0.000000	  0.681818	  0.000000	
  0.090909	  0.818182	  0.090909	  0.000000	
  0.000000	  0.000000	  0.000000	  1.000000	
  0.000000	  1.000000	  0.000000	  0.000000	
  0.909091	  0.000000	  0.045455	  0.045455	
  0.272727	  0.272727	  0.318182	  0.136364	
  0.681818	  0.045455	  0.136364	  0.136364	
  0.318182	  0.181818	  0.181818	  0.318182	
  0.181818	  0.181818	  0.090909	  0.545455	
  0.136364	  0.045455	  0.818182	  0.000000	
  1.000000	  0.000000	  0.000000	  0.000000	
  0.000000	  0.090909	  0.818182	  0.090909	
  0.136364	  0.409091	  0.045455	  0.409091	
  1.000000	  0.000000	  0.000000	  0.000000	
  0.000000	  0.000000	  0.000000	  1.000000	
  1.000000	  0.000000	  0.000000	  0.000000	
  0.590909	  0.000000	  0.045455	  0.363636	

URL http://regprecise.lbl.gov/RegPrecise/regulog.jsp?regulog_id=1634

MOTIF NadQ_Rhodospirillales NadQ-family

letter-probability matrix: alength= 4 w= 21 nsites= 10 E= 0
  0.500000	  0.100000	  0.000000	  0.400000	
  0.200000	  0.000000	  0.000000	  0.800000	
  0.800000	  0.000000	  0.000000	  0.200000	
  0.000000	  0.000000	  0.000000	  1.000000	
  0.400000	  0.000000	  0.600000	  0.000000	
  0.000000	  1.000000	  0.000000	  0.000000	
  0.000000	  0.000000	  0.000000	  1.000000	
  0.000000	  1.000000	  0.000000	  0.000000	
  0.800000	  0.000000	  0.000000	  0.200000	
  0.300000	  0.200000	  0.200000	  0.300000	
  0.500000	  0.100000	  0.000000	  0.400000	
  0.100000	  0.100000	  0.200000	  0.600000	
  0.300000	  0.200000	  0.000000	  0.500000	
  0.000000	  0.200000	  0.800000	  0.000000	
  1.000000	  0.000000	  0.000000	  0.000000	
  0.000000	  0.000000	  1.000000	  0.000000	
  0.000000	  0.900000	  0.000000	  0.100000	
  1.000000	  0.000000	  0.000000	  0.000000	
  0.000000	  0.100000	  0.000000	  0.900000	
  1.000000	  0.000000	  0.000000	  0.000000	
  0.700000	  0.000000	  0.000000	  0.300000	

URL http://regprecise.lbl.gov/RegPrecise/regulog.jsp?regulog_id=1636

MOTIF NadQ_Caulobacterales NadQ-family

letter-probability matrix: alength= 4 w= 21 nsites= 16 E= 0
  0.312500	  0.000000	  0.000000	  0.687500	
  0.500000	  0.000000	  0.000000	  0.500000	
  0.812500	  0.000000	  0.062500	  0.125000	
  0.000000	  0.000000	  0.187500	  0.812500	
  0.000000	  0.125000	  0.875000	  0.000000	
  0.000000	  1.000000	  0.000000	  0.000000	
  0.000000	  0.000000	  0.000000	  1.000000	
  0.000000	  1.000000	  0.000000	  0.000000	
  0.937500	  0.062500	  0.000000	  0.000000	
  0.250000	  0.437500	  0.250000	  0.062500	
  0.125000	  0.187500	  0.000000	  0.687500	
  0.062500	  0.187500	  0.062500	  0.687500	
  0.000000	  0.000000	  0.000000	  1.000000	
  0.000000	  0.312500	  0.625000	  0.062500	
  1.000000	  0.000000	  0.000000	  0.000000	
  0.000000	  0.000000	  1.000000	  0.000000	
  0.000000	  1.000000	  0.000000	  0.000000	
  1.000000	  0.000000	  0.000000	  0.000000	
  0.125000	  0.000000	  0.000000	  0.875000	
  0.937500	  0.000000	  0.000000	  0.062500	
  0.812500	  0.000000	  0.000000	  0.187500	

URL http://regprecise.lbl.gov/RegPrecise/regulog.jsp?regulog_id=1638


