MEME version 4

ALPHABET= ACGT

strands: + -

Background letter frequencies (from uniform background):
A 0.25000 C 0.25000 G 0.25000 T 0.25000 

MOTIF NrtR_Cyanobacteria NrtR-family

letter-probability matrix: alength= 4 w= 21 nsites= 16 E= 0
  0.125000	  0.000000	  0.000000	  0.875000	
  0.000000	  0.000000	  0.000000	  1.000000	
  0.500000	  0.000000	  0.000000	  0.500000	
  0.062500	  0.000000	  0.000000	  0.937500	
  0.187500	  0.000000	  0.812500	  0.000000	
  0.000000	  0.000000	  1.000000	  0.000000	
  0.000000	  0.000000	  0.000000	  1.000000	
  0.875000	  0.000000	  0.125000	  0.000000	
  0.812500	  0.000000	  0.125000	  0.062500	
  0.750000	  0.000000	  0.125000	  0.125000	
  0.812500	  0.000000	  0.000000	  0.187500	
  0.437500	  0.062500	  0.062500	  0.437500	
  0.000000	  0.562500	  0.000000	  0.437500	
  0.375000	  0.125000	  0.062500	  0.437500	
  1.000000	  0.000000	  0.000000	  0.000000	
  0.000000	  0.937500	  0.000000	  0.062500	
  0.000000	  0.250000	  0.000000	  0.750000	
  1.000000	  0.000000	  0.000000	  0.000000	
  0.062500	  0.000000	  0.000000	  0.937500	
  1.000000	  0.000000	  0.000000	  0.000000	
  0.937500	  0.062500	  0.000000	  0.000000	

URL http://regprecise.lbl.gov/RegPrecise/regulog.jsp?regulog_id=1165

MOTIF NrtR_Corynebacteriaceae NrtR-family

letter-probability matrix: alength= 4 w= 21 nsites= 6 E= 0
  0.166667	  0.000000	  0.000000	  0.833333	
  0.000000	  0.000000	  0.000000	  1.000000	
  0.833333	  0.000000	  0.000000	  0.166667	
  0.333333	  0.000000	  0.500000	  0.166667	
  0.666667	  0.166667	  0.000000	  0.166667	
  0.000000	  0.000000	  1.000000	  0.000000	
  0.000000	  0.166667	  0.000000	  0.833333	
  0.000000	  1.000000	  0.000000	  0.000000	
  0.833333	  0.166667	  0.000000	  0.000000	
  0.333333	  0.333333	  0.333333	  0.000000	
  0.500000	  0.333333	  0.000000	  0.166667	
  0.166667	  0.166667	  0.333333	  0.333333	
  0.166667	  0.000000	  0.000000	  0.833333	
  0.000000	  0.000000	  1.000000	  0.000000	
  0.833333	  0.000000	  0.000000	  0.166667	
  0.000000	  1.000000	  0.000000	  0.000000	
  0.166667	  0.333333	  0.166667	  0.333333	
  0.166667	  0.333333	  0.333333	  0.166667	
  0.166667	  0.000000	  0.000000	  0.833333	
  1.000000	  0.000000	  0.000000	  0.000000	
  1.000000	  0.000000	  0.000000	  0.000000	

URL http://regprecise.lbl.gov/RegPrecise/regulog.jsp?regulog_id=1473

MOTIF NrtR_Enterobacteriales NrtR-family

letter-probability matrix: alength= 4 w= 21 nsites= 6 E= 0
  0.500000	  0.000000	  0.000000	  0.500000	
  0.000000	  0.000000	  0.000000	  1.000000	
  0.833333	  0.000000	  0.000000	  0.166667	
  0.166667	  0.000000	  0.500000	  0.333333	
  0.000000	  0.000000	  0.000000	  1.000000	
  0.000000	  0.000000	  1.000000	  0.000000	
  0.000000	  0.000000	  0.000000	  1.000000	
  0.000000	  1.000000	  0.000000	  0.000000	
  0.333333	  0.333333	  0.000000	  0.333333	
  0.166667	  0.000000	  0.000000	  0.833333	
  0.500000	  0.000000	  0.000000	  0.500000	
  0.833333	  0.000000	  0.000000	  0.166667	
  0.333333	  0.000000	  0.333333	  0.333333	
  0.000000	  0.000000	  1.000000	  0.000000	
  1.000000	  0.000000	  0.000000	  0.000000	
  0.000000	  1.000000	  0.000000	  0.000000	
  1.000000	  0.000000	  0.000000	  0.000000	
  0.333333	  0.500000	  0.000000	  0.166667	
  0.166667	  0.000000	  0.000000	  0.833333	
  1.000000	  0.000000	  0.000000	  0.000000	
  0.500000	  0.000000	  0.000000	  0.500000	

URL http://regprecise.lbl.gov/RegPrecise/regulog.jsp?regulog_id=1642

MOTIF NrtR_Vibrionales NrtR-family

letter-probability matrix: alength= 4 w= 21 nsites= 9 E= 0
  0.000000	  0.000000	  0.000000	  1.000000	
  0.000000	  0.000000	  0.000000	  1.000000	
  0.444444	  0.000000	  0.000000	  0.555556	
  0.000000	  0.000000	  1.000000	  0.000000	
  0.000000	  0.111111	  0.000000	  0.888889	
  0.444444	  0.555556	  0.000000	  0.000000	
  1.000000	  0.000000	  0.000000	  0.000000	
  0.444444	  0.555556	  0.000000	  0.000000	
  0.555556	  0.333333	  0.000000	  0.111111	
  0.555556	  0.000000	  0.000000	  0.444444	
  0.555556	  0.000000	  0.000000	  0.444444	
  0.555556	  0.000000	  0.000000	  0.444444	
  0.111111	  0.000000	  0.333333	  0.555556	
  0.000000	  0.000000	  0.555556	  0.444444	
  0.000000	  0.000000	  0.000000	  1.000000	
  0.000000	  0.000000	  0.555556	  0.444444	
  1.000000	  0.000000	  0.000000	  0.000000	
  0.000000	  1.000000	  0.000000	  0.000000	
  0.555556	  0.000000	  0.000000	  0.444444	
  1.000000	  0.000000	  0.000000	  0.000000	
  1.000000	  0.000000	  0.000000	  0.000000	

URL http://regprecise.lbl.gov/RegPrecise/regulog.jsp?regulog_id=1643

MOTIF NrtR_Pseudomonadaceae NrtR-family

letter-probability matrix: alength= 4 w= 21 nsites= 10 E= 0
  0.700000	  0.000000	  0.000000	  0.300000	
  0.300000	  0.000000	  0.000000	  0.700000	
  0.800000	  0.000000	  0.200000	  0.000000	
  0.300000	  0.000000	  0.400000	  0.300000	
  0.000000	  0.000000	  0.000000	  1.000000	
  0.400000	  0.000000	  0.100000	  0.500000	
  0.000000	  0.900000	  0.000000	  0.100000	
  1.000000	  0.000000	  0.000000	  0.000000	
  0.000000	  0.400000	  0.000000	  0.600000	
  0.000000	  0.500000	  0.500000	  0.000000	
  0.500000	  0.000000	  0.000000	  0.500000	
  0.000000	  0.500000	  0.500000	  0.000000	
  0.600000	  0.000000	  0.400000	  0.000000	
  0.000000	  0.000000	  0.000000	  1.000000	
  0.100000	  0.000000	  0.900000	  0.000000	
  0.500000	  0.100000	  0.000000	  0.400000	
  1.000000	  0.000000	  0.000000	  0.000000	
  0.300000	  0.400000	  0.000000	  0.300000	
  0.000000	  0.200000	  0.000000	  0.800000	
  0.700000	  0.000000	  0.000000	  0.300000	
  0.300000	  0.000000	  0.000000	  0.700000	

URL http://regprecise.lbl.gov/RegPrecise/regulog.jsp?regulog_id=1648

MOTIF NrtR_Comamonadaceae NrtR-family

letter-probability matrix: alength= 4 w= 21 nsites= 12 E= 0
  0.416667	  0.083333	  0.000000	  0.500000	
  0.416667	  0.000000	  0.416667	  0.166667	
  0.500000	  0.000000	  0.500000	  0.000000	
  0.000000	  0.000000	  1.000000	  0.000000	
  0.000000	  0.000000	  0.000000	  1.000000	
  0.000000	  0.000000	  0.000000	  1.000000	
  0.000000	  0.000000	  1.000000	  0.000000	
  0.000000	  0.416667	  0.000000	  0.583333	
  0.750000	  0.000000	  0.000000	  0.250000	
  0.000000	  0.750000	  0.000000	  0.250000	
  0.583333	  0.000000	  0.000000	  0.416667	
  0.333333	  0.000000	  0.666667	  0.000000	
  0.250000	  0.000000	  0.000000	  0.750000	
  0.583333	  0.000000	  0.333333	  0.083333	
  0.083333	  0.916667	  0.000000	  0.000000	
  1.000000	  0.000000	  0.000000	  0.000000	
  1.000000	  0.000000	  0.000000	  0.000000	
  0.000000	  1.000000	  0.000000	  0.000000	
  0.000000	  0.583333	  0.000000	  0.416667	
  0.250000	  0.333333	  0.000000	  0.416667	
  0.750000	  0.000000	  0.083333	  0.166667	

URL http://regprecise.lbl.gov/RegPrecise/regulog.jsp?regulog_id=1653

MOTIF NrtR_Rhizobiales NrtR-family

letter-probability matrix: alength= 4 w= 21 nsites= 8 E= 0
  0.000000	  0.000000	  0.000000	  1.000000	
  0.250000	  0.000000	  0.000000	  0.750000	
  1.000000	  0.000000	  0.000000	  0.000000	
  0.000000	  0.000000	  1.000000	  0.000000	
  0.000000	  0.000000	  0.000000	  1.000000	
  0.000000	  0.000000	  0.375000	  0.625000	
  0.125000	  0.000000	  0.625000	  0.250000	
  0.375000	  0.000000	  0.375000	  0.250000	
  0.625000	  0.250000	  0.000000	  0.125000	
  0.375000	  0.375000	  0.250000	  0.000000	
  0.500000	  0.000000	  0.000000	  0.500000	
  0.000000	  0.250000	  0.375000	  0.375000	
  0.125000	  0.000000	  0.250000	  0.625000	
  0.250000	  0.375000	  0.000000	  0.375000	
  0.250000	  0.625000	  0.000000	  0.125000	
  0.625000	  0.375000	  0.000000	  0.000000	
  1.000000	  0.000000	  0.000000	  0.000000	
  0.000000	  1.000000	  0.000000	  0.000000	
  0.000000	  0.000000	  0.000000	  1.000000	
  0.750000	  0.000000	  0.000000	  0.250000	
  1.000000	  0.000000	  0.000000	  0.000000	

URL http://regprecise.lbl.gov/RegPrecise/regulog.jsp?regulog_id=1655

MOTIF NrtR_Chloroflexia NrtR-family

letter-probability matrix: alength= 4 w= 21 nsites= 27 E= 0
  0.592593	  0.000000	  0.000000	  0.407407	
  0.222222	  0.000000	  0.000000	  0.777778	
  0.888889	  0.000000	  0.037037	  0.074074	
  0.000000	  0.000000	  0.888889	  0.111111	
  0.074074	  0.000000	  0.000000	  0.925926	
  0.000000	  0.000000	  1.000000	  0.000000	
  0.074074	  0.000000	  0.000000	  0.925926	
  0.407407	  0.370370	  0.037037	  0.185185	
  0.703704	  0.074074	  0.074074	  0.148148	
  0.259259	  0.148148	  0.111111	  0.481481	
  0.740741	  0.111111	  0.000000	  0.148148	
  0.481481	  0.111111	  0.000000	  0.407407	
  0.037037	  0.000000	  0.000000	  0.962963	
  0.259259	  0.037037	  0.555556	  0.148148	
  1.000000	  0.000000	  0.000000	  0.000000	
  0.000000	  1.000000	  0.000000	  0.000000	
  0.962963	  0.000000	  0.000000	  0.037037	
  0.222222	  0.740741	  0.000000	  0.037037	
  0.037037	  0.074074	  0.000000	  0.888889	
  0.925926	  0.000000	  0.000000	  0.074074	
  0.703704	  0.074074	  0.000000	  0.222222	

URL http://regprecise.lbl.gov/RegPrecise/regulog.jsp?regulog_id=3025

MOTIF NrtR_Streptococcaceae NrtR-family

letter-probability matrix: alength= 4 w= 21 nsites= 7 E= 0
  0.857143	  0.000000	  0.000000	  0.142857	
  0.000000	  0.000000	  0.000000	  1.000000	
  0.857143	  0.142857	  0.000000	  0.000000	
  0.142857	  0.142857	  0.428571	  0.285714	
  0.142857	  0.000000	  0.000000	  0.857143	
  0.285714	  0.000000	  0.000000	  0.714286	
  0.142857	  0.000000	  0.142857	  0.714286	
  0.857143	  0.000000	  0.000000	  0.142857	
  0.142857	  0.000000	  0.142857	  0.714286	
  0.571429	  0.000000	  0.000000	  0.428571	
  0.714286	  0.000000	  0.000000	  0.285714	
  0.285714	  0.000000	  0.000000	  0.714286	
  1.000000	  0.000000	  0.000000	  0.000000	
  1.000000	  0.000000	  0.000000	  0.000000	
  1.000000	  0.000000	  0.000000	  0.000000	
  1.000000	  0.000000	  0.000000	  0.000000	
  0.714286	  0.000000	  0.142857	  0.142857	
  0.000000	  0.428571	  0.142857	  0.428571	
  0.857143	  0.142857	  0.000000	  0.000000	
  0.000000	  0.000000	  0.000000	  1.000000	
  0.714286	  0.142857	  0.000000	  0.142857	

URL http://regprecise.lbl.gov/RegPrecise/regulog.jsp?regulog_id=3597

MOTIF NrtR_Lactobacillaceae NrtR-family

letter-probability matrix: alength= 4 w= 21 nsites= 8 E= 0
  0.000000	  0.000000	  0.000000	  1.000000	
  0.500000	  0.000000	  0.000000	  0.500000	
  0.500000	  0.000000	  0.000000	  0.500000	
  1.000000	  0.000000	  0.000000	  0.000000	
  0.625000	  0.000000	  0.375000	  0.000000	
  0.000000	  0.000000	  1.000000	  0.000000	
  0.000000	  0.000000	  0.000000	  1.000000	
  0.875000	  0.000000	  0.000000	  0.125000	
  0.875000	  0.000000	  0.000000	  0.125000	
  0.625000	  0.125000	  0.125000	  0.125000	
  0.375000	  0.000000	  0.000000	  0.625000	
  0.375000	  0.125000	  0.000000	  0.500000	
  0.750000	  0.000000	  0.000000	  0.250000	
  0.000000	  0.000000	  0.125000	  0.875000	
  1.000000	  0.000000	  0.000000	  0.000000	
  0.000000	  1.000000	  0.000000	  0.000000	
  0.000000	  0.125000	  0.000000	  0.875000	
  0.000000	  0.000000	  0.000000	  1.000000	
  0.125000	  0.000000	  0.000000	  0.875000	
  0.375000	  0.000000	  0.000000	  0.625000	
  1.000000	  0.000000	  0.000000	  0.000000	

URL http://regprecise.lbl.gov/RegPrecise/regulog.jsp?regulog_id=3624

MOTIF NrtR_Mycobacteriaceae NrtR-family

letter-probability matrix: alength= 4 w= 23 nsites= 18 E= 0
  0.000000	  0.000000	  1.000000	  0.000000	
  0.000000	  0.000000	  0.000000	  1.000000	
  0.000000	  0.000000	  0.000000	  1.000000	
  0.000000	  0.000000	  0.000000	  1.000000	
  0.000000	  0.000000	  0.000000	  1.000000	
  0.000000	  1.000000	  0.000000	  0.000000	
  0.000000	  0.000000	  1.000000	  0.000000	
  1.000000	  0.000000	  0.000000	  0.000000	
  0.000000	  0.500000	  0.000000	  0.500000	
  0.000000	  0.055556	  0.000000	  0.944444	
  0.277778	  0.000000	  0.222222	  0.500000	
  0.500000	  0.000000	  0.000000	  0.500000	
  0.500000	  0.222222	  0.000000	  0.277778	
  0.944444	  0.000000	  0.055556	  0.000000	
  0.500000	  0.000000	  0.500000	  0.000000	
  0.000000	  0.000000	  0.000000	  1.000000	
  0.000000	  1.000000	  0.000000	  0.000000	
  0.000000	  0.000000	  1.000000	  0.000000	
  1.000000	  0.000000	  0.000000	  0.000000	
  1.000000	  0.000000	  0.000000	  0.000000	
  1.000000	  0.000000	  0.000000	  0.000000	
  1.000000	  0.000000	  0.000000	  0.000000	
  0.000000	  1.000000	  0.000000	  0.000000	

URL http://regprecise.lbl.gov/RegPrecise/regulog.jsp?regulog_id=4341

MOTIF XylR_Bacteroidaceae NrtR-family

letter-probability matrix: alength= 4 w= 23 nsites= 43 E= 0
  0.093023	  0.558140	  0.302326	  0.046512	
  0.511628	  0.000000	  0.000000	  0.488372	
  0.093023	  0.000000	  0.000000	  0.906977	
  0.837209	  0.000000	  0.000000	  0.162791	
  0.000000	  0.069767	  0.023256	  0.906977	
  0.000000	  0.093023	  0.000000	  0.906977	
  0.000000	  0.023256	  0.976744	  0.000000	
  0.000000	  0.000000	  0.000000	  1.000000	
  0.860465	  0.000000	  0.023256	  0.116279	
  0.186047	  0.232558	  0.093023	  0.488372	
  0.302326	  0.093023	  0.093023	  0.511628	
  0.372093	  0.093023	  0.069767	  0.465116	
  0.302326	  0.139535	  0.069767	  0.488372	
  0.604651	  0.139535	  0.162791	  0.093023	
  0.186047	  0.000000	  0.116279	  0.697674	
  1.000000	  0.000000	  0.000000	  0.000000	
  0.093023	  0.744186	  0.000000	  0.162791	
  0.534884	  0.000000	  0.465116	  0.000000	
  0.976744	  0.000000	  0.023256	  0.000000	
  0.069767	  0.000000	  0.116279	  0.813953	
  0.837209	  0.000000	  0.000000	  0.162791	
  0.674419	  0.000000	  0.000000	  0.325581	
  0.046512	  0.441860	  0.441860	  0.069767	

URL http://regprecise.lbl.gov/RegPrecise/regulog.jsp?regulog_id=4654

MOTIF AraR_Bacteroidaceae NrtR-family

letter-probability matrix: alength= 4 w= 21 nsites= 28 E= 0
  0.750000	  0.071429	  0.000000	  0.178571	
  0.750000	  0.000000	  0.071429	  0.178571	
  0.928571	  0.000000	  0.035714	  0.035714	
  0.071429	  0.000000	  0.892857	  0.035714	
  0.000000	  0.000000	  0.000000	  1.000000	
  0.000000	  0.000000	  1.000000	  0.000000	
  0.000000	  0.000000	  0.000000	  1.000000	
  0.500000	  0.035714	  0.035714	  0.428571	
  0.571429	  0.035714	  0.071429	  0.321429	
  0.392857	  0.357143	  0.071429	  0.178571	
  0.285714	  0.000000	  0.035714	  0.678571	
  0.214286	  0.035714	  0.142857	  0.607143	
  0.285714	  0.107143	  0.035714	  0.571429	
  0.071429	  0.000000	  0.071429	  0.857143	
  0.964286	  0.035714	  0.000000	  0.000000	
  0.000000	  1.000000	  0.000000	  0.000000	
  0.964286	  0.035714	  0.000000	  0.000000	
  0.071429	  0.928571	  0.000000	  0.000000	
  0.071429	  0.500000	  0.035714	  0.392857	
  0.285714	  0.464286	  0.000000	  0.250000	
  0.607143	  0.071429	  0.107143	  0.214286	

URL http://regprecise.lbl.gov/RegPrecise/regulog.jsp?regulog_id=4655

MOTIF NrtR_Clostridia-1 NrtR-family

letter-probability matrix: alength= 4 w= 21 nsites= 6 E= 0
  0.333333	  0.000000	  0.000000	  0.666667	
  0.000000	  0.000000	  0.000000	  1.000000	
  0.500000	  0.000000	  0.000000	  0.500000	
  0.000000	  0.000000	  1.000000	  0.000000	
  0.166667	  0.166667	  0.000000	  0.666667	
  0.666667	  0.000000	  0.000000	  0.333333	
  0.000000	  0.000000	  0.000000	  1.000000	
  0.000000	  0.666667	  0.000000	  0.333333	
  1.000000	  0.000000	  0.000000	  0.000000	
  0.666667	  0.000000	  0.000000	  0.333333	
  0.500000	  0.000000	  0.000000	  0.500000	
  0.500000	  0.000000	  0.000000	  0.500000	
  0.000000	  0.000000	  0.000000	  1.000000	
  0.166667	  0.000000	  0.666667	  0.166667	
  0.666667	  0.000000	  0.333333	  0.000000	
  0.000000	  0.000000	  0.000000	  1.000000	
  0.833333	  0.000000	  0.166667	  0.000000	
  0.000000	  0.833333	  0.000000	  0.166667	
  0.666667	  0.000000	  0.000000	  0.333333	
  1.000000	  0.000000	  0.000000	  0.000000	
  0.833333	  0.000000	  0.000000	  0.166667	

URL http://regprecise.lbl.gov/RegPrecise/regulog.jsp?regulog_id=5895

MOTIF NrtR_Frankineae/Propionibacterineae/Pseudonocardiaceae NrtR-family

letter-probability matrix: alength= 4 w= 21 nsites= 6 E= 0
  0.166667	  0.000000	  0.000000	  0.833333	
  0.000000	  0.000000	  0.000000	  1.000000	
  0.666667	  0.333333	  0.000000	  0.000000	
  0.000000	  0.000000	  0.333333	  0.666667	
  0.333333	  0.666667	  0.000000	  0.000000	
  0.000000	  0.000000	  1.000000	  0.000000	
  0.000000	  0.000000	  0.000000	  1.000000	
  0.000000	  1.000000	  0.000000	  0.000000	
  0.500000	  0.000000	  0.166667	  0.333333	
  0.333333	  0.166667	  0.500000	  0.000000	
  0.500000	  0.166667	  0.166667	  0.166667	
  0.166667	  0.333333	  0.000000	  0.500000	
  0.000000	  0.500000	  0.000000	  0.500000	
  0.000000	  0.000000	  1.000000	  0.000000	
  1.000000	  0.000000	  0.000000	  0.000000	
  0.000000	  1.000000	  0.000000	  0.000000	
  0.000000	  0.333333	  0.666667	  0.000000	
  1.000000	  0.000000	  0.000000	  0.000000	
  0.000000	  0.000000	  0.333333	  0.666667	
  0.666667	  0.000000	  0.000000	  0.333333	
  0.666667	  0.166667	  0.000000	  0.166667	

URL http://regprecise.lbl.gov/RegPrecise/regulog.jsp?regulog_id=5909

MOTIF NrtR_Micrococcineae NrtR-family

letter-probability matrix: alength= 4 w= 21 nsites= 13 E= 0
  0.076923	  0.000000	  0.000000	  0.923077	
  0.076923	  0.000000	  0.000000	  0.923077	
  0.692308	  0.230769	  0.000000	  0.076923	
  0.230769	  0.000000	  0.230769	  0.538462	
  0.307692	  0.230769	  0.307692	  0.153846	
  0.000000	  0.000000	  1.000000	  0.000000	
  0.000000	  0.000000	  0.000000	  1.000000	
  0.000000	  0.923077	  0.000000	  0.076923	
  0.923077	  0.000000	  0.076923	  0.000000	
  0.615385	  0.230769	  0.000000	  0.153846	
  0.153846	  0.384615	  0.461538	  0.000000	
  0.230769	  0.000000	  0.230769	  0.538462	
  0.000000	  0.153846	  0.000000	  0.846154	
  0.000000	  0.076923	  0.923077	  0.000000	
  1.000000	  0.000000	  0.000000	  0.000000	
  0.000000	  0.923077	  0.076923	  0.000000	
  0.153846	  0.076923	  0.230769	  0.538462	
  0.538462	  0.153846	  0.000000	  0.307692	
  0.000000	  0.000000	  0.000000	  1.000000	
  0.846154	  0.000000	  0.000000	  0.153846	
  1.000000	  0.000000	  0.000000	  0.000000	

URL http://regprecise.lbl.gov/RegPrecise/regulog.jsp?regulog_id=5910

MOTIF NrtR_Streptomycetaceae NrtR-family

letter-probability matrix: alength= 4 w= 21 nsites= 19 E= 0
  0.315789	  0.000000	  0.000000	  0.684211	
  0.157895	  0.000000	  0.000000	  0.842105	
  0.631579	  0.157895	  0.000000	  0.210526	
  0.052632	  0.000000	  0.157895	  0.789474	
  0.315789	  0.526316	  0.052632	  0.105263	
  0.000000	  0.000000	  1.000000	  0.000000	
  0.000000	  0.000000	  0.000000	  1.000000	
  0.000000	  1.000000	  0.000000	  0.000000	
  0.368421	  0.105263	  0.473684	  0.052632	
  0.105263	  0.368421	  0.315789	  0.210526	
  0.315789	  0.210526	  0.263158	  0.210526	
  0.157895	  0.315789	  0.315789	  0.210526	
  0.210526	  0.000000	  0.000000	  0.789474	
  0.000000	  0.000000	  1.000000	  0.000000	
  1.000000	  0.000000	  0.000000	  0.000000	
  0.000000	  1.000000	  0.000000	  0.000000	
  0.052632	  0.052632	  0.578947	  0.315789	
  0.894737	  0.105263	  0.000000	  0.000000	
  0.105263	  0.157895	  0.000000	  0.736842	
  0.368421	  0.000000	  0.000000	  0.631579	
  0.894737	  0.000000	  0.052632	  0.052632	

URL http://regprecise.lbl.gov/RegPrecise/regulog.jsp?regulog_id=5911

MOTIF NrtR_Shewanellaceae NrtR-family

letter-probability matrix: alength= 4 w= 21 nsites= 6 E= 0
  1.000000	  0.000000	  0.000000	  0.000000	
  0.000000	  0.000000	  0.000000	  1.000000	
  1.000000	  0.000000	  0.000000	  0.000000	
  0.500000	  0.000000	  0.500000	  0.000000	
  0.000000	  0.000000	  0.000000	  1.000000	
  0.000000	  0.000000	  1.000000	  0.000000	
  0.000000	  0.000000	  0.000000	  1.000000	
  0.000000	  1.000000	  0.000000	  0.000000	
  0.000000	  0.000000	  0.000000	  1.000000	
  0.500000	  0.000000	  0.000000	  0.500000	
  0.500000	  0.000000	  0.000000	  0.500000	
  1.000000	  0.000000	  0.000000	  0.000000	
  0.666667	  0.000000	  0.333333	  0.000000	
  0.000000	  0.000000	  1.000000	  0.000000	
  1.000000	  0.000000	  0.000000	  0.000000	
  0.000000	  1.000000	  0.000000	  0.000000	
  1.000000	  0.000000	  0.000000	  0.000000	
  0.000000	  1.000000	  0.000000	  0.000000	
  0.000000	  0.000000	  0.000000	  1.000000	
  1.000000	  0.000000	  0.000000	  0.000000	
  0.000000	  0.000000	  0.000000	  1.000000	

URL http://regprecise.lbl.gov/RegPrecise/regulog.jsp?regulog_id=611

MOTIF NrtR_Bifidobacteriaceae NrtR-family

letter-probability matrix: alength= 4 w= 21 nsites= 8 E= 0
  0.000000	  0.000000	  0.000000	  1.000000	
  0.125000	  0.000000	  0.000000	  0.875000	
  1.000000	  0.000000	  0.000000	  0.000000	
  0.125000	  0.000000	  0.000000	  0.875000	
  0.500000	  0.000000	  0.500000	  0.000000	
  0.000000	  0.000000	  1.000000	  0.000000	
  0.000000	  0.000000	  0.000000	  1.000000	
  0.000000	  1.000000	  0.000000	  0.000000	
  1.000000	  0.000000	  0.000000	  0.000000	
  0.000000	  0.000000	  0.125000	  0.875000	
  0.125000	  0.000000	  0.375000	  0.500000	
  0.125000	  0.000000	  0.500000	  0.375000	
  0.000000	  0.000000	  0.000000	  1.000000	
  0.000000	  0.000000	  1.000000	  0.000000	
  1.000000	  0.000000	  0.000000	  0.000000	
  0.000000	  1.000000	  0.000000	  0.000000	
  0.000000	  0.125000	  0.000000	  0.875000	
  1.000000	  0.000000	  0.000000	  0.000000	
  0.000000	  0.000000	  0.000000	  1.000000	
  0.875000	  0.000000	  0.000000	  0.125000	
  1.000000	  0.000000	  0.000000	  0.000000	

URL http://regprecise.lbl.gov/RegPrecise/regulog.jsp?regulog_id=6843


