Converted 4 motifs.
0 conversion errors.
MEME version 4

ALPHABET= ACGT

strands: + -

Background letter frequencies (from uniform background):
A 0.25000 C 0.25000 G 0.25000 T 0.25000 

MOTIF DeoR_Bacillales SorC-family

letter-probability matrix: alength= 4 w= 16 nsites= 9 E= 0
  0.666667	  0.000000	  0.000000	  0.333333	
  0.000000	  0.000000	  0.000000	  1.000000	
  0.000000	  0.000000	  0.777778	  0.222222	
  0.777778	  0.000000	  0.000000	  0.222222	
  0.888889	  0.000000	  0.000000	  0.111111	
  0.000000	  0.888889	  0.111111	  0.000000	
  1.000000	  0.000000	  0.000000	  0.000000	
  0.555556	  0.111111	  0.000000	  0.333333	
  1.000000	  0.000000	  0.000000	  0.000000	
  0.666667	  0.000000	  0.111111	  0.222222	
  0.000000	  0.000000	  0.222222	  0.777778	
  0.111111	  0.000000	  0.000000	  0.888889	
  0.000000	  0.000000	  0.000000	  1.000000	
  0.000000	  0.888889	  0.111111	  0.000000	
  0.888889	  0.111111	  0.000000	  0.000000	
  0.555556	  0.111111	  0.000000	  0.333333	

URL http://regprecise.lbl.gov/RegPrecise/regulog.jsp?regulog_id=1259

MOTIF DeoR_Lactobacillaceae SorC-family

letter-probability matrix: alength= 4 w= 16 nsites= 7 E= 0
  0.714286	  0.000000	  0.000000	  0.285714	
  0.142857	  0.000000	  0.000000	  0.857143	
  0.000000	  0.000000	  1.000000	  0.000000	
  1.000000	  0.000000	  0.000000	  0.000000	
  0.857143	  0.142857	  0.000000	  0.000000	
  0.857143	  0.000000	  0.000000	  0.142857	
  0.285714	  0.000000	  0.714286	  0.000000	
  0.000000	  0.714286	  0.285714	  0.000000	
  0.000000	  0.000000	  1.000000	  0.000000	
  0.000000	  0.285714	  0.285714	  0.428571	
  0.285714	  0.000000	  0.000000	  0.714286	
  0.142857	  0.000000	  0.000000	  0.857143	
  0.142857	  0.000000	  0.000000	  0.857143	
  0.000000	  1.000000	  0.000000	  0.000000	
  1.000000	  0.000000	  0.000000	  0.000000	
  0.428571	  0.000000	  0.000000	  0.571429	

URL http://regprecise.lbl.gov/RegPrecise/regulog.jsp?regulog_id=3578

MOTIF LsrR_Enterobacteriales SorC-family

letter-probability matrix: alength= 4 w= 31 nsites= 19 E= 0
  0.000000	  0.000000	  1.000000	  0.000000	
  1.000000	  0.000000	  0.000000	  0.000000	
  1.000000	  0.000000	  0.000000	  0.000000	
  0.000000	  1.000000	  0.000000	  0.000000	
  0.894737	  0.000000	  0.000000	  0.105263	
  0.473684	  0.157895	  0.000000	  0.368421	
  0.421053	  0.000000	  0.000000	  0.578947	
  0.105263	  0.000000	  0.000000	  0.894737	
  0.157895	  0.052632	  0.473684	  0.315789	
  0.263158	  0.105263	  0.000000	  0.631579	
  0.526316	  0.052632	  0.052632	  0.368421	
  0.421053	  0.105263	  0.000000	  0.473684	
  0.473684	  0.000000	  0.000000	  0.526316	
  0.315789	  0.000000	  0.052632	  0.631579	
  0.315789	  0.263158	  0.000000	  0.421053	
  0.473684	  0.052632	  0.052632	  0.421053	
  0.421053	  0.000000	  0.263158	  0.315789	
  0.631579	  0.052632	  0.000000	  0.315789	
  0.578947	  0.000000	  0.000000	  0.421053	
  0.526316	  0.000000	  0.105263	  0.368421	
  0.368421	  0.052632	  0.052632	  0.526316	
  0.631579	  0.000000	  0.105263	  0.263158	
  0.263158	  0.473684	  0.052632	  0.210526	
  0.842105	  0.000000	  0.000000	  0.157895	
  0.526316	  0.000000	  0.000000	  0.473684	
  0.368421	  0.000000	  0.105263	  0.526316	
  0.105263	  0.000000	  0.000000	  0.894737	
  0.000000	  0.000000	  1.000000	  0.000000	
  0.000000	  0.000000	  0.000000	  1.000000	
  0.000000	  0.000000	  0.000000	  1.000000	
  0.000000	  1.000000	  0.000000	  0.000000	

URL http://regprecise.lbl.gov/RegPrecise/regulog.jsp?regulog_id=4717

MOTIF CggR_Staphylococcaceae SorC-family

letter-probability matrix: alength= 4 w= 22 nsites= 7 E= 0
  0.000000	  0.000000	  0.000000	  1.000000	
  0.000000	  0.000000	  0.000000	  1.000000	
  0.000000	  0.000000	  0.000000	  1.000000	
  0.000000	  0.000000	  0.000000	  1.000000	
  0.000000	  0.000000	  1.000000	  0.000000	
  0.142857	  0.000000	  0.000000	  0.857143	
  0.000000	  1.000000	  0.000000	  0.000000	
  0.000000	  1.000000	  0.000000	  0.000000	
  0.000000	  0.857143	  0.000000	  0.142857	
  0.571429	  0.000000	  0.428571	  0.000000	
  0.142857	  0.571429	  0.285714	  0.000000	
  0.000000	  0.142857	  0.714286	  0.142857	
  0.142857	  0.428571	  0.000000	  0.428571	
  0.000000	  0.000000	  1.000000	  0.000000	
  0.000000	  0.000000	  1.000000	  0.000000	
  0.000000	  0.000000	  1.000000	  0.000000	
  1.000000	  0.000000	  0.000000	  0.000000	
  0.000000	  1.000000	  0.000000	  0.000000	
  0.142857	  0.000000	  0.285714	  0.571429	
  0.142857	  0.142857	  0.000000	  0.714286	
  1.000000	  0.000000	  0.000000	  0.000000	
  0.857143	  0.000000	  0.000000	  0.142857	

URL http://regprecise.lbl.gov/RegPrecise/regulog.jsp?regulog_id=663


