Converted 2 motifs.
0 conversion errors.
MEME version 4

ALPHABET= ACGT

strands: + -

Background letter frequencies (from uniform background):
A 0.25000 C 0.25000 G 0.25000 T 0.25000 

MOTIF HpdR_Chloroflexia TrmB-family

letter-probability matrix: alength= 4 w= 18 nsites= 3 E= 0
  0.000000	  1.000000	  0.000000	  0.000000	
  1.000000	  0.000000	  0.000000	  0.000000	
  0.000000	  1.000000	  0.000000	  0.000000	
  0.000000	  1.000000	  0.000000	  0.000000	
  1.000000	  0.000000	  0.000000	  0.000000	
  0.000000	  1.000000	  0.000000	  0.000000	
  0.000000	  0.000000	  0.000000	  1.000000	
  0.333333	  0.000000	  0.666667	  0.000000	
  0.666667	  0.000000	  0.333333	  0.000000	
  0.000000	  0.000000	  0.333333	  0.666667	
  0.666667	  0.333333	  0.000000	  0.000000	
  1.000000	  0.000000	  0.000000	  0.000000	
  0.000000	  0.000000	  1.000000	  0.000000	
  0.000000	  0.000000	  0.000000	  1.000000	
  0.000000	  0.000000	  1.000000	  0.000000	
  0.000000	  0.000000	  1.000000	  0.000000	
  0.000000	  0.000000	  0.000000	  1.000000	
  0.333333	  0.000000	  0.666667	  0.000000	

URL http://regprecise.lbl.gov/RegPrecise/regulog.jsp?regulog_id=5478

MOTIF LysX_Desulfovibrionales TrmB-family

letter-probability matrix: alength= 4 w= 20 nsites= 11 E= 0
  0.000000	  0.000000	  1.000000	  0.000000	
  0.000000	  0.000000	  0.090909	  0.909091	
  0.454545	  0.090909	  0.454545	  0.000000	
  0.000000	  0.000000	  0.818182	  0.181818	
  0.000000	  0.000000	  0.000000	  1.000000	
  0.454545	  0.000000	  0.000000	  0.545455	
  0.000000	  0.818182	  0.090909	  0.090909	
  0.000000	  0.181818	  0.000000	  0.818182	
  0.636364	  0.000000	  0.181818	  0.181818	
  0.545455	  0.090909	  0.000000	  0.363636	
  0.454545	  0.000000	  0.090909	  0.454545	
  0.181818	  0.363636	  0.090909	  0.363636	
  0.909091	  0.000000	  0.090909	  0.000000	
  0.090909	  0.090909	  0.818182	  0.000000	
  0.363636	  0.000000	  0.000000	  0.636364	
  1.000000	  0.000000	  0.000000	  0.000000	
  0.090909	  0.909091	  0.000000	  0.000000	
  0.000000	  0.818182	  0.000000	  0.181818	
  1.000000	  0.000000	  0.000000	  0.000000	
  0.000000	  1.000000	  0.000000	  0.000000	

URL http://regprecise.lbl.gov/RegPrecise/regulog.jsp?regulog_id=807


