Converted 5 motifs.
0 conversion errors.
MEME version 4

ALPHABET= ACGT

strands: + -

Background letter frequencies (from uniform background):
A 0.25000 C 0.25000 G 0.25000 T 0.25000 

MOTIF CsoR_Bacillales CsoR-family

letter-probability matrix: alength= 4 w= 17 nsites= 25 E= 0
  0.960000	  0.000000	  0.000000	  0.040000	
  0.000000	  0.000000	  0.000000	  1.000000	
  1.000000	  0.000000	  0.000000	  0.000000	
  0.000000	  1.000000	  0.000000	  0.000000	
  0.080000	  0.920000	  0.000000	  0.000000	
  0.040000	  0.680000	  0.040000	  0.240000	
  0.200000	  0.440000	  0.040000	  0.320000	
  0.480000	  0.280000	  0.000000	  0.240000	
  0.240000	  0.360000	  0.160000	  0.240000	
  0.320000	  0.040000	  0.440000	  0.200000	
  0.200000	  0.080000	  0.680000	  0.040000	
  0.160000	  0.080000	  0.760000	  0.000000	
  0.040000	  0.000000	  0.840000	  0.120000	
  0.000000	  0.000000	  1.000000	  0.000000	
  0.000000	  0.000000	  0.000000	  1.000000	
  0.960000	  0.000000	  0.000000	  0.040000	
  0.000000	  0.000000	  0.000000	  1.000000	

URL http://regprecise.lbl.gov/RegPrecise/regulog.jsp?regulog_id=1388

MOTIF YrkD_Bacillales CsoR-family

letter-probability matrix: alength= 4 w= 16 nsites= 39 E= 0
  0.974359	  0.000000	  0.000000	  0.025641	
  0.051282	  0.000000	  0.000000	  0.948718	
  0.948718	  0.000000	  0.000000	  0.051282	
  0.000000	  1.000000	  0.000000	  0.000000	
  0.153846	  0.692308	  0.076923	  0.076923	
  0.025641	  0.589744	  0.051282	  0.333333	
  0.435897	  0.230769	  0.153846	  0.179487	
  0.076923	  0.102564	  0.000000	  0.820513	
  0.717949	  0.000000	  0.128205	  0.153846	
  0.205128	  0.230769	  0.333333	  0.230769	
  0.256410	  0.051282	  0.641026	  0.051282	
  0.025641	  0.051282	  0.846154	  0.076923	
  0.000000	  0.000000	  1.000000	  0.000000	
  0.000000	  0.000000	  0.000000	  1.000000	
  1.000000	  0.000000	  0.000000	  0.000000	
  0.179487	  0.000000	  0.000000	  0.820513	

URL http://regprecise.lbl.gov/RegPrecise/regulog.jsp?regulog_id=4282

MOTIF RcnR_Enterobacteriales CsoR-family

letter-probability matrix: alength= 4 w= 15 nsites= 16 E= 0
  0.000000	  0.000000	  0.000000	  1.000000	
  1.000000	  0.000000	  0.000000	  0.000000	
  0.000000	  1.000000	  0.000000	  0.000000	
  0.000000	  0.000000	  0.000000	  1.000000	
  0.250000	  0.250000	  0.500000	  0.000000	
  0.000000	  0.500000	  0.500000	  0.000000	
  0.000000	  0.500000	  0.500000	  0.000000	
  0.000000	  0.500000	  0.500000	  0.000000	
  0.000000	  0.500000	  0.500000	  0.000000	
  0.000000	  0.500000	  0.500000	  0.000000	
  0.000000	  0.500000	  0.250000	  0.250000	
  1.000000	  0.000000	  0.000000	  0.000000	
  0.000000	  0.000000	  1.000000	  0.000000	
  0.000000	  0.000000	  0.000000	  1.000000	
  1.000000	  0.000000	  0.000000	  0.000000	

URL http://regprecise.lbl.gov/RegPrecise/regulog.jsp?regulog_id=4340

MOTIF CsoR_Micrococcineae CsoR-family

letter-probability matrix: alength= 4 w= 17 nsites= 23 E= 0
  0.913043	  0.000000	  0.086957	  0.000000	
  0.000000	  0.000000	  0.000000	  1.000000	
  1.000000	  0.000000	  0.000000	  0.000000	
  0.000000	  1.000000	  0.000000	  0.000000	
  0.000000	  1.000000	  0.000000	  0.000000	
  0.000000	  1.000000	  0.000000	  0.000000	
  0.086957	  0.826087	  0.000000	  0.086957	
  0.086957	  0.521739	  0.130435	  0.260870	
  0.347826	  0.130435	  0.130435	  0.391304	
  0.260870	  0.086957	  0.565217	  0.086957	
  0.043478	  0.000000	  0.913043	  0.043478	
  0.000000	  0.000000	  1.000000	  0.000000	
  0.000000	  0.000000	  1.000000	  0.000000	
  0.000000	  0.000000	  1.000000	  0.000000	
  0.000000	  0.000000	  0.000000	  1.000000	
  1.000000	  0.000000	  0.000000	  0.000000	
  0.000000	  0.130435	  0.000000	  0.869565	

URL http://regprecise.lbl.gov/RegPrecise/regulog.jsp?regulog_id=6419

MOTIF CsoR_Nocardiaceae CsoR-family

letter-probability matrix: alength= 4 w= 17 nsites= 7 E= 0
  0.714286	  0.000000	  0.285714	  0.000000	
  0.000000	  0.000000	  0.000000	  1.000000	
  1.000000	  0.000000	  0.000000	  0.000000	
  0.000000	  1.000000	  0.000000	  0.000000	
  0.000000	  0.714286	  0.285714	  0.000000	
  0.000000	  0.714286	  0.285714	  0.000000	
  0.000000	  0.285714	  0.000000	  0.714286	
  0.714286	  0.142857	  0.142857	  0.000000	
  0.000000	  0.000000	  0.857143	  0.142857	
  0.000000	  0.000000	  1.000000	  0.000000	
  0.000000	  0.142857	  0.857143	  0.000000	
  0.000000	  0.000000	  1.000000	  0.000000	
  0.000000	  0.000000	  1.000000	  0.000000	
  0.000000	  0.000000	  1.000000	  0.000000	
  0.000000	  0.142857	  0.000000	  0.857143	
  1.000000	  0.000000	  0.000000	  0.000000	
  0.000000	  0.142857	  0.000000	  0.857143	

URL http://regprecise.lbl.gov/RegPrecise/regulog.jsp?regulog_id=6422


