Converted 7 motifs.
0 conversion errors.
MEME version 4

ALPHABET= ACGT

strands: + -

Background letter frequencies (from uniform background):
A 0.25000 C 0.25000 G 0.25000 T 0.25000 

MOTIF SgaR_Streptococcaceae BglG-family

letter-probability matrix: alength= 4 w= 16 nsites= 19 E= 0
  0.894737	  0.105263	  0.000000	  0.000000	
  1.000000	  0.000000	  0.000000	  0.000000	
  0.000000	  1.000000	  0.000000	  0.000000	
  1.000000	  0.000000	  0.000000	  0.000000	
  0.000000	  0.947368	  0.052632	  0.000000	
  0.631579	  0.000000	  0.000000	  0.368421	
  0.315789	  0.052632	  0.210526	  0.421053	
  0.473684	  0.157895	  0.315789	  0.052632	
  0.315789	  0.473684	  0.000000	  0.210526	
  0.157895	  0.526316	  0.105263	  0.210526	
  0.000000	  0.000000	  0.000000	  1.000000	
  0.000000	  0.000000	  1.000000	  0.000000	
  0.000000	  0.000000	  0.000000	  1.000000	
  0.000000	  0.000000	  1.000000	  0.000000	
  0.000000	  0.052632	  0.000000	  0.947368	
  0.105263	  0.000000	  0.526316	  0.368421	

URL http://regprecise.lbl.gov/RegPrecise/regulog.jsp?regulog_id=4631

MOTIF CelR_Streptococcaceae BglG-family

letter-probability matrix: alength= 4 w= 20 nsites= 15 E= 0
  0.000000	  0.066667	  0.000000	  0.933333	
  0.000000	  0.000000	  0.000000	  1.000000	
  0.000000	  0.066667	  0.133333	  0.800000	
  0.000000	  1.000000	  0.000000	  0.000000	
  0.200000	  0.666667	  0.066667	  0.066667	
  0.066667	  0.133333	  0.400000	  0.400000	
  0.200000	  0.066667	  0.000000	  0.733333	
  0.600000	  0.000000	  0.066667	  0.333333	
  0.200000	  0.000000	  0.133333	  0.666667	
  0.066667	  0.600000	  0.000000	  0.333333	
  0.533333	  0.000000	  0.466667	  0.000000	
  0.733333	  0.133333	  0.000000	  0.133333	
  0.066667	  0.000000	  0.000000	  0.933333	
  0.666667	  0.000000	  0.200000	  0.133333	
  0.400000	  0.466667	  0.066667	  0.066667	
  0.000000	  0.000000	  1.000000	  0.000000	
  0.000000	  0.000000	  1.000000	  0.000000	
  1.000000	  0.000000	  0.000000	  0.000000	
  1.000000	  0.000000	  0.000000	  0.000000	
  1.000000	  0.000000	  0.000000	  0.000000	

URL http://regprecise.lbl.gov/RegPrecise/regulog.jsp?regulog_id=4636

MOTIF MtlR_Streptococcaceae BglG-family

letter-probability matrix: alength= 4 w= 23 nsites= 6 E= 0
  0.000000	  0.000000	  0.000000	  1.000000	
  0.000000	  0.166667	  0.166667	  0.666667	
  0.000000	  0.000000	  0.000000	  1.000000	
  0.000000	  0.000000	  1.000000	  0.000000	
  0.500000	  0.000000	  0.166667	  0.333333	
  0.000000	  1.000000	  0.000000	  0.000000	
  1.000000	  0.000000	  0.000000	  0.000000	
  0.166667	  0.833333	  0.000000	  0.000000	
  1.000000	  0.000000	  0.000000	  0.000000	
  0.833333	  0.000000	  0.166667	  0.000000	
  0.333333	  0.333333	  0.000000	  0.333333	
  0.166667	  0.000000	  0.000000	  0.833333	
  0.000000	  0.000000	  0.333333	  0.666667	
  0.000000	  0.166667	  0.000000	  0.833333	
  0.000000	  0.166667	  0.000000	  0.833333	
  0.000000	  0.000000	  1.000000	  0.000000	
  0.000000	  0.000000	  0.000000	  1.000000	
  0.000000	  0.166667	  0.833333	  0.000000	
  0.666667	  0.333333	  0.000000	  0.000000	
  0.000000	  1.000000	  0.000000	  0.000000	
  1.000000	  0.000000	  0.000000	  0.000000	
  0.666667	  0.333333	  0.000000	  0.000000	
  1.000000	  0.000000	  0.000000	  0.000000	

URL http://regprecise.lbl.gov/RegPrecise/regulog.jsp?regulog_id=4639

MOTIF SgaR2_Streptococcaceae BglG-family

letter-probability matrix: alength= 4 w= 16 nsites= 8 E= 0
  0.625000	  0.250000	  0.000000	  0.125000	
  0.625000	  0.000000	  0.125000	  0.250000	
  1.000000	  0.000000	  0.000000	  0.000000	
  0.000000	  0.000000	  0.000000	  1.000000	
  0.000000	  0.000000	  0.000000	  1.000000	
  0.000000	  0.000000	  1.000000	  0.000000	
  0.000000	  0.000000	  0.500000	  0.500000	
  0.250000	  0.000000	  0.750000	  0.000000	
  0.000000	  1.000000	  0.000000	  0.000000	
  0.000000	  0.125000	  0.000000	  0.875000	
  0.000000	  1.000000	  0.000000	  0.000000	
  1.000000	  0.000000	  0.000000	  0.000000	
  1.000000	  0.000000	  0.000000	  0.000000	
  0.625000	  0.000000	  0.000000	  0.375000	
  0.000000	  0.000000	  0.250000	  0.750000	
  0.500000	  0.000000	  0.250000	  0.250000	

URL http://regprecise.lbl.gov/RegPrecise/regulog.jsp?regulog_id=4642

MOTIF ManR_Staphylococcaceae BglG-family

letter-probability matrix: alength= 4 w= 21 nsites= 4 E= 0
  1.000000	  0.000000	  0.000000	  0.000000	
  0.000000	  0.000000	  0.000000	  1.000000	
  0.000000	  0.000000	  0.000000	  1.000000	
  0.000000	  0.000000	  1.000000	  0.000000	
  0.000000	  1.000000	  0.000000	  0.000000	
  0.000000	  1.000000	  0.000000	  0.000000	
  1.000000	  0.000000	  0.000000	  0.000000	
  0.000000	  1.000000	  0.000000	  0.000000	
  0.000000	  0.000000	  0.000000	  1.000000	
  1.000000	  0.000000	  0.000000	  0.000000	
  0.250000	  0.000000	  0.500000	  0.250000	
  0.000000	  0.000000	  0.000000	  1.000000	
  0.750000	  0.000000	  0.250000	  0.000000	
  1.000000	  0.000000	  0.000000	  0.000000	
  0.000000	  1.000000	  0.000000	  0.000000	
  0.000000	  0.000000	  1.000000	  0.000000	
  0.000000	  0.000000	  1.000000	  0.000000	
  0.000000	  0.750000	  0.000000	  0.250000	
  1.000000	  0.000000	  0.000000	  0.000000	
  1.000000	  0.000000	  0.000000	  0.000000	
  0.000000	  0.000000	  0.000000	  1.000000	

URL http://regprecise.lbl.gov/RegPrecise/regulog.jsp?regulog_id=682

MOTIF LicR_Bacillales BglG-family

letter-probability matrix: alength= 4 w= 21 nsites= 5 E= 0
  0.000000	  0.000000	  0.000000	  1.000000	
  0.000000	  0.000000	  0.000000	  1.000000	
  0.000000	  0.000000	  0.000000	  1.000000	
  0.000000	  0.200000	  0.000000	  0.800000	
  0.000000	  1.000000	  0.000000	  0.000000	
  0.000000	  0.800000	  0.200000	  0.000000	
  0.000000	  0.200000	  0.800000	  0.000000	
  0.000000	  0.000000	  0.000000	  1.000000	
  0.000000	  0.000000	  0.000000	  1.000000	
  0.400000	  0.200000	  0.200000	  0.200000	
  0.400000	  0.600000	  0.000000	  0.000000	
  0.200000	  0.400000	  0.000000	  0.400000	
  0.600000	  0.200000	  0.000000	  0.200000	
  0.400000	  0.000000	  0.400000	  0.200000	
  0.200000	  0.400000	  0.400000	  0.000000	
  0.000000	  0.200000	  0.800000	  0.000000	
  0.000000	  0.200000	  0.800000	  0.000000	
  0.600000	  0.000000	  0.200000	  0.200000	
  1.000000	  0.000000	  0.000000	  0.000000	
  1.000000	  0.000000	  0.000000	  0.000000	
  1.000000	  0.000000	  0.000000	  0.000000	

URL http://regprecise.lbl.gov/RegPrecise/regulog.jsp?regulog_id=778

MOTIF ManR_Bacillales BglG-family

letter-probability matrix: alength= 4 w= 23 nsites= 5 E= 0
  0.000000	  0.000000	  0.000000	  1.000000	
  0.400000	  0.000000	  0.000000	  0.600000	
  0.000000	  0.000000	  0.000000	  1.000000	
  0.000000	  0.000000	  0.000000	  1.000000	
  0.200000	  0.000000	  0.000000	  0.800000	
  0.000000	  1.000000	  0.000000	  0.000000	
  0.000000	  1.000000	  0.000000	  0.000000	
  0.000000	  0.000000	  1.000000	  0.000000	
  0.000000	  0.000000	  1.000000	  0.000000	
  1.000000	  0.000000	  0.000000	  0.000000	
  0.800000	  0.000000	  0.200000	  0.000000	
  0.000000	  0.800000	  0.200000	  0.000000	
  0.000000	  0.800000	  0.000000	  0.200000	
  0.000000	  0.000000	  0.000000	  1.000000	
  0.400000	  0.000000	  0.400000	  0.200000	
  0.000000	  0.600000	  0.000000	  0.400000	
  0.000000	  0.000000	  1.000000	  0.000000	
  0.000000	  0.000000	  1.000000	  0.000000	
  0.000000	  0.000000	  0.000000	  1.000000	
  1.000000	  0.000000	  0.000000	  0.000000	
  1.000000	  0.000000	  0.000000	  0.000000	
  1.000000	  0.000000	  0.000000	  0.000000	
  1.000000	  0.000000	  0.000000	  0.000000	

URL http://regprecise.lbl.gov/RegPrecise/regulog.jsp?regulog_id=779


