MEME version 4

ALPHABET= ACGT

strands: + -

Background letter frequencies (from uniform background):
A 0.25000 C 0.25000 G 0.25000 T 0.25000 

MOTIF MntR_Enterobacteriales DtxR-family

letter-probability matrix: alength= 4 w= 22 nsites= 35 E= 0
  0.714286	  0.028571	  0.057143	  0.200000	
  0.600000	  0.028571	  0.314286	  0.057143	
  0.828571	  0.000000	  0.085714	  0.085714	
  0.028571	  0.314286	  0.028571	  0.628571	
  0.914286	  0.000000	  0.057143	  0.028571	
  0.000000	  0.000000	  0.000000	  1.000000	
  1.000000	  0.000000	  0.000000	  0.000000	
  0.000000	  0.000000	  1.000000	  0.000000	
  0.000000	  1.000000	  0.000000	  0.000000	
  0.542857	  0.342857	  0.000000	  0.114286	
  0.457143	  0.200000	  0.114286	  0.228571	
  0.628571	  0.085714	  0.171429	  0.114286	
  0.085714	  0.057143	  0.600000	  0.257143	
  0.057143	  0.000000	  0.942857	  0.000000	
  0.000000	  1.000000	  0.000000	  0.000000	
  0.000000	  0.000000	  0.000000	  1.000000	
  1.000000	  0.000000	  0.000000	  0.000000	
  0.028571	  0.057143	  0.000000	  0.914286	
  0.714286	  0.000000	  0.228571	  0.057143	
  0.057143	  0.057143	  0.000000	  0.885714	
  0.114286	  0.057143	  0.028571	  0.800000	
  0.171429	  0.171429	  0.142857	  0.514286	

URL http://regprecise.lbl.gov/RegPrecise/regulog.jsp?regulog_id=1195

MOTIF MntR_Chloroflexia DtxR-family

letter-probability matrix: alength= 4 w= 20 nsites= 9 E= 0
  0.444444	  0.111111	  0.444444	  0.000000	
  0.333333	  0.000000	  0.000000	  0.666667	
  0.000000	  0.000000	  0.000000	  1.000000	
  0.000000	  0.000000	  0.000000	  1.000000	
  0.000000	  0.000000	  0.000000	  1.000000	
  1.000000	  0.000000	  0.000000	  0.000000	
  0.000000	  0.000000	  1.000000	  0.000000	
  0.000000	  0.000000	  1.000000	  0.000000	
  0.333333	  0.111111	  0.111111	  0.444444	
  0.666667	  0.111111	  0.000000	  0.222222	
  0.444444	  0.000000	  0.000000	  0.555556	
  0.111111	  0.000000	  0.666667	  0.222222	
  0.222222	  0.555556	  0.222222	  0.000000	
  0.000000	  1.000000	  0.000000	  0.000000	
  0.222222	  0.000000	  0.000000	  0.777778	
  1.000000	  0.000000	  0.000000	  0.000000	
  1.000000	  0.000000	  0.000000	  0.000000	
  1.000000	  0.000000	  0.000000	  0.000000	
  0.333333	  0.000000	  0.000000	  0.666667	
  0.333333	  0.000000	  0.000000	  0.666667	

URL http://regprecise.lbl.gov/RegPrecise/regulog.jsp?regulog_id=3477

MOTIF FetR_Chloroflexia DtxR-family

letter-probability matrix: alength= 4 w= 20 nsites= 13 E= 0
  0.384615	  0.000000	  0.000000	  0.615385	
  0.230769	  0.076923	  0.000000	  0.692308	
  0.769231	  0.000000	  0.230769	  0.000000	
  0.000000	  0.000000	  0.000000	  1.000000	
  0.000000	  0.000000	  0.000000	  1.000000	
  1.000000	  0.000000	  0.000000	  0.000000	
  0.000000	  0.000000	  1.000000	  0.000000	
  0.461538	  0.307692	  0.076923	  0.153846	
  0.461538	  0.153846	  0.384615	  0.000000	
  0.000000	  0.000000	  0.000000	  1.000000	
  1.000000	  0.000000	  0.000000	  0.000000	
  0.153846	  0.076923	  0.000000	  0.769231	
  0.461538	  0.076923	  0.230769	  0.230769	
  0.000000	  1.000000	  0.000000	  0.000000	
  0.000000	  0.000000	  0.000000	  1.000000	
  1.000000	  0.000000	  0.000000	  0.000000	
  1.000000	  0.000000	  0.000000	  0.000000	
  0.000000	  0.846154	  0.000000	  0.153846	
  0.384615	  0.384615	  0.000000	  0.230769	
  0.384615	  0.153846	  0.153846	  0.307692	

URL http://regprecise.lbl.gov/RegPrecise/regulog.jsp?regulog_id=3478

MOTIF MntR_Streptococcaceae DtxR-family

letter-probability matrix: alength= 4 w= 22 nsites= 37 E= 0
  0.648649	  0.081081	  0.000000	  0.270270	
  0.405405	  0.000000	  0.000000	  0.594595	
  0.945946	  0.000000	  0.000000	  0.054054	
  0.972973	  0.000000	  0.000000	  0.027027	
  0.081081	  0.000000	  0.000000	  0.918919	
  0.000000	  0.000000	  0.000000	  1.000000	
  0.972973	  0.000000	  0.000000	  0.027027	
  0.945946	  0.000000	  0.000000	  0.054054	
  0.135135	  0.459459	  0.297297	  0.108108	
  0.108108	  0.135135	  0.000000	  0.756757	
  0.486486	  0.027027	  0.027027	  0.459459	
  0.351351	  0.027027	  0.324324	  0.297297	
  0.675676	  0.054054	  0.135135	  0.135135	
  0.081081	  0.621622	  0.243243	  0.054054	
  0.054054	  0.000000	  0.000000	  0.945946	
  0.108108	  0.000000	  0.000000	  0.891892	
  0.945946	  0.000000	  0.000000	  0.054054	
  0.918919	  0.027027	  0.000000	  0.054054	
  0.189189	  0.027027	  0.081081	  0.702703	
  0.135135	  0.000000	  0.081081	  0.783784	
  0.540541	  0.000000	  0.027027	  0.432432	
  0.297297	  0.000000	  0.027027	  0.675676	

URL http://regprecise.lbl.gov/RegPrecise/regulog.jsp?regulog_id=3843

MOTIF MntR_Lactobacillaceae DtxR-family

letter-probability matrix: alength= 4 w= 20 nsites= 14 E= 0
  0.642857	  0.000000	  0.142857	  0.214286	
  0.642857	  0.000000	  0.071429	  0.285714	
  0.142857	  0.000000	  0.500000	  0.357143	
  0.000000	  0.000000	  0.142857	  0.857143	
  0.142857	  0.000000	  0.000000	  0.857143	
  0.928571	  0.000000	  0.000000	  0.071429	
  0.142857	  0.000000	  0.714286	  0.142857	
  0.000000	  0.071429	  0.928571	  0.000000	
  0.000000	  0.142857	  0.357143	  0.500000	
  0.500000	  0.214286	  0.142857	  0.142857	
  0.500000	  0.071429	  0.285714	  0.142857	
  0.500000	  0.285714	  0.071429	  0.142857	
  0.000000	  1.000000	  0.000000	  0.000000	
  0.000000	  0.928571	  0.000000	  0.071429	
  0.142857	  0.000000	  0.000000	  0.857143	
  1.000000	  0.000000	  0.000000	  0.000000	
  1.000000	  0.000000	  0.000000	  0.000000	
  0.785714	  0.214286	  0.000000	  0.000000	
  1.000000	  0.000000	  0.000000	  0.000000	
  0.428571	  0.000000	  0.285714	  0.285714	

URL http://regprecise.lbl.gov/RegPrecise/regulog.jsp?regulog_id=3884

MOTIF MntR_Xanthomonadales DtxR-family

letter-probability matrix: alength= 4 w= 20 nsites= 8 E= 0
  0.500000	  0.125000	  0.375000	  0.000000	
  0.375000	  0.125000	  0.375000	  0.125000	
  0.000000	  0.250000	  0.000000	  0.750000	
  1.000000	  0.000000	  0.000000	  0.000000	
  0.000000	  0.000000	  0.000000	  1.000000	
  1.000000	  0.000000	  0.000000	  0.000000	
  0.000000	  0.000000	  1.000000	  0.000000	
  0.000000	  1.000000	  0.000000	  0.000000	
  0.750000	  0.125000	  0.000000	  0.125000	
  0.375000	  0.250000	  0.250000	  0.125000	
  0.125000	  0.250000	  0.250000	  0.375000	
  0.125000	  0.000000	  0.125000	  0.750000	
  0.000000	  0.000000	  1.000000	  0.000000	
  0.000000	  1.000000	  0.000000	  0.000000	
  0.000000	  0.000000	  0.000000	  1.000000	
  1.000000	  0.000000	  0.000000	  0.000000	
  0.000000	  0.000000	  0.000000	  1.000000	
  0.750000	  0.000000	  0.250000	  0.000000	
  0.125000	  0.375000	  0.125000	  0.375000	
  0.000000	  0.375000	  0.125000	  0.500000	

URL http://regprecise.lbl.gov/RegPrecise/regulog.jsp?regulog_id=5071

MOTIF MntR_Rhizobiales DtxR-family

letter-probability matrix: alength= 4 w= 20 nsites= 12 E= 0
  0.666667	  0.000000	  0.166667	  0.166667	
  0.500000	  0.083333	  0.000000	  0.416667	
  0.166667	  0.166667	  0.000000	  0.666667	
  0.916667	  0.000000	  0.083333	  0.000000	
  0.000000	  0.000000	  0.083333	  0.916667	
  1.000000	  0.000000	  0.000000	  0.000000	
  0.000000	  0.000000	  1.000000	  0.000000	
  0.000000	  1.000000	  0.000000	  0.000000	
  0.500000	  0.333333	  0.000000	  0.166667	
  0.250000	  0.250000	  0.166667	  0.333333	
  0.333333	  0.166667	  0.250000	  0.250000	
  0.166667	  0.000000	  0.333333	  0.500000	
  0.000000	  0.000000	  1.000000	  0.000000	
  0.000000	  1.000000	  0.000000	  0.000000	
  0.000000	  0.000000	  0.000000	  1.000000	
  0.916667	  0.083333	  0.000000	  0.000000	
  0.000000	  0.083333	  0.000000	  0.916667	
  0.666667	  0.000000	  0.166667	  0.166667	
  0.416667	  0.000000	  0.083333	  0.500000	
  0.166667	  0.166667	  0.000000	  0.666667	

URL http://regprecise.lbl.gov/RegPrecise/regulog.jsp?regulog_id=5075

MOTIF MntR_Rhodospirillales DtxR-family

letter-probability matrix: alength= 4 w= 20 nsites= 12 E= 0
  0.750000	  0.083333	  0.000000	  0.166667	
  0.583333	  0.000000	  0.166667	  0.250000	
  0.000000	  0.000000	  0.000000	  1.000000	
  1.000000	  0.000000	  0.000000	  0.000000	
  0.000000	  0.000000	  0.000000	  1.000000	
  0.333333	  0.000000	  0.250000	  0.416667	
  0.000000	  0.666667	  0.333333	  0.000000	
  0.416667	  0.500000	  0.000000	  0.083333	
  0.583333	  0.083333	  0.166667	  0.166667	
  0.000000	  0.250000	  0.166667	  0.583333	
  0.583333	  0.166667	  0.250000	  0.000000	
  0.166667	  0.166667	  0.083333	  0.583333	
  0.083333	  0.000000	  0.500000	  0.416667	
  0.000000	  0.333333	  0.666667	  0.000000	
  0.416667	  0.250000	  0.000000	  0.333333	
  1.000000	  0.000000	  0.000000	  0.000000	
  0.000000	  0.000000	  0.000000	  1.000000	
  1.000000	  0.000000	  0.000000	  0.000000	
  0.250000	  0.166667	  0.000000	  0.583333	
  0.166667	  0.000000	  0.083333	  0.750000	

URL http://regprecise.lbl.gov/RegPrecise/regulog.jsp?regulog_id=5077

MOTIF DtxR_Clostridia-3 DtxR-family

letter-probability matrix: alength= 4 w= 18 nsites= 6 E= 0
  0.000000	  0.000000	  1.000000	  0.000000	
  0.000000	  0.000000	  1.000000	  0.000000	
  0.000000	  0.000000	  0.000000	  1.000000	
  0.000000	  0.000000	  0.000000	  1.000000	
  1.000000	  0.000000	  0.000000	  0.000000	
  0.000000	  0.000000	  1.000000	  0.000000	
  0.333333	  0.000000	  0.000000	  0.666667	
  0.166667	  0.000000	  0.000000	  0.833333	
  0.333333	  0.166667	  0.000000	  0.500000	
  0.333333	  0.000000	  0.000000	  0.666667	
  0.500000	  0.166667	  0.000000	  0.333333	
  0.166667	  0.000000	  0.500000	  0.333333	
  0.000000	  1.000000	  0.000000	  0.000000	
  0.000000	  0.000000	  0.000000	  1.000000	
  1.000000	  0.000000	  0.000000	  0.000000	
  1.000000	  0.000000	  0.000000	  0.000000	
  0.000000	  0.833333	  0.000000	  0.166667	
  0.000000	  0.833333	  0.000000	  0.166667	

URL http://regprecise.lbl.gov/RegPrecise/regulog.jsp?regulog_id=6440

MOTIF MntR_Mycobacteriaceae DtxR-family

letter-probability matrix: alength= 4 w= 20 nsites= 13 E= 0
  0.384615	  0.000000	  0.538462	  0.076923	
  0.230769	  0.000000	  0.461538	  0.307692	
  0.230769	  0.000000	  0.076923	  0.692308	
  0.076923	  0.000000	  0.000000	  0.923077	
  0.230769	  0.000000	  0.000000	  0.769231	
  0.000000	  0.923077	  0.076923	  0.000000	
  0.000000	  0.000000	  1.000000	  0.000000	
  0.076923	  0.000000	  0.846154	  0.076923	
  0.000000	  0.692308	  0.153846	  0.153846	
  0.000000	  0.153846	  0.076923	  0.769231	
  0.692308	  0.000000	  0.307692	  0.000000	
  0.153846	  0.461538	  0.307692	  0.076923	
  0.000000	  0.923077	  0.000000	  0.076923	
  0.000000	  1.000000	  0.000000	  0.000000	
  0.076923	  0.000000	  0.461538	  0.461538	
  0.846154	  0.153846	  0.000000	  0.000000	
  1.000000	  0.000000	  0.000000	  0.000000	
  0.153846	  0.846154	  0.000000	  0.000000	
  0.153846	  0.000000	  0.000000	  0.846154	
  0.000000	  0.230769	  0.000000	  0.769231	

URL http://regprecise.lbl.gov/RegPrecise/regulog.jsp?regulog_id=6455

MOTIF MntR_Listeriaceae DtxR-family

letter-probability matrix: alength= 4 w= 22 nsites= 8 E= 0
  1.000000	  0.000000	  0.000000	  0.000000	
  1.000000	  0.000000	  0.000000	  0.000000	
  0.500000	  0.000000	  0.000000	  0.500000	
  0.000000	  0.000000	  1.000000	  0.000000	
  0.000000	  0.000000	  0.000000	  1.000000	
  0.000000	  0.000000	  0.000000	  1.000000	
  0.000000	  0.000000	  0.500000	  0.500000	
  0.000000	  1.000000	  0.000000	  0.000000	
  0.125000	  0.500000	  0.000000	  0.375000	
  0.000000	  0.875000	  0.000000	  0.125000	
  0.000000	  0.000000	  0.500000	  0.500000	
  0.500000	  0.000000	  0.000000	  0.500000	
  1.000000	  0.000000	  0.000000	  0.000000	
  0.000000	  0.000000	  1.000000	  0.000000	
  0.000000	  0.000000	  0.500000	  0.500000	
  1.000000	  0.000000	  0.000000	  0.000000	
  1.000000	  0.000000	  0.000000	  0.000000	
  1.000000	  0.000000	  0.000000	  0.000000	
  0.000000	  1.000000	  0.000000	  0.000000	
  0.500000	  0.000000	  0.000000	  0.500000	
  0.000000	  0.000000	  0.000000	  1.000000	
  0.000000	  0.000000	  0.000000	  1.000000	

URL http://regprecise.lbl.gov/RegPrecise/regulog.jsp?regulog_id=6482

MOTIF MntR_Nocardiaceae DtxR-family

letter-probability matrix: alength= 4 w= 22 nsites= 10 E= 0
  0.500000	  0.000000	  0.000000	  0.500000	
  0.500000	  0.000000	  0.200000	  0.300000	
  0.500000	  0.000000	  0.200000	  0.300000	
  0.000000	  0.000000	  0.600000	  0.400000	
  0.000000	  0.000000	  0.000000	  1.000000	
  0.000000	  0.000000	  0.000000	  1.000000	
  0.100000	  0.900000	  0.000000	  0.000000	
  0.000000	  0.000000	  1.000000	  0.000000	
  0.000000	  0.100000	  0.800000	  0.100000	
  0.000000	  0.400000	  0.400000	  0.200000	
  0.200000	  0.100000	  0.200000	  0.500000	
  0.400000	  0.100000	  0.300000	  0.200000	
  0.400000	  0.300000	  0.100000	  0.200000	
  0.100000	  0.900000	  0.000000	  0.000000	
  0.000000	  1.000000	  0.000000	  0.000000	
  0.100000	  0.000000	  0.700000	  0.200000	
  1.000000	  0.000000	  0.000000	  0.000000	
  1.000000	  0.000000	  0.000000	  0.000000	
  0.300000	  0.700000	  0.000000	  0.000000	
  0.300000	  0.000000	  0.000000	  0.700000	
  0.000000	  0.300000	  0.000000	  0.700000	
  0.000000	  0.000000	  0.100000	  0.900000	

URL http://regprecise.lbl.gov/RegPrecise/regulog.jsp?regulog_id=6491

MOTIF IdeR_Clostridia-3 DtxR-family

letter-probability matrix: alength= 4 w= 22 nsites= 78 E= 0
  0.602564	  0.076923	  0.128205	  0.192308	
  0.435897	  0.076923	  0.076923	  0.410256	
  0.512821	  0.153846	  0.243590	  0.089744	
  0.153846	  0.000000	  0.807692	  0.038462	
  0.076923	  0.000000	  0.012821	  0.910256	
  0.076923	  0.000000	  0.012821	  0.910256	
  0.987179	  0.000000	  0.000000	  0.012821	
  0.038462	  0.000000	  0.923077	  0.038462	
  0.333333	  0.230769	  0.076923	  0.358974	
  0.551282	  0.051282	  0.205128	  0.192308	
  0.371795	  0.012821	  0.025641	  0.589744	
  0.833333	  0.051282	  0.025641	  0.089744	
  0.461538	  0.115385	  0.038462	  0.384615	
  0.602564	  0.038462	  0.128205	  0.230769	
  0.051282	  0.935897	  0.000000	  0.012821	
  0.025641	  0.000000	  0.000000	  0.974359	
  0.961538	  0.012821	  0.012821	  0.012821	
  0.897436	  0.012821	  0.012821	  0.076923	
  0.076923	  0.756410	  0.000000	  0.166667	
  0.205128	  0.141026	  0.076923	  0.576923	
  0.538462	  0.102564	  0.128205	  0.230769	
  0.500000	  0.076923	  0.038462	  0.384615	

URL http://regprecise.lbl.gov/RegPrecise/regulog.jsp?regulog_id=6500

MOTIF MntR_Enterococcaceae DtxR-family

letter-probability matrix: alength= 4 w= 22 nsites= 6 E= 0
  0.666667	  0.000000	  0.166667	  0.166667	
  0.500000	  0.000000	  0.000000	  0.500000	
  0.500000	  0.000000	  0.000000	  0.500000	
  0.000000	  0.000000	  0.166667	  0.833333	
  0.000000	  0.000000	  0.000000	  1.000000	
  0.166667	  0.000000	  0.000000	  0.833333	
  1.000000	  0.000000	  0.000000	  0.000000	
  0.000000	  0.000000	  1.000000	  0.000000	
  0.000000	  0.000000	  1.000000	  0.000000	
  0.000000	  0.333333	  0.000000	  0.666667	
  0.333333	  0.000000	  0.500000	  0.166667	
  0.333333	  0.166667	  0.000000	  0.500000	
  0.500000	  0.000000	  0.500000	  0.000000	
  0.166667	  0.833333	  0.000000	  0.000000	
  0.000000	  1.000000	  0.000000	  0.000000	
  0.000000	  0.000000	  0.000000	  1.000000	
  1.000000	  0.000000	  0.000000	  0.000000	
  1.000000	  0.000000	  0.000000	  0.000000	
  1.000000	  0.000000	  0.000000	  0.000000	
  1.000000	  0.000000	  0.000000	  0.000000	
  0.500000	  0.000000	  0.166667	  0.333333	
  0.500000	  0.000000	  0.166667	  0.333333	

URL http://regprecise.lbl.gov/RegPrecise/regulog.jsp?regulog_id=6578

MOTIF MntR_Staphylococcaceae DtxR-family

letter-probability matrix: alength= 4 w= 20 nsites= 15 E= 0
  0.466667	  0.000000	  0.000000	  0.533333	
  0.533333	  0.000000	  0.066667	  0.400000	
  0.466667	  0.000000	  0.000000	  0.533333	
  0.000000	  0.000000	  0.000000	  1.000000	
  0.000000	  0.000000	  0.000000	  1.000000	
  1.000000	  0.000000	  0.000000	  0.000000	
  0.000000	  0.000000	  1.000000	  0.000000	
  0.000000	  0.000000	  1.000000	  0.000000	
  0.000000	  0.000000	  0.000000	  1.000000	
  0.000000	  0.000000	  0.000000	  1.000000	
  0.466667	  0.000000	  0.466667	  0.066667	
  0.600000	  0.066667	  0.333333	  0.000000	
  0.000000	  0.933333	  0.000000	  0.066667	
  0.066667	  0.933333	  0.000000	  0.000000	
  0.000000	  0.000000	  0.000000	  1.000000	
  1.000000	  0.000000	  0.000000	  0.000000	
  0.933333	  0.000000	  0.000000	  0.066667	
  0.666667	  0.133333	  0.000000	  0.200000	
  0.400000	  0.400000	  0.066667	  0.133333	
  0.400000	  0.000000	  0.000000	  0.600000	

URL http://regprecise.lbl.gov/RegPrecise/regulog.jsp?regulog_id=685

MOTIF MntR_Bacillales DtxR-family

letter-probability matrix: alength= 4 w= 22 nsites= 16 E= 0
  0.687500	  0.000000	  0.000000	  0.312500	
  0.937500	  0.000000	  0.062500	  0.000000	
  0.750000	  0.000000	  0.000000	  0.250000	
  0.062500	  0.000000	  0.562500	  0.375000	
  0.000000	  0.000000	  0.000000	  1.000000	
  0.000000	  0.000000	  0.000000	  1.000000	
  0.000000	  0.000000	  0.625000	  0.375000	
  0.187500	  0.812500	  0.000000	  0.000000	
  0.500000	  0.500000	  0.000000	  0.000000	
  0.000000	  0.250000	  0.000000	  0.750000	
  0.000000	  0.187500	  0.062500	  0.750000	
  0.750000	  0.000000	  0.125000	  0.125000	
  0.625000	  0.000000	  0.375000	  0.000000	
  0.125000	  0.000000	  0.750000	  0.125000	
  0.000000	  0.000000	  1.000000	  0.000000	
  0.812500	  0.187500	  0.000000	  0.000000	
  1.000000	  0.000000	  0.000000	  0.000000	
  1.000000	  0.000000	  0.000000	  0.000000	
  0.187500	  0.812500	  0.000000	  0.000000	
  0.375000	  0.000000	  0.000000	  0.625000	
  0.125000	  0.062500	  0.000000	  0.812500	
  0.187500	  0.000000	  0.000000	  0.812500	

URL http://regprecise.lbl.gov/RegPrecise/regulog.jsp?regulog_id=780


