MEME version 4

ALPHABET= ACGT

strands: + -

Background letter frequencies (from uniform background):
A 0.25000 C 0.25000 G 0.25000 T 0.25000 

MOTIF SRRAMY_AtoC Fis-family

letter-probability matrix: alength= 4 w= 20 nsites= 41 E= 1.7e-322 
 0.121951  0.146341  0.731707  0.000000 
 0.000000  0.975610  0.024390  0.000000 
 0.024390  0.097561  0.024390  0.853659 
 0.780488  0.024390  0.195122  0.000000 
 0.000000  0.000000  0.097561  0.902439 
 0.000000  0.000000  1.000000  0.000000 
 0.000000  1.000000  0.000000  0.000000 
 1.000000  0.000000  0.000000  0.000000 
 0.243902  0.000000  0.756098  0.000000 
 0.829268  0.024390  0.146341  0.000000 
 0.853659  0.000000  0.097561  0.048780 
 0.487805  0.048780  0.000000  0.463415 
 0.195122  0.024390  0.024390  0.756098 
 0.000000  0.000000  0.000000  1.000000 
 0.000000  0.000000  0.024390  0.975610 
 0.000000  0.000000  1.000000  0.000000 
 0.000000  1.000000  0.000000  0.000000 
 0.585366  0.000000  0.414634  0.000000 
 0.000000  0.975610  0.000000  0.024390 
 0.878049  0.048780  0.000000  0.073171 
 
URL https://github.com/nikolaichik/SigmoID/

MOTIF GRTTWR_DhaR Fis-family

letter-probability matrix: alength= 4 w= 19 nsites= 66 E= 9.5e-298 
 0.469697  0.121212  0.060606  0.348485 
 0.136364  0.212121  0.045455  0.606061 
 0.045455  0.000000  0.893939  0.060606 
 0.015152  0.015152  0.000000  0.969697 
 0.015152  0.000000  0.000000  0.984848 
 0.000000  0.272727  0.000000  0.727273 
 0.015152  0.803030  0.015152  0.166667 
 0.803030  0.000000  0.151515  0.045455 
 0.409089  0.075756  0.106059  0.409089 
 0.424241  0.075756  0.075757  0.424242 
 0.409090  0.106060  0.075757  0.409090 
 0.045454  0.151514  0.000000  0.803029 
 0.166666  0.015151  0.803029  0.015151 
 0.727272  0.000000  0.272726  0.000000 
 0.984847  0.000000  0.000000  0.015151 
 0.969696  0.000000  0.015151  0.015151 
 0.060605  0.893938  0.000000  0.045454 
 0.606060  0.045454  0.212120  0.136363 
 0.348484  0.060605  0.121211  0.469696 

URL https://github.com/nikolaichik/SigmoID/

MOTIF TRKTLA_ZraR Fis-family

letter-probability matrix: alength= 4 w= 19 nsites= 76 E= 1.6e-483 
 0.276316  0.013158  0.605263  0.105263 
 0.000000  0.644737  0.013158  0.342105 
 0.000000  0.052632  0.947368  0.000000 
 0.526316  0.039474  0.434211  0.000000 
 0.039474  0.000000  0.960526  0.000000 
 0.013158  0.000000  0.039474  0.947368 
 0.710526  0.250000  0.000000  0.039474 
 0.973684  0.000000  0.026316  0.000000 
 0.355263  0.000000  0.000000  0.644737 
 0.500000  0.000000  0.000000  0.500000 
 0.644737  0.000000  0.000000  0.355263 
 0.000000  0.026316  0.000000  0.973684 
 0.039474  0.000000  0.250000  0.710526 
 0.947368  0.039474  0.000000  0.013158 
 0.000000  0.960526  0.000000  0.039474 
 0.000000  0.434211  0.039474  0.526316 
 0.000000  0.947368  0.052632  0.000000 
 0.342105  0.013158  0.644737  0.000000 
 0.105263  0.605263  0.013158  0.276316 

URL https://github.com/nikolaichik/SigmoID/

MOTIF NorR_Ralstonia Fis-family

letter-probability matrix: alength= 4 w= 19 nsites= 35 E= 0
  0.171429	  0.485714	  0.142857	  0.200000	
  0.714286	  0.057143	  0.171429	  0.057143	
  0.085714	  0.285714	  0.400000	  0.228571	
  0.028571	  0.000000	  0.971429	  0.000000	
  0.000000	  0.000000	  1.000000	  0.000000	
  0.000000	  0.000000	  0.000000	  1.000000	
  0.428571	  0.171429	  0.285714	  0.114286	
  0.571429	  0.085714	  0.142857	  0.200000	
  0.542857	  0.028571	  0.028571	  0.400000	
  0.600000	  0.000000	  0.000000	  0.400000	
  0.542857	  0.000000	  0.028571	  0.428571	
  0.314286	  0.114286	  0.085714	  0.485714	
  0.085714	  0.228571	  0.142857	  0.542857	
  1.000000	  0.000000	  0.000000	  0.000000	
  0.000000	  1.000000	  0.000000	  0.000000	
  0.000000	  0.971429	  0.000000	  0.028571	
  0.057143	  0.428571	  0.342857	  0.171429	
  0.057143	  0.200000	  0.114286	  0.628571	
  0.314286	  0.142857	  0.342857	  0.200000	

URL http://regprecise.lbl.gov/RegPrecise/regulog.jsp?regulog_id=1085

MOTIF NtrC_Enterobacteriales Fis-family

letter-probability matrix: alength= 4 w= 17 nsites= 130 E= 0
  0.115385	  0.153846	  0.046154	  0.684615	
  0.007692	  0.000000	  0.976923	  0.015385	
  0.046154	  0.938462	  0.007692	  0.007692	
  0.753846	  0.146154	  0.092308	  0.007692	
  0.007692	  0.900000	  0.000000	  0.092308	
  0.038462	  0.630769	  0.023077	  0.307692	
  0.753846	  0.046154	  0.130769	  0.069231	
  0.492308	  0.030769	  0.069231	  0.407692	
  0.438462	  0.153846	  0.069231	  0.338462	
  0.561538	  0.053846	  0.092308	  0.292308	
  0.084615	  0.176923	  0.030769	  0.707692	
  0.238462	  0.038462	  0.630769	  0.092308	
  0.030769	  0.000000	  0.961538	  0.007692	
  0.053846	  0.069231	  0.061538	  0.815385	
  0.015385	  0.015385	  0.938462	  0.030769	
  0.030769	  0.969231	  0.000000	  0.000000	
  0.546154	  0.076923	  0.276923	  0.100000	

URL http://regprecise.lbl.gov/RegPrecise/regulog.jsp?regulog_id=1127

MOTIF NorR_Enterobacteriales Fis-family

letter-probability matrix: alength= 4 w= 19 nsites= 33 E= 0
  0.151515	  0.333333	  0.181818	  0.333333	
  0.666667	  0.000000	  0.272727	  0.060606	
  0.060606	  0.121212	  0.121212	  0.696970	
  0.181818	  0.000000	  0.030303	  0.787879	
  0.000000	  0.000000	  1.000000	  0.000000	
  0.000000	  0.000000	  0.000000	  1.000000	
  0.000000	  1.000000	  0.000000	  0.000000	
  0.878788	  0.000000	  0.060606	  0.060606	
  0.515152	  0.030303	  0.000000	  0.454545	
  0.484848	  0.000000	  0.000000	  0.515152	
  0.454545	  0.000000	  0.030303	  0.515152	
  0.030303	  0.060606	  0.000000	  0.909091	
  0.000000	  0.000000	  1.000000	  0.000000	
  1.000000	  0.000000	  0.000000	  0.000000	
  0.000000	  1.000000	  0.000000	  0.000000	
  0.757576	  0.030303	  0.000000	  0.212121	
  0.696970	  0.121212	  0.121212	  0.060606	
  0.060606	  0.272727	  0.030303	  0.636364	
  0.333333	  0.181818	  0.303030	  0.181818	

URL http://regprecise.lbl.gov/RegPrecise/regulog.jsp?regulog_id=1136

MOTIF BkdR_Bacillales Fis-family

letter-probability matrix: alength= 4 w= 14 nsites= 26 E= 0
  0.000000	  0.000000	  0.000000	  1.000000	
  0.000000	  0.000000	  1.000000	  0.000000	
  0.038462	  0.961538	  0.000000	  0.000000	
  1.000000	  0.000000	  0.000000	  0.000000	
  1.000000	  0.000000	  0.000000	  0.000000	
  0.653846	  0.000000	  0.000000	  0.346154	
  0.692308	  0.000000	  0.000000	  0.307692	
  0.538462	  0.000000	  0.000000	  0.461538	
  0.423077	  0.038462	  0.115385	  0.423077	
  0.153846	  0.000000	  0.000000	  0.846154	
  0.038462	  0.000000	  0.038462	  0.923077	
  0.000000	  0.000000	  0.846154	  0.153846	
  0.000000	  1.000000	  0.000000	  0.000000	
  0.884615	  0.000000	  0.115385	  0.000000	

URL http://regprecise.lbl.gov/RegPrecise/regulog.jsp?regulog_id=1219

MOTIF NorR_Vibrionales Fis-family

letter-probability matrix: alength= 4 w= 19 nsites= 40 E= 0
  0.275000	  0.150000	  0.075000	  0.500000	
  0.575000	  0.025000	  0.125000	  0.275000	
  0.275000	  0.100000	  0.325000	  0.300000	
  0.175000	  0.000000	  0.050000	  0.775000	
  0.025000	  0.000000	  0.975000	  0.000000	
  0.000000	  0.000000	  0.000000	  1.000000	
  0.000000	  0.950000	  0.000000	  0.050000	
  0.700000	  0.000000	  0.100000	  0.200000	
  0.550000	  0.000000	  0.000000	  0.450000	
  0.475000	  0.000000	  0.000000	  0.525000	
  0.475000	  0.000000	  0.000000	  0.525000	
  0.250000	  0.075000	  0.000000	  0.675000	
  0.025000	  0.000000	  0.975000	  0.000000	
  1.000000	  0.000000	  0.000000	  0.000000	
  0.000000	  1.000000	  0.000000	  0.000000	
  0.800000	  0.025000	  0.000000	  0.175000	
  0.250000	  0.425000	  0.100000	  0.225000	
  0.175000	  0.100000	  0.075000	  0.650000	
  0.525000	  0.050000	  0.100000	  0.325000	

URL http://regprecise.lbl.gov/RegPrecise/regulog.jsp?regulog_id=1823

MOTIF NorR_Alteromonadales Fis-family

letter-probability matrix: alength= 4 w= 19 nsites= 18 E= 0
  0.388889	  0.111111	  0.055556	  0.444444	
  0.444444	  0.166667	  0.111111	  0.277778	
  0.333333	  0.000000	  0.555556	  0.111111	
  0.666667	  0.000000	  0.166667	  0.166667	
  0.000000	  0.000000	  1.000000	  0.000000	
  0.000000	  0.000000	  0.000000	  1.000000	
  0.000000	  1.000000	  0.000000	  0.000000	
  0.722222	  0.000000	  0.000000	  0.277778	
  0.166667	  0.000000	  0.000000	  0.833333	
  0.500000	  0.000000	  0.000000	  0.500000	
  0.833333	  0.000000	  0.000000	  0.166667	
  0.277778	  0.000000	  0.000000	  0.722222	
  0.000000	  0.000000	  1.000000	  0.000000	
  1.000000	  0.000000	  0.000000	  0.000000	
  0.000000	  1.000000	  0.000000	  0.000000	
  0.166667	  0.166667	  0.000000	  0.666667	
  0.111111	  0.555556	  0.000000	  0.333333	
  0.277778	  0.111111	  0.166667	  0.444444	
  0.444444	  0.055556	  0.111111	  0.388889	

URL http://regprecise.lbl.gov/RegPrecise/regulog.jsp?regulog_id=1825

MOTIF NorR_Psychromonadaceae/Aeromonadales Fis-family

letter-probability matrix: alength= 4 w= 19 nsites= 21 E= 0
  0.142857	  0.428571	  0.238095	  0.190476	
  0.619048	  0.000000	  0.285714	  0.095238	
  0.000000	  0.238095	  0.000000	  0.761905	
  0.190476	  0.000000	  0.000000	  0.809524	
  0.000000	  0.000000	  1.000000	  0.000000	
  0.000000	  0.000000	  0.000000	  1.000000	
  0.000000	  0.857143	  0.095238	  0.047619	
  0.571429	  0.095238	  0.047619	  0.285714	
  0.333333	  0.000000	  0.000000	  0.666667	
  0.523810	  0.000000	  0.000000	  0.476190	
  0.571429	  0.000000	  0.000000	  0.428571	
  0.285714	  0.047619	  0.142857	  0.523810	
  0.000000	  0.142857	  0.857143	  0.000000	
  1.000000	  0.000000	  0.000000	  0.000000	
  0.000000	  1.000000	  0.000000	  0.000000	
  0.809524	  0.000000	  0.000000	  0.190476	
  0.714286	  0.047619	  0.238095	  0.000000	
  0.095238	  0.285714	  0.000000	  0.619048	
  0.142857	  0.238095	  0.476190	  0.142857	

URL http://regprecise.lbl.gov/RegPrecise/regulog.jsp?regulog_id=1826

MOTIF NorR_Oceanospirillales/Alteromonadales Fis-family

letter-probability matrix: alength= 4 w= 19 nsites= 13 E= 0
  0.384615	  0.153846	  0.076923	  0.384615	
  0.307692	  0.153846	  0.230769	  0.307692	
  0.307692	  0.000000	  0.692308	  0.000000	
  0.384615	  0.000000	  0.153846	  0.461538	
  0.000000	  0.000000	  1.000000	  0.000000	
  0.000000	  0.000000	  0.000000	  1.000000	
  0.000000	  0.769231	  0.000000	  0.230769	
  0.615385	  0.000000	  0.000000	  0.384615	
  0.384615	  0.000000	  0.076923	  0.538462	
  0.461538	  0.000000	  0.000000	  0.538462	
  0.538462	  0.076923	  0.000000	  0.384615	
  0.307692	  0.000000	  0.000000	  0.692308	
  0.153846	  0.000000	  0.846154	  0.000000	
  1.000000	  0.000000	  0.000000	  0.000000	
  0.000000	  0.923077	  0.000000	  0.076923	
  0.538462	  0.153846	  0.000000	  0.307692	
  0.000000	  0.615385	  0.000000	  0.384615	
  0.307692	  0.230769	  0.230769	  0.230769	
  0.461538	  0.076923	  0.153846	  0.307692	

URL http://regprecise.lbl.gov/RegPrecise/regulog.jsp?regulog_id=1827

MOTIF NtrC_Ralstonia Fis-family

letter-probability matrix: alength= 4 w= 17 nsites= 28 E= 0
  0.035714	  0.535714	  0.000000	  0.428571	
  0.000000	  0.035714	  0.964286	  0.000000	
  0.000000	  1.000000	  0.000000	  0.000000	
  0.892857	  0.000000	  0.107143	  0.000000	
  0.000000	  0.964286	  0.035714	  0.000000	
  0.000000	  0.892857	  0.035714	  0.071429	
  0.821429	  0.000000	  0.178571	  0.000000	
  0.285714	  0.107143	  0.071429	  0.535714	
  0.321429	  0.107143	  0.178571	  0.392857	
  0.714286	  0.000000	  0.142857	  0.142857	
  0.250000	  0.285714	  0.071429	  0.392857	
  0.000000	  0.107143	  0.821429	  0.071429	
  0.000000	  0.142857	  0.821429	  0.035714	
  0.107143	  0.107143	  0.250000	  0.535714	
  0.000000	  0.000000	  0.928571	  0.071429	
  0.000000	  0.857143	  0.000000	  0.142857	
  0.285714	  0.071429	  0.500000	  0.142857	

URL http://regprecise.lbl.gov/RegPrecise/regulog.jsp?regulog_id=2078

MOTIF NtrC_Vibrionales Fis-family

letter-probability matrix: alength= 4 w= 17 nsites= 29 E= 0
  0.000000	  0.379310	  0.000000	  0.620690	
  0.000000	  0.000000	  0.965517	  0.034483	
  0.000000	  1.000000	  0.000000	  0.000000	
  1.000000	  0.000000	  0.000000	  0.000000	
  0.000000	  0.896552	  0.000000	  0.103448	
  0.000000	  0.862069	  0.000000	  0.137931	
  0.896552	  0.000000	  0.103448	  0.000000	
  0.413793	  0.034483	  0.000000	  0.551724	
  0.344828	  0.034483	  0.137931	  0.482759	
  0.517241	  0.000000	  0.034483	  0.448276	
  0.068966	  0.172414	  0.000000	  0.758621	
  0.379310	  0.034483	  0.517241	  0.068966	
  0.000000	  0.000000	  1.000000	  0.000000	
  0.000000	  0.000000	  0.034483	  0.965517	
  0.000000	  0.000000	  1.000000	  0.000000	
  0.000000	  1.000000	  0.000000	  0.000000	
  0.655172	  0.000000	  0.344828	  0.000000	

URL http://regprecise.lbl.gov/RegPrecise/regulog.jsp?regulog_id=2079

MOTIF NtrC_Alteromonadales Fis-family

letter-probability matrix: alength= 4 w= 17 nsites= 26 E= 0
  0.076923	  0.384615	  0.000000	  0.538462	
  0.000000	  0.000000	  1.000000	  0.000000	
  0.038462	  0.961538	  0.000000	  0.000000	
  0.961538	  0.000000	  0.038462	  0.000000	
  0.000000	  0.961538	  0.000000	  0.038462	
  0.115385	  0.576923	  0.115385	  0.192308	
  0.653846	  0.038462	  0.038462	  0.269231	
  0.615385	  0.038462	  0.000000	  0.346154	
  0.538462	  0.076923	  0.000000	  0.384615	
  0.423077	  0.000000	  0.038462	  0.538462	
  0.076923	  0.115385	  0.000000	  0.807692	
  0.076923	  0.000000	  0.769231	  0.153846	
  0.000000	  0.000000	  1.000000	  0.000000	
  0.000000	  0.000000	  0.000000	  1.000000	
  0.000000	  0.000000	  1.000000	  0.000000	
  0.000000	  1.000000	  0.000000	  0.000000	
  0.576923	  0.000000	  0.346154	  0.076923	

URL http://regprecise.lbl.gov/RegPrecise/regulog.jsp?regulog_id=2081

MOTIF NtrC_Pseudomonadaceae Fis-family

letter-probability matrix: alength= 4 w= 17 nsites= 49 E= 0
  0.142857	  0.448980	  0.040816	  0.367347	
  0.000000	  0.000000	  1.000000	  0.000000	
  0.000000	  1.000000	  0.000000	  0.000000	
  0.795918	  0.081633	  0.061224	  0.061224	
  0.000000	  0.959184	  0.000000	  0.040816	
  0.081633	  0.714286	  0.081633	  0.122449	
  0.469388	  0.061224	  0.265306	  0.204082	
  0.367347	  0.000000	  0.142857	  0.489796	
  0.408163	  0.061224	  0.020408	  0.510204	
  0.448980	  0.020408	  0.040816	  0.489796	
  0.040816	  0.204082	  0.020408	  0.734694	
  0.081633	  0.122449	  0.612245	  0.183673	
  0.061224	  0.000000	  0.938776	  0.000000	
  0.102041	  0.122449	  0.081633	  0.693878	
  0.020408	  0.000000	  0.877551	  0.102041	
  0.000000	  1.000000	  0.000000	  0.000000	
  0.489796	  0.000000	  0.489796	  0.020408	

URL http://regprecise.lbl.gov/RegPrecise/regulog.jsp?regulog_id=2084

MOTIF NtrC_Moraxellaceae Fis-family

letter-probability matrix: alength= 4 w= 17 nsites= 27 E= 0
  0.037037	  0.000000	  0.000000	  0.962963	
  0.000000	  0.000000	  1.000000	  0.000000	
  0.222222	  0.740741	  0.000000	  0.037037	
  0.629630	  0.037037	  0.111111	  0.222222	
  0.000000	  0.629630	  0.074074	  0.296296	
  0.185185	  0.481481	  0.074074	  0.259259	
  0.888889	  0.000000	  0.000000	  0.111111	
  0.592593	  0.037037	  0.000000	  0.370370	
  0.481481	  0.000000	  0.037037	  0.481481	
  0.481481	  0.000000	  0.000000	  0.518519	
  0.111111	  0.000000	  0.000000	  0.888889	
  0.259259	  0.000000	  0.592593	  0.148148	
  0.444444	  0.037037	  0.518519	  0.000000	
  0.259259	  0.037037	  0.074074	  0.629630	
  0.037037	  0.000000	  0.555556	  0.407407	
  0.000000	  0.962963	  0.000000	  0.037037	
  0.814815	  0.000000	  0.074074	  0.111111	

URL http://regprecise.lbl.gov/RegPrecise/regulog.jsp?regulog_id=2085

MOTIF NtrC_Xanthomonadales Fis-family

letter-probability matrix: alength= 4 w= 17 nsites= 10 E= 0
  0.000000	  0.000000	  0.100000	  0.900000	
  0.000000	  0.000000	  1.000000	  0.000000	
  0.000000	  1.000000	  0.000000	  0.000000	
  0.900000	  0.100000	  0.000000	  0.000000	
  0.000000	  1.000000	  0.000000	  0.000000	
  0.000000	  0.500000	  0.000000	  0.500000	
  0.800000	  0.100000	  0.000000	  0.100000	
  0.300000	  0.400000	  0.100000	  0.200000	
  0.800000	  0.000000	  0.000000	  0.200000	
  0.100000	  0.100000	  0.000000	  0.800000	
  0.100000	  0.100000	  0.100000	  0.700000	
  0.200000	  0.000000	  0.800000	  0.000000	
  0.000000	  0.000000	  1.000000	  0.000000	
  0.000000	  0.000000	  0.000000	  1.000000	
  0.000000	  0.000000	  1.000000	  0.000000	
  0.000000	  1.000000	  0.000000	  0.000000	
  0.600000	  0.000000	  0.300000	  0.100000	

URL http://regprecise.lbl.gov/RegPrecise/regulog.jsp?regulog_id=2086

MOTIF NtrC_Burkholderia Fis-family

letter-probability matrix: alength= 4 w= 17 nsites= 27 E= 0
  0.111111	  0.666667	  0.000000	  0.222222	
  0.000000	  0.000000	  0.962963	  0.037037	
  0.000000	  1.000000	  0.000000	  0.000000	
  0.888889	  0.037037	  0.074074	  0.000000	
  0.000000	  0.962963	  0.000000	  0.037037	
  0.037037	  0.592593	  0.222222	  0.148148	
  0.629630	  0.111111	  0.259259	  0.000000	
  0.370370	  0.185185	  0.333333	  0.111111	
  0.518519	  0.185185	  0.185185	  0.111111	
  0.296296	  0.185185	  0.111111	  0.407407	
  0.000000	  0.666667	  0.037037	  0.296296	
  0.407407	  0.000000	  0.444444	  0.148148	
  0.000000	  0.000000	  1.000000	  0.000000	
  0.000000	  0.074074	  0.000000	  0.925926	
  0.000000	  0.000000	  1.000000	  0.000000	
  0.000000	  0.925926	  0.000000	  0.074074	
  0.185185	  0.185185	  0.185185	  0.444444	

URL http://regprecise.lbl.gov/RegPrecise/regulog.jsp?regulog_id=2088

MOTIF NtrC_Comamonadaceae Fis-family

letter-probability matrix: alength= 4 w= 17 nsites= 52 E= 0
  0.076923	  0.211538	  0.173077	  0.538462	
  0.000000	  0.000000	  0.923077	  0.076923	
  0.000000	  1.000000	  0.000000	  0.000000	
  0.769231	  0.153846	  0.076923	  0.000000	
  0.000000	  0.961538	  0.000000	  0.038462	
  0.096154	  0.576923	  0.115385	  0.211538	
  0.500000	  0.134615	  0.307692	  0.057692	
  0.634615	  0.134615	  0.057692	  0.173077	
  0.423077	  0.115385	  0.153846	  0.307692	
  0.153846	  0.096154	  0.134615	  0.615385	
  0.057692	  0.134615	  0.115385	  0.692308	
  0.019231	  0.019231	  0.846154	  0.115385	
  0.038462	  0.000000	  0.961538	  0.000000	
  0.019231	  0.019231	  0.019231	  0.942308	
  0.000000	  0.000000	  0.980769	  0.019231	
  0.096154	  0.903846	  0.000000	  0.000000	
  0.500000	  0.076923	  0.365385	  0.057692	

URL http://regprecise.lbl.gov/RegPrecise/regulog.jsp?regulog_id=2089

MOTIF NtrC_Rhodobacterales Fis-family

letter-probability matrix: alength= 4 w= 17 nsites= 92 E= 0
  0.032609	  0.336957	  0.000000	  0.630435	
  0.000000	  0.000000	  1.000000	  0.000000	
  0.065217	  0.902174	  0.000000	  0.032609	
  0.336957	  0.500000	  0.032609	  0.130435	
  0.021739	  0.608696	  0.010870	  0.358696	
  0.847826	  0.010870	  0.108696	  0.032609	
  0.760870	  0.054348	  0.021739	  0.163043	
  0.489130	  0.010870	  0.130435	  0.369565	
  0.489130	  0.076087	  0.119565	  0.315217	
  0.500000	  0.054348	  0.021739	  0.423913	
  0.163043	  0.043478	  0.021739	  0.771739	
  0.010870	  0.152174	  0.032609	  0.804348	
  0.565217	  0.010870	  0.423913	  0.000000	
  0.217391	  0.021739	  0.554348	  0.206522	
  0.000000	  0.010870	  0.869565	  0.119565	
  0.000000	  1.000000	  0.000000	  0.000000	
  0.706522	  0.010870	  0.228261	  0.054348	

URL http://regprecise.lbl.gov/RegPrecise/regulog.jsp?regulog_id=2092

MOTIF NtrC_Sphingomonadales Fis-family

letter-probability matrix: alength= 4 w= 17 nsites= 25 E= 0
  0.000000	  0.000000	  0.040000	  0.960000	
  0.000000	  0.000000	  1.000000	  0.000000	
  0.080000	  0.920000	  0.000000	  0.000000	
  0.000000	  0.680000	  0.080000	  0.240000	
  0.000000	  0.440000	  0.080000	  0.480000	
  0.760000	  0.080000	  0.160000	  0.000000	
  0.640000	  0.000000	  0.080000	  0.280000	
  0.600000	  0.040000	  0.000000	  0.360000	
  0.520000	  0.080000	  0.000000	  0.400000	
  0.280000	  0.040000	  0.000000	  0.680000	
  0.120000	  0.080000	  0.000000	  0.800000	
  0.040000	  0.120000	  0.040000	  0.800000	
  0.720000	  0.040000	  0.240000	  0.000000	
  0.200000	  0.000000	  0.760000	  0.040000	
  0.080000	  0.000000	  0.920000	  0.000000	
  0.000000	  1.000000	  0.000000	  0.000000	
  0.920000	  0.040000	  0.040000	  0.000000	

URL http://regprecise.lbl.gov/RegPrecise/regulog.jsp?regulog_id=2094

MOTIF NtrC_Caulobacterales Fis-family

letter-probability matrix: alength= 4 w= 17 nsites= 15 E= 0
  0.000000	  0.400000	  0.000000	  0.600000	
  0.000000	  0.000000	  1.000000	  0.000000	
  0.200000	  0.800000	  0.000000	  0.000000	
  0.133333	  0.266667	  0.000000	  0.600000	
  0.066667	  0.600000	  0.000000	  0.333333	
  0.933333	  0.000000	  0.066667	  0.000000	
  0.333333	  0.066667	  0.200000	  0.400000	
  0.533333	  0.066667	  0.066667	  0.333333	
  0.466667	  0.133333	  0.000000	  0.400000	
  0.466667	  0.133333	  0.133333	  0.266667	
  0.266667	  0.200000	  0.000000	  0.533333	
  0.000000	  0.200000	  0.000000	  0.800000	
  0.266667	  0.000000	  0.733333	  0.000000	
  0.533333	  0.000000	  0.400000	  0.066667	
  0.000000	  0.000000	  0.933333	  0.066667	
  0.000000	  1.000000	  0.000000	  0.000000	
  0.600000	  0.000000	  0.400000	  0.000000	

URL http://regprecise.lbl.gov/RegPrecise/regulog.jsp?regulog_id=2095

MOTIF NtrC_Desulfuromonadales Fis-family

letter-probability matrix: alength= 4 w= 17 nsites= 56 E= 0
  0.000000	  0.000000	  0.000000	  1.000000	
  0.000000	  0.000000	  1.000000	  0.000000	
  0.053571	  0.821429	  0.017857	  0.107143	
  0.250000	  0.464286	  0.017857	  0.267857	
  0.035714	  0.250000	  0.089286	  0.625000	
  0.767857	  0.071429	  0.142857	  0.017857	
  0.607143	  0.053571	  0.017857	  0.321429	
  0.571429	  0.017857	  0.017857	  0.392857	
  0.392857	  0.053571	  0.017857	  0.535714	
  0.482143	  0.000000	  0.053571	  0.464286	
  0.375000	  0.017857	  0.107143	  0.500000	
  0.017857	  0.107143	  0.107143	  0.767857	
  0.410714	  0.017857	  0.553571	  0.017857	
  0.214286	  0.017857	  0.464286	  0.303571	
  0.000000	  0.000000	  0.946429	  0.053571	
  0.000000	  1.000000	  0.000000	  0.000000	
  0.857143	  0.017857	  0.000000	  0.125000	

URL http://regprecise.lbl.gov/RegPrecise/regulog.jsp?regulog_id=2096

MOTIF OhcR_Desulfovibrionales Fis-family

letter-probability matrix: alength= 4 w= 20 nsites= 10 E= 0
  0.300000	  0.600000	  0.100000	  0.000000	
  0.300000	  0.700000	  0.000000	  0.000000	
  0.700000	  0.100000	  0.100000	  0.100000	
  0.100000	  0.300000	  0.100000	  0.500000	
  0.800000	  0.000000	  0.200000	  0.000000	
  0.000000	  0.000000	  0.000000	  1.000000	
  0.000000	  0.000000	  1.000000	  0.000000	
  0.300000	  0.000000	  0.100000	  0.600000	
  0.000000	  0.400000	  0.000000	  0.600000	
  0.000000	  0.000000	  0.400000	  0.600000	
  0.600000	  0.400000	  0.000000	  0.000000	
  0.800000	  0.000000	  0.200000	  0.000000	
  0.400000	  0.100000	  0.100000	  0.400000	
  0.000000	  1.000000	  0.000000	  0.000000	
  0.900000	  0.000000	  0.100000	  0.000000	
  0.200000	  0.100000	  0.000000	  0.700000	
  0.200000	  0.100000	  0.500000	  0.200000	
  0.100000	  0.100000	  0.000000	  0.800000	
  0.000000	  0.000000	  0.800000	  0.200000	
  0.200000	  0.400000	  0.100000	  0.300000	

URL http://regprecise.lbl.gov/RegPrecise/regulog.jsp?regulog_id=3039

MOTIF DVU2275_Desulfovibrionales Fis-family

letter-probability matrix: alength= 4 w= 15 nsites= 6 E= 0
  0.833333	  0.166667	  0.000000	  0.000000	
  0.833333	  0.000000	  0.166667	  0.000000	
  0.500000	  0.166667	  0.166667	  0.166667	
  0.333333	  0.166667	  0.333333	  0.166667	
  1.000000	  0.000000	  0.000000	  0.000000	
  1.000000	  0.000000	  0.000000	  0.000000	
  1.000000	  0.000000	  0.000000	  0.000000	
  0.500000	  0.000000	  0.333333	  0.166667	
  0.166667	  0.000000	  0.000000	  0.833333	
  0.000000	  0.000000	  0.000000	  1.000000	
  0.000000	  0.000000	  0.000000	  1.000000	
  0.000000	  0.500000	  0.000000	  0.500000	
  0.000000	  0.000000	  0.000000	  1.000000	
  0.000000	  0.000000	  0.000000	  1.000000	
  0.000000	  0.000000	  0.000000	  1.000000	

URL http://regprecise.lbl.gov/RegPrecise/regulog.jsp?regulog_id=3332

MOTIF DVU2827_Desulfovibrionales Fis-family

letter-probability matrix: alength= 4 w= 18 nsites= 26 E= 0
  0.115385	  0.269231	  0.153846	  0.461538	
  0.000000	  0.038462	  0.961538	  0.000000	
  0.269231	  0.038462	  0.115385	  0.576923	
  0.000000	  0.192308	  0.038462	  0.769231	
  0.038462	  0.153846	  0.692308	  0.115385	
  0.000000	  1.000000	  0.000000	  0.000000	
  0.923077	  0.000000	  0.038462	  0.038462	
  0.615385	  0.038462	  0.038462	  0.307692	
  0.615385	  0.038462	  0.076923	  0.269231	
  0.384615	  0.076923	  0.000000	  0.538462	
  0.307692	  0.038462	  0.038462	  0.615385	
  0.076923	  0.038462	  0.000000	  0.884615	
  0.000000	  0.000000	  1.000000	  0.000000	
  0.115385	  0.692308	  0.153846	  0.038462	
  0.769231	  0.038462	  0.192308	  0.000000	
  0.576923	  0.076923	  0.038462	  0.307692	
  0.000000	  0.961538	  0.038462	  0.000000	
  0.461538	  0.115385	  0.307692	  0.115385	

URL http://regprecise.lbl.gov/RegPrecise/regulog.jsp?regulog_id=3333

MOTIF NorR2_Vibrionales Fis-family

letter-probability matrix: alength= 4 w= 19 nsites= 19 E= 0
  0.000000	  0.631579	  0.052632	  0.315789	
  0.000000	  0.052632	  0.947368	  0.000000	
  0.631579	  0.000000	  0.052632	  0.315789	
  0.052632	  0.052632	  0.000000	  0.894737	
  0.000000	  0.000000	  1.000000	  0.000000	
  0.000000	  0.000000	  0.000000	  1.000000	
  0.473684	  0.315789	  0.000000	  0.210526	
  0.631579	  0.157895	  0.000000	  0.210526	
  0.368421	  0.052632	  0.000000	  0.578947	
  0.526316	  0.000000	  0.000000	  0.473684	
  0.842105	  0.000000	  0.000000	  0.157895	
  0.210526	  0.052632	  0.105263	  0.631579	
  0.157895	  0.210526	  0.315789	  0.315789	
  1.000000	  0.000000	  0.000000	  0.000000	
  0.000000	  1.000000	  0.000000	  0.000000	
  1.000000	  0.000000	  0.000000	  0.000000	
  0.157895	  0.052632	  0.000000	  0.789474	
  0.000000	  0.947368	  0.052632	  0.000000	
  0.947368	  0.000000	  0.052632	  0.000000	

URL http://regprecise.lbl.gov/RegPrecise/regulog.jsp?regulog_id=3490

MOTIF DVU3023_Desulfovibrionales Fis-family

letter-probability matrix: alength= 4 w= 18 nsites= 26 E= 0
  0.230769	  0.230769	  0.000000	  0.538462	
  0.115385	  0.000000	  0.884615	  0.000000	
  0.000000	  0.000000	  0.038462	  0.961538	
  0.038462	  0.961538	  0.000000	  0.000000	
  0.000000	  0.730769	  0.000000	  0.269231	
  0.115385	  0.115385	  0.615385	  0.153846	
  0.346154	  0.269231	  0.192308	  0.192308	
  0.384615	  0.038462	  0.000000	  0.576923	
  0.346154	  0.115385	  0.000000	  0.538462	
  0.230769	  0.038462	  0.000000	  0.730769	
  0.230769	  0.192308	  0.038462	  0.538462	
  0.076923	  0.384615	  0.038462	  0.500000	
  0.153846	  0.807692	  0.000000	  0.038462	
  0.500000	  0.000000	  0.500000	  0.000000	
  0.000000	  0.000000	  0.961538	  0.038462	
  1.000000	  0.000000	  0.000000	  0.000000	
  0.038462	  0.884615	  0.000000	  0.076923	
  0.500000	  0.038462	  0.192308	  0.269231	

URL http://regprecise.lbl.gov/RegPrecise/regulog.jsp?regulog_id=4283

MOTIF DVU0621_Desulfovibrionales Fis-family

letter-probability matrix: alength= 4 w= 16 nsites= 17 E= 0
  0.058824	  0.000000	  0.941176	  0.000000	
  0.000000	  0.000000	  0.000000	  1.000000	
  0.000000	  0.941176	  0.058824	  0.000000	
  0.529412	  0.352941	  0.000000	  0.117647	
  0.058824	  0.000000	  0.294118	  0.647059	
  0.235294	  0.294118	  0.294118	  0.176471	
  0.117647	  0.000000	  0.000000	  0.882353	
  0.000000	  0.000000	  0.000000	  1.000000	
  0.000000	  0.000000	  0.000000	  1.000000	
  0.058824	  0.000000	  0.000000	  0.941176	
  0.000000	  0.000000	  0.000000	  1.000000	
  0.117647	  0.882353	  0.000000	  0.000000	
  0.352941	  0.000000	  0.117647	  0.529412	
  0.000000	  0.058824	  0.941176	  0.000000	
  0.882353	  0.000000	  0.000000	  0.117647	
  0.411765	  0.588235	  0.000000	  0.000000	

URL http://regprecise.lbl.gov/RegPrecise/regulog.jsp?regulog_id=4284

MOTIF DVU0539/DVU0946_Desulfovibrionales Fis-family

letter-probability matrix: alength= 4 w= 18 nsites= 30 E= 0
  0.033333	  0.100000	  0.000000	  0.866667	
  0.000000	  0.000000	  1.000000	  0.000000	
  0.033333	  0.866667	  0.033333	  0.066667	
  0.500000	  0.200000	  0.000000	  0.300000	
  0.900000	  0.000000	  0.033333	  0.066667	
  0.833333	  0.033333	  0.033333	  0.100000	
  0.000000	  0.700000	  0.166667	  0.133333	
  0.133333	  0.266667	  0.133333	  0.466667	
  0.033333	  0.633333	  0.233333	  0.100000	
  0.233333	  0.233333	  0.466667	  0.066667	
  0.400000	  0.133333	  0.366667	  0.100000	
  0.033333	  0.133333	  0.833333	  0.000000	
  0.066667	  0.000000	  0.066667	  0.866667	
  0.100000	  0.033333	  0.000000	  0.866667	
  0.266667	  0.000000	  0.200000	  0.533333	
  0.100000	  0.000000	  0.866667	  0.033333	
  0.000000	  1.000000	  0.000000	  0.000000	
  0.866667	  0.000000	  0.133333	  0.000000	

URL http://regprecise.lbl.gov/RegPrecise/regulog.jsp?regulog_id=4286

MOTIF DVU0569_Desulfovibrionales Fis-family

letter-probability matrix: alength= 4 w= 18 nsites= 17 E= 0
  0.000000	  0.117647	  0.000000	  0.882353	
  0.000000	  0.000000	  1.000000	  0.000000	
  0.000000	  0.000000	  1.000000	  0.000000	
  0.294118	  0.117647	  0.000000	  0.588235	
  0.470588	  0.235294	  0.000000	  0.294118	
  0.294118	  0.117647	  0.058824	  0.529412	
  0.000000	  0.176471	  0.588235	  0.235294	
  0.588235	  0.000000	  0.000000	  0.411765	
  0.176471	  0.000000	  0.000000	  0.823529	
  0.235294	  0.000000	  0.000000	  0.764706	
  0.235294	  0.000000	  0.058824	  0.705882	
  0.294118	  0.411765	  0.176471	  0.117647	
  0.117647	  0.058824	  0.294118	  0.529412	
  0.058824	  0.000000	  0.235294	  0.705882	
  0.529412	  0.000000	  0.058824	  0.411765	
  0.000000	  1.000000	  0.000000	  0.000000	
  0.000000	  1.000000	  0.000000	  0.000000	
  0.941176	  0.000000	  0.058824	  0.000000	

URL http://regprecise.lbl.gov/RegPrecise/regulog.jsp?regulog_id=4640

MOTIF DVU2106_Desulfovibrionales Fis-family

letter-probability matrix: alength= 4 w= 17 nsites= 7 E= 0
  0.142857	  0.000000	  0.857143	  0.000000	
  0.000000	  0.000000	  1.000000	  0.000000	
  0.285714	  0.000000	  0.714286	  0.000000	
  0.000000	  1.000000	  0.000000	  0.000000	
  0.285714	  0.000000	  0.571429	  0.142857	
  0.285714	  0.428571	  0.000000	  0.285714	
  0.857143	  0.000000	  0.142857	  0.000000	
  0.000000	  0.000000	  0.000000	  1.000000	
  0.285714	  0.000000	  0.000000	  0.714286	
  0.571429	  0.000000	  0.000000	  0.428571	
  0.000000	  0.142857	  0.000000	  0.857143	
  0.285714	  0.000000	  0.142857	  0.571429	
  0.285714	  0.714286	  0.000000	  0.000000	
  0.000000	  0.000000	  1.000000	  0.000000	
  0.000000	  1.000000	  0.000000	  0.000000	
  0.000000	  1.000000	  0.000000	  0.000000	
  0.142857	  0.857143	  0.000000	  0.000000	

URL http://regprecise.lbl.gov/RegPrecise/regulog.jsp?regulog_id=4645

MOTIF DVU2359_Desulfovibrionales Fis-family

letter-probability matrix: alength= 4 w= 16 nsites= 9 E= 0
  0.000000	  0.444444	  0.000000	  0.555556	
  0.555556	  0.111111	  0.111111	  0.222222	
  0.888889	  0.000000	  0.111111	  0.000000	
  0.000000	  1.000000	  0.000000	  0.000000	
  0.000000	  0.000000	  1.000000	  0.000000	
  1.000000	  0.000000	  0.000000	  0.000000	
  0.666667	  0.111111	  0.000000	  0.222222	
  1.000000	  0.000000	  0.000000	  0.000000	
  0.000000	  0.000000	  0.000000	  1.000000	
  0.444444	  0.000000	  0.222222	  0.333333	
  0.000000	  0.000000	  0.000000	  1.000000	
  0.000000	  1.000000	  0.000000	  0.000000	
  0.000000	  0.000000	  1.000000	  0.000000	
  0.000000	  0.111111	  0.000000	  0.888889	
  0.222222	  0.222222	  0.000000	  0.555556	
  0.666667	  0.000000	  0.333333	  0.000000	

URL http://regprecise.lbl.gov/RegPrecise/regulog.jsp?regulog_id=4651

MOTIF PspF_Desulfovibrionales Fis-family

letter-probability matrix: alength= 4 w= 19 nsites= 8 E= 0
  0.125000	  0.250000	  0.000000	  0.625000	
  0.500000	  0.000000	  0.250000	  0.250000	
  0.000000	  0.000000	  0.000000	  1.000000	
  0.000000	  0.000000	  1.000000	  0.000000	
  0.000000	  0.000000	  1.000000	  0.000000	
  0.000000	  0.250000	  0.000000	  0.750000	
  0.000000	  0.000000	  0.500000	  0.500000	
  0.375000	  0.000000	  0.125000	  0.500000	
  0.375000	  0.125000	  0.000000	  0.500000	
  0.250000	  0.125000	  0.125000	  0.500000	
  0.375000	  0.000000	  0.000000	  0.625000	
  0.375000	  0.000000	  0.000000	  0.625000	
  0.000000	  0.375000	  0.000000	  0.625000	
  0.625000	  0.000000	  0.250000	  0.125000	
  0.000000	  1.000000	  0.000000	  0.000000	
  0.000000	  0.875000	  0.000000	  0.125000	
  1.000000	  0.000000	  0.000000	  0.000000	
  0.125000	  0.250000	  0.500000	  0.125000	
  0.375000	  0.000000	  0.000000	  0.625000	

URL http://regprecise.lbl.gov/RegPrecise/regulog.jsp?regulog_id=4658

MOTIF DVU2894_Desulfovibrionales Fis-family

letter-probability matrix: alength= 4 w= 16 nsites= 27 E= 0
  0.037037	  0.666667	  0.000000	  0.296296	
  0.037037	  0.000000	  0.962963	  0.000000	
  0.037037	  0.037037	  0.000000	  0.925926	
  0.000000	  1.000000	  0.000000	  0.000000	
  0.962963	  0.000000	  0.037037	  0.000000	
  0.333333	  0.074074	  0.370370	  0.222222	
  0.111111	  0.111111	  0.185185	  0.592593	
  0.185185	  0.148148	  0.148148	  0.518519	
  0.259259	  0.148148	  0.037037	  0.555556	
  0.333333	  0.444444	  0.074074	  0.148148	
  0.000000	  0.185185	  0.000000	  0.814815	
  0.000000	  0.000000	  0.000000	  1.000000	
  0.000000	  0.000000	  1.000000	  0.000000	
  0.962963	  0.000000	  0.037037	  0.000000	
  0.000000	  1.000000	  0.000000	  0.000000	
  0.518519	  0.148148	  0.259259	  0.074074	

URL http://regprecise.lbl.gov/RegPrecise/regulog.jsp?regulog_id=4986

MOTIF DVU1419_Desulfovibrionales Fis-family

letter-probability matrix: alength= 4 w= 18 nsites= 11 E= 0
  0.090909	  0.000000	  0.000000	  0.909091	
  0.090909	  0.000000	  0.909091	  0.000000	
  0.000000	  0.090909	  0.000000	  0.909091	
  0.000000	  0.000000	  1.000000	  0.000000	
  0.000000	  1.000000	  0.000000	  0.000000	
  0.909091	  0.090909	  0.000000	  0.000000	
  0.545455	  0.000000	  0.272727	  0.181818	
  0.000000	  0.545455	  0.090909	  0.363636	
  0.545455	  0.090909	  0.090909	  0.272727	
  0.000000	  0.272727	  0.272727	  0.454545	
  0.363636	  0.090909	  0.272727	  0.272727	
  0.181818	  0.090909	  0.181818	  0.545455	
  0.000000	  0.000000	  0.090909	  0.909091	
  0.000000	  0.000000	  1.000000	  0.000000	
  0.000000	  0.909091	  0.000000	  0.090909	
  0.818182	  0.000000	  0.181818	  0.000000	
  0.000000	  0.818182	  0.090909	  0.090909	
  0.909091	  0.000000	  0.090909	  0.000000	

URL http://regprecise.lbl.gov/RegPrecise/regulog.jsp?regulog_id=4989

MOTIF DVU2114_Desulfovibrionales Fis-family

letter-probability matrix: alength= 4 w= 19 nsites= 14 E= 0
  0.428571	  0.142857	  0.357143	  0.071429	
  0.357143	  0.285714	  0.214286	  0.142857	
  0.000000	  0.000000	  0.000000	  1.000000	
  0.000000	  1.000000	  0.000000	  0.000000	
  0.000000	  0.571429	  0.000000	  0.428571	
  1.000000	  0.000000	  0.000000	  0.000000	
  0.428571	  0.071429	  0.071429	  0.428571	
  0.214286	  0.071429	  0.357143	  0.357143	
  0.785714	  0.000000	  0.000000	  0.214286	
  0.428571	  0.000000	  0.000000	  0.571429	
  0.000000	  0.000000	  0.000000	  1.000000	
  0.000000	  0.285714	  0.214286	  0.500000	
  0.000000	  0.428571	  0.285714	  0.285714	
  0.000000	  0.000000	  0.071429	  0.928571	
  0.571429	  0.000000	  0.428571	  0.000000	
  0.000000	  0.000000	  1.000000	  0.000000	
  1.000000	  0.000000	  0.000000	  0.000000	
  0.071429	  0.214286	  0.142857	  0.571429	
  0.214286	  0.214286	  0.000000	  0.571429	

URL http://regprecise.lbl.gov/RegPrecise/regulog.jsp?regulog_id=4990

MOTIF DVU2394_Desulfovibrionales Fis-family

letter-probability matrix: alength= 4 w= 17 nsites= 15 E= 0
  0.066667	  0.066667	  0.066667	  0.800000	
  0.000000	  0.000000	  1.000000	  0.000000	
  0.133333	  0.000000	  0.266667	  0.600000	
  0.466667	  0.000000	  0.466667	  0.066667	
  0.000000	  0.066667	  0.133333	  0.800000	
  0.000000	  1.000000	  0.000000	  0.000000	
  1.000000	  0.000000	  0.000000	  0.000000	
  0.466667	  0.066667	  0.066667	  0.400000	
  0.533333	  0.000000	  0.000000	  0.466667	
  0.333333	  0.000000	  0.066667	  0.600000	
  0.066667	  0.133333	  0.066667	  0.733333	
  0.000000	  0.000000	  0.933333	  0.066667	
  0.600000	  0.133333	  0.200000	  0.066667	
  0.133333	  0.533333	  0.000000	  0.333333	
  0.400000	  0.333333	  0.000000	  0.266667	
  0.000000	  1.000000	  0.000000	  0.000000	
  0.933333	  0.000000	  0.000000	  0.066667	

URL http://regprecise.lbl.gov/RegPrecise/regulog.jsp?regulog_id=4991

MOTIF DVU3305_Desulfovibrionales Fis-family

letter-probability matrix: alength= 4 w= 17 nsites= 18 E= 0
  0.000000	  0.444444	  0.000000	  0.555556	
  0.000000	  0.000000	  1.000000	  0.000000	
  0.000000	  0.111111	  0.000000	  0.888889	
  0.000000	  0.000000	  0.000000	  1.000000	
  0.000000	  0.000000	  1.000000	  0.000000	
  0.000000	  1.000000	  0.000000	  0.000000	
  0.666667	  0.000000	  0.277778	  0.055556	
  0.555556	  0.055556	  0.111111	  0.277778	
  0.611111	  0.000000	  0.000000	  0.388889	
  0.500000	  0.055556	  0.055556	  0.388889	
  0.277778	  0.222222	  0.000000	  0.500000	
  0.111111	  0.000000	  0.888889	  0.000000	
  0.000000	  1.000000	  0.000000	  0.000000	
  1.000000	  0.000000	  0.000000	  0.000000	
  0.944444	  0.000000	  0.055556	  0.000000	
  0.000000	  1.000000	  0.000000	  0.000000	
  0.611111	  0.000000	  0.388889	  0.000000	

URL http://regprecise.lbl.gov/RegPrecise/regulog.jsp?regulog_id=4994

MOTIF ZraR_Desulfovibrionales Fis-family

letter-probability matrix: alength= 4 w= 17 nsites= 24 E= 0
  0.041667	  0.166667	  0.000000	  0.791667	
  0.000000	  0.000000	  1.000000	  0.000000	
  0.000000	  0.041667	  0.000000	  0.958333	
  0.791667	  0.083333	  0.000000	  0.125000	
  0.000000	  0.125000	  0.000000	  0.875000	
  0.625000	  0.041667	  0.250000	  0.083333	
  0.750000	  0.000000	  0.125000	  0.125000	
  0.541667	  0.000000	  0.041667	  0.416667	
  0.541667	  0.000000	  0.000000	  0.458333	
  0.541667	  0.000000	  0.000000	  0.458333	
  0.250000	  0.083333	  0.083333	  0.583333	
  0.041667	  0.166667	  0.041667	  0.750000	
  0.750000	  0.000000	  0.250000	  0.000000	
  0.125000	  0.000000	  0.208333	  0.666667	
  0.916667	  0.041667	  0.041667	  0.000000	
  0.000000	  1.000000	  0.000000	  0.000000	
  0.791667	  0.000000	  0.166667	  0.041667	

URL http://regprecise.lbl.gov/RegPrecise/regulog.jsp?regulog_id=4997

MOTIF DVU1063_Desulfovibrionales Fis-family

letter-probability matrix: alength= 4 w= 13 nsites= 86 E= 0
  0.011628	  0.011628	  0.837209	  0.139535	
  0.000000	  0.000000	  0.988372	  0.011628	
  0.476744	  0.500000	  0.000000	  0.023256	
  0.965116	  0.011628	  0.000000	  0.023256	
  0.581395	  0.058140	  0.209302	  0.151163	
  0.593023	  0.069767	  0.127907	  0.209302	
  0.430233	  0.058140	  0.034884	  0.476744	
  0.279070	  0.127907	  0.058140	  0.534884	
  0.209302	  0.279070	  0.023256	  0.488372	
  0.000000	  0.011628	  0.023256	  0.965116	
  0.011628	  0.011628	  0.500000	  0.476744	
  0.011628	  0.976744	  0.011628	  0.000000	
  0.058140	  0.906977	  0.023256	  0.011628	

URL http://regprecise.lbl.gov/RegPrecise/regulog.jsp?regulog_id=5215

MOTIF DVUA0057_Desulfovibrionales Fis-family

letter-probability matrix: alength= 4 w= 17 nsites= 29 E= 0
  0.000000	  0.034483	  0.000000	  0.965517	
  0.000000	  0.000000	  1.000000	  0.000000	
  0.000000	  0.000000	  0.000000	  1.000000	
  0.172414	  0.758621	  0.000000	  0.068966	
  0.241379	  0.000000	  0.758621	  0.000000	
  0.241379	  0.103448	  0.620690	  0.034483	
  0.620690	  0.103448	  0.172414	  0.103448	
  0.413793	  0.034483	  0.068966	  0.482759	
  0.413793	  0.034483	  0.103448	  0.448276	
  0.413793	  0.000000	  0.206897	  0.379310	
  0.137931	  0.310345	  0.206897	  0.344828	
  0.103448	  0.482759	  0.034483	  0.379310	
  0.000000	  0.379310	  0.000000	  0.620690	
  0.103448	  0.000000	  0.482759	  0.413793	
