MEME version 4

ALPHABET= ACGT

strands: + -

Background letter frequencies (from uniform background):
A 0.25000 C 0.25000 G 0.25000 T 0.25000 

MOTIF SRRAMY_AtoC Fis-family

letter-probability matrix: alength= 4 w= 20 nsites= 41 E= 1.7e-322 
 0.121951  0.146341  0.731707  0.000000 
 0.000000  0.975610  0.024390  0.000000 
 0.024390  0.097561  0.024390  0.853659 
 0.780488  0.024390  0.195122  0.000000 
 0.000000  0.000000  0.097561  0.902439 
 0.000000  0.000000  1.000000  0.000000 
 0.000000  1.000000  0.000000  0.000000 
 1.000000  0.000000  0.000000  0.000000 
 0.243902  0.000000  0.756098  0.000000 
 0.829268  0.024390  0.146341  0.000000 
 0.853659  0.000000  0.097561  0.048780 
 0.487805  0.048780  0.000000  0.463415 
 0.195122  0.024390  0.024390  0.756098 
 0.000000  0.000000  0.000000  1.000000 
 0.000000  0.000000  0.024390  0.975610 
 0.000000  0.000000  1.000000  0.000000 
 0.000000  1.000000  0.000000  0.000000 
 0.585366  0.000000  0.414634  0.000000 
 0.000000  0.975610  0.000000  0.024390 
 0.878049  0.048780  0.000000  0.073171 
 
URL https://github.com/nikolaichik/SigmoID/

MOTIF GRTTWR_DhaR Fis-family

letter-probability matrix: alength= 4 w= 19 nsites= 66 E= 9.5e-298 
 0.469697  0.121212  0.060606  0.348485 
 0.136364  0.212121  0.045455  0.606061 
 0.045455  0.000000  0.893939  0.060606 
 0.015152  0.015152  0.000000  0.969697 
 0.015152  0.000000  0.000000  0.984848 
 0.000000  0.272727  0.000000  0.727273 
 0.015152  0.803030  0.015152  0.166667 
 0.803030  0.000000  0.151515  0.045455 
 0.409089  0.075756  0.106059  0.409089 
 0.424241  0.075756  0.075757  0.424242 
 0.409090  0.106060  0.075757  0.409090 
 0.045454  0.151514  0.000000  0.803029 
 0.166666  0.015151  0.803029  0.015151 
 0.727272  0.000000  0.272726  0.000000 
 0.984847  0.000000  0.000000  0.015151 
 0.969696  0.000000  0.015151  0.015151 
 0.060605  0.893938  0.000000  0.045454 
 0.606060  0.045454  0.212120  0.136363 
 0.348484  0.060605  0.121211  0.469696 

URL https://github.com/nikolaichik/SigmoID/

MOTIF TRKTLA_ZraR Fis-family

letter-probability matrix: alength= 4 w= 19 nsites= 76 E= 1.6e-483 
 0.276316  0.013158  0.605263  0.105263 
 0.000000  0.644737  0.013158  0.342105 
 0.000000  0.052632  0.947368  0.000000 
 0.526316  0.039474  0.434211  0.000000 
 0.039474  0.000000  0.960526  0.000000 
 0.013158  0.000000  0.039474  0.947368 
 0.710526  0.250000  0.000000  0.039474 
 0.973684  0.000000  0.026316  0.000000 
 0.355263  0.000000  0.000000  0.644737 
 0.500000  0.000000  0.000000  0.500000 
 0.644737  0.000000  0.000000  0.355263 
 0.000000  0.026316  0.000000  0.973684 
 0.039474  0.000000  0.250000  0.710526 
 0.947368  0.039474  0.000000  0.013158 
 0.000000  0.960526  0.000000  0.039474 
 0.000000  0.434211  0.039474  0.526316 
 0.000000  0.947368  0.052632  0.000000 
 0.342105  0.013158  0.644737  0.000000 
 0.105263  0.605263  0.013158  0.276316 

URL https://github.com/nikolaichik/SigmoID/

MOTIF GIATYR_UacR Fis-family

letter-probability matrix: alength= 4 w= 15 nsites= 50 E= 2.2e-148
0.100000 0.070000 0.040000 0.790000
0.050000 0.040000 0.000000 0.910000
0.880000 0.120000 0.000000 0.000000
0.000000 0.000000 0.000000 1.000000
0.000000 0.950000 0.000000 0.050000
0.980000 0.010000 0.010000 0.000000
0.419999 0.039998 0.069998 0.469999
0.479999 0.019998 0.019999 0.480000
0.470000 0.069999 0.040000 0.420000
0.000000 0.009999 0.009999 0.979999
0.049999 0.000000 0.949999 0.000000
0.999999 0.000000 0.000000 0.000000
0.000000 0.000000 0.119999 0.879999
0.909999 0.000000 0.039999 0.049999
0.789999 0.039999 0.069999 0.099999

URL https://github.com/nikolaichik/SigmoID/

MOTIF TYHQRA_PspF Fis-family

letter-probability matrix: alength= 4 w= 15 nsites= 38 E= 2.3e-169 
 0.000000  0.026316  0.000000  0.973684 
 0.263158  0.078947  0.657895  0.000000 
 0.210526  0.000000  0.789474  0.000000 
 0.000000  0.105263  0.000000  0.894737 
 0.000000  0.157895  0.736842  0.105263 
 0.921053  0.000000  0.000000  0.078947 
 0.763156  0.000000  0.052630  0.184209 
 0.499999  0.000000  0.000000  0.500000 
 0.184210  0.052631  0.000000  0.763157 
 0.078946  0.000000  0.000000  0.921052 
 0.105262  0.736841  0.157894  0.000000 
 0.894736  0.000000  0.105262  0.000000 
 0.000000  0.789473  0.000000  0.210525 
 0.000000  0.657894  0.078946  0.263157 
 0.973683  0.000000  0.026315  0.000000 
 
URL https://github.com/nikolaichik/SigmoID/

MOTIF SRTTWR_PrpR Fis-family

letter-probability matrix: alength= 4 w= 18 nsites= 16 E= 1.4e-047 
 0.437500  0.250000  0.000000  0.312500 
 0.750000  0.000000  0.125000  0.125000 
 0.937500  0.000000  0.062500  0.000000 
 0.000000  0.000000  0.000000  1.000000 
 0.000000  0.000000  1.000000  0.000000 
 0.875000  0.000000  0.000000  0.125000 
 1.000000  0.000000  0.000000  0.000000 
 1.000000  0.000000  0.000000  0.000000 
 0.000000  1.000000  0.000000  0.000000 
 0.750000  0.000000  0.250000  0.000000 
 0.312500  0.312500  0.125000  0.250000 
 0.187500  0.062500  0.437500  0.312500 
 0.500000  0.125000  0.187500  0.187500 
 0.000000  0.312500  0.125000  0.562500 
 0.125000  0.000000  0.562500  0.312500 
 0.687500  0.125000  0.000000  0.187500 
 0.750000  0.000000  0.000000  0.250000 
 0.687500  0.125000  0.062500  0.125000 

URL https://github.com/nikolaichik/SigmoID/

MOTIF KRTTLS_FhlA_HyfR Fis-family

letter-probability matrix: alength= 4 w= 16 nsites= 52 E= 2.4e-255 
 0.134615  0.019231  0.038462  0.807692 
 0.076923  0.788462  0.000000  0.134615 
 0.000000  0.000000  1.000000  0.000000 
 0.250000  0.000000  0.019231  0.730769 
 0.000000  1.000000  0.000000  0.000000 
 0.923077  0.000000  0.076923  0.000000 
 0.326923  0.250000  0.057692  0.365385 
 0.423075  0.076922  0.019229  0.480768 
 0.480769  0.019230  0.076923  0.423076 
 0.365384  0.057691  0.249999  0.326922 
 0.000000  0.076922  0.000000  0.923076 
 0.000000  0.000000  0.999999  0.000000 
 0.730768  0.019230  0.000000  0.249999 
 0.000000  0.999999  0.000000  0.000000 
 0.134614  0.000000  0.788461  0.076922 
 0.807691  0.038461  0.019230  0.134614 

URL http://regulondb.ccg.unam.mx/regulon?term=ECK120011394&organism=ECK12&format=jsp&type=regulon

MOTIF DASNHK_NorR_Ralstonia 

letter-probability matrix: alength= 4 w= 19 nsites= 60 E= 0
  0.216667	  0.400000	  0.133333	  0.250000	
  0.700000	  0.083333	  0.183333	  0.033333	
  0.100000	  0.333333	  0.416667	  0.150000	
  0.033333	  0.000000	  0.966667	  0.000000	
  0.000000	  0.000000	  1.000000	  0.000000	
  0.000000	  0.000000	  0.000000	  1.000000	
  0.516667	  0.150000	  0.266667	  0.066667	
  0.533333	  0.066667	  0.100000	  0.300000	
  0.466667	  0.033333	  0.000000	  0.500000	
  0.500000	  0.000000	  0.000000	  0.500000	
  0.500000	  0.000000	  0.033333	  0.466667	
  0.300000	  0.100000	  0.066667	  0.533333	
  0.066667	  0.266667	  0.150000	  0.516667	
  1.000000	  0.000000	  0.000000	  0.000000	
  0.000000	  1.000000	  0.000000	  0.000000	
  0.000000	  0.966667	  0.000000	  0.033333	
  0.150000	  0.416667	  0.333333	  0.100000	
  0.033333	  0.183333	  0.083333	  0.700000	
  0.250000	  0.133333	  0.400000	  0.216667	

URL http://regprecise.lbl.gov/RegPrecise/regulog.jsp?regulog_id=1085


MOTIF DRANAR_NorR_Pseudomonadaceae 

letter-probability matrix: alength= 4 w= 19 nsites= 12 E= 0
  0.333333	  0.166667	  0.166667	  0.333333	
  0.166667	  0.000000	  0.666667	  0.166667	
  0.333333	  0.333333	  0.166667	  0.166667	
  0.500000	  0.000000	  0.500000	  0.000000	
  0.000000	  0.000000	  1.000000	  0.000000	
  0.000000	  0.000000	  0.000000	  1.000000	
  0.000000	  1.000000	  0.000000	  0.000000	
  0.666667	  0.166667	  0.166667	  0.000000	
  0.166667	  0.000000	  0.000000	  0.833333	
  0.500000	  0.000000	  0.000000	  0.500000	
  0.833333	  0.000000	  0.000000	  0.166667	
  0.000000	  0.166667	  0.166667	  0.666667	
  0.000000	  0.000000	  1.000000	  0.000000	
  1.000000	  0.000000	  0.000000	  0.000000	
  0.000000	  1.000000	  0.000000	  0.000000	
  0.000000	  0.500000	  0.000000	  0.500000	
  0.166667	  0.166667	  0.333333	  0.333333	
  0.166667	  0.666667	  0.000000	  0.166667	
  0.333333	  0.166667	  0.166667	  0.333333	

MOTIF DRANHR_NorR_Pseudomonadaceae 

letter-probability matrix: alength= 4 w= 19 nsites= 12 E= 0
  0.166667	  0.500000	  0.000000	  0.333333	
  0.000000	  0.000000	  1.000000	  0.000000	
  0.000000	  0.333333	  0.000000	  0.666667	
  0.666667	  0.000000	  0.000000	  0.333333	
  0.166667	  0.000000	  0.833333	  0.000000	
  0.000000	  0.000000	  0.000000	  1.000000	
  0.000000	  1.000000	  0.000000	  0.000000	
  0.333333	  0.166667	  0.333333	  0.166667	
  0.333333	  0.000000	  0.166667	  0.500000	
  0.500000	  0.000000	  0.000000	  0.500000	
  0.500000	  0.166667	  0.000000	  0.333333	
  0.166667	  0.333333	  0.166667	  0.333333	
  0.000000	  0.000000	  1.000000	  0.000000	
  1.000000	  0.000000	  0.000000	  0.000000	
  0.000000	  0.833333	  0.000000	  0.166667	
  0.333333	  0.000000	  0.000000	  0.666667	
  0.666667	  0.000000	  0.333333	  0.000000	
  0.000000	  1.000000	  0.000000	  0.000000	
  0.333333	  0.000000	  0.500000	  0.166667	

MOTIF DRANSR_NorR_Pseudomonadaceae 

letter-probability matrix: alength= 4 w= 19 nsites= 56 E= 0
  0.214286	  0.107143	  0.232143	  0.446429	
  0.250000	  0.071429	  0.535714	  0.142857	
  0.089286	  0.196429	  0.375000	  0.339286	
  0.607143	  0.000000	  0.178571	  0.214286	
  0.000000	  0.000000	  1.000000	  0.000000	
  0.000000	  0.000000	  0.000000	  1.000000	
  0.000000	  1.000000	  0.000000	  0.000000	
  0.589286	  0.107143	  0.107143	  0.196429	
  0.178571	  0.000000	  0.053571	  0.767857	
  0.500000	  0.000000	  0.000000	  0.500000	
  0.767857	  0.053571	  0.000000	  0.178571	
  0.196429	  0.107143	  0.107143	  0.589286	
  0.000000	  0.000000	  1.000000	  0.000000	
  1.000000	  0.000000	  0.000000	  0.000000	
  0.000000	  1.000000	  0.000000	  0.000000	
  0.214286	  0.178571	  0.000000	  0.607143	
  0.339286	  0.375000	  0.196429	  0.089286	
  0.142857	  0.535714	  0.071429	  0.250000	
  0.446429	  0.232143	  0.107143	  0.214286	

MOTIF DRASWR_DVU3305_Desulfovibrionales 

letter-probability matrix: alength= 4 w= 17 nsites= 24 E= 0
  0.000000	  0.333333	  0.000000	  0.666667	
  0.000000	  0.000000	  1.000000	  0.000000	
  0.000000	  0.166667	  0.000000	  0.833333	
  0.000000	  0.000000	  0.000000	  1.000000	
  0.000000	  0.000000	  1.000000	  0.000000	
  0.000000	  1.000000	  0.000000	  0.000000	
  0.750000	  0.000000	  0.250000	  0.000000	
  0.416667	  0.083333	  0.083333	  0.416667	
  0.500000	  0.000000	  0.000000	  0.500000	
  0.416667	  0.083333	  0.083333	  0.416667	
  0.000000	  0.250000	  0.000000	  0.750000	
  0.000000	  0.000000	  1.000000	  0.000000	
  0.000000	  1.000000	  0.000000	  0.000000	
  1.000000	  0.000000	  0.000000	  0.000000	
  0.833333	  0.000000	  0.166667	  0.000000	
  0.000000	  1.000000	  0.000000	  0.000000	
  0.666667	  0.000000	  0.333333	  0.000000	

MOTIF DRGNYR_NorR2_Vibrionales 

letter-probability matrix: alength= 4 w= 19 nsites= 20 E= 0
  0.000000	  0.350000	  0.050000	  0.600000	
  0.000000	  0.100000	  0.900000	  0.000000	
  0.750000	  0.000000	  0.100000	  0.150000	
  0.050000	  0.050000	  0.000000	  0.900000	
  0.000000	  0.000000	  1.000000	  0.000000	
  0.000000	  0.000000	  0.000000	  1.000000	
  0.400000	  0.400000	  0.000000	  0.200000	
  0.550000	  0.150000	  0.000000	  0.300000	
  0.350000	  0.000000	  0.000000	  0.650000	
  0.500000	  0.000000	  0.000000	  0.500000	
  0.650000	  0.000000	  0.000000	  0.350000	
  0.300000	  0.000000	  0.150000	  0.550000	
  0.200000	  0.000000	  0.400000	  0.400000	
  1.000000	  0.000000	  0.000000	  0.000000	
  0.000000	  1.000000	  0.000000	  0.000000	
  0.900000	  0.000000	  0.050000	  0.050000	
  0.150000	  0.100000	  0.000000	  0.750000	
  0.000000	  0.900000	  0.100000	  0.000000	
  0.600000	  0.050000	  0.350000	  0.000000	

MOTIF DRSNLR_NorR_Oceanospirillales_Alteromonadales 

letter-probability matrix: alength= 4 w= 19 nsites= 4 E= 0
  0.000000	  0.500000	  0.000000	  0.500000	
  0.000000	  0.000000	  0.500000	  0.500000	
  0.500000	  0.000000	  0.500000	  0.000000	
  0.000000	  0.000000	  0.000000	  1.000000	
  0.000000	  0.000000	  1.000000	  0.000000	
  0.000000	  0.000000	  0.000000	  1.000000	
  0.000000	  1.000000	  0.000000	  0.000000	
  0.500000	  0.000000	  0.000000	  0.500000	
  0.000000	  0.000000	  0.000000	  1.000000	
  0.500000	  0.000000	  0.000000	  0.500000	
  1.000000	  0.000000	  0.000000	  0.000000	
  0.500000	  0.000000	  0.000000	  0.500000	
  0.000000	  0.000000	  1.000000	  0.000000	
  1.000000	  0.000000	  0.000000	  0.000000	
  0.000000	  1.000000	  0.000000	  0.000000	
  1.000000	  0.000000	  0.000000	  0.000000	
  0.000000	  0.500000	  0.000000	  0.500000	
  0.500000	  0.500000	  0.000000	  0.000000	
  0.500000	  0.000000	  0.500000	  0.000000	

MOTIF DRSTFR_DVU2827_Desulfovibrionales 

letter-probability matrix: alength= 4 w= 18 nsites= 8 E= 0
  0.000000	  0.500000	  0.250000	  0.250000	
  0.000000	  0.000000	  1.000000	  0.000000	
  0.000000	  0.000000	  0.000000	  1.000000	
  0.000000	  0.250000	  0.000000	  0.750000	
  0.000000	  0.000000	  1.000000	  0.000000	
  0.000000	  1.000000	  0.000000	  0.000000	
  1.000000	  0.000000	  0.000000	  0.000000	
  1.000000	  0.000000	  0.000000	  0.000000	
  0.750000	  0.000000	  0.250000	  0.000000	
  0.000000	  0.250000	  0.000000	  0.750000	
  0.000000	  0.000000	  0.000000	  1.000000	
  0.000000	  0.000000	  0.000000	  1.000000	
  0.000000	  0.000000	  1.000000	  0.000000	
  0.000000	  1.000000	  0.000000	  0.000000	
  0.750000	  0.000000	  0.250000	  0.000000	
  1.000000	  0.000000	  0.000000	  0.000000	
  0.000000	  1.000000	  0.000000	  0.000000	
  0.250000	  0.250000	  0.500000	  0.000000	

MOTIF DRTTWR_DVU3305_Desulfovibrionales 

letter-probability matrix: alength= 4 w= 17 nsites= 4 E= 0
  0.000000	  0.500000	  0.000000	  0.500000	
  0.000000	  0.000000	  1.000000	  0.000000	
  0.000000	  0.000000	  0.000000	  1.000000	
  0.000000	  0.000000	  0.000000	  1.000000	
  0.000000	  0.000000	  1.000000	  0.000000	
  0.000000	  0.500000	  0.000000	  0.500000	
  0.500000	  0.000000	  0.000000	  0.500000	
  0.500000	  0.000000	  0.000000	  0.500000	
  0.500000	  0.000000	  0.000000	  0.500000	
  0.500000	  0.000000	  0.000000	  0.500000	
  0.500000	  0.000000	  0.000000	  0.500000	
  0.500000	  0.000000	  0.500000	  0.000000	
  0.000000	  1.000000	  0.000000	  0.000000	
  1.000000	  0.000000	  0.000000	  0.000000	
  1.000000	  0.000000	  0.000000	  0.000000	
  0.000000	  1.000000	  0.000000	  0.000000	
  0.500000	  0.000000	  0.500000	  0.000000	

MOTIF DRVSWR_DVU3305_Desulfovibrionales 

letter-probability matrix: alength= 4 w= 17 nsites= 12 E= 0
  0.000000	  0.416667	  0.000000	  0.583333	
  0.000000	  0.000000	  1.000000	  0.000000	
  0.000000	  0.000000	  0.000000	  1.000000	
  0.000000	  0.000000	  0.000000	  1.000000	
  0.000000	  0.000000	  1.000000	  0.000000	
  0.000000	  1.000000	  0.000000	  0.000000	
  0.333333	  0.000000	  0.333333	  0.333333	
  0.500000	  0.000000	  0.083333	  0.416667	
  0.500000	  0.000000	  0.000000	  0.500000	
  0.416667	  0.083333	  0.000000	  0.500000	
  0.333333	  0.333333	  0.000000	  0.333333	
  0.000000	  0.000000	  1.000000	  0.000000	
  0.000000	  1.000000	  0.000000	  0.000000	
  1.000000	  0.000000	  0.000000	  0.000000	
  1.000000	  0.000000	  0.000000	  0.000000	
  0.000000	  1.000000	  0.000000	  0.000000	
  0.583333	  0.000000	  0.416667	  0.000000	

MOTIF ERFTQK_DVU0539_DVU0946_Desulfovibrionales 

letter-probability matrix: alength= 4 w= 18 nsites= 10 E= 0
  0.000000	  0.100000	  0.000000	  0.900000	
  0.000000	  0.000000	  1.000000	  0.000000	
  0.000000	  1.000000	  0.000000	  0.000000	
  0.300000	  0.300000	  0.000000	  0.400000	
  0.500000	  0.000000	  0.200000	  0.300000	
  0.600000	  0.300000	  0.000000	  0.100000	
  0.000000	  0.900000	  0.000000	  0.100000	
  0.000000	  0.100000	  0.300000	  0.600000	
  0.000000	  0.800000	  0.100000	  0.100000	
  0.100000	  0.100000	  0.800000	  0.000000	
  0.600000	  0.300000	  0.100000	  0.000000	
  0.100000	  0.000000	  0.900000	  0.000000	
  0.100000	  0.000000	  0.300000	  0.600000	
  0.300000	  0.200000	  0.000000	  0.500000	
  0.400000	  0.000000	  0.300000	  0.300000	
  0.000000	  0.000000	  1.000000	  0.000000	
  0.000000	  1.000000	  0.000000	  0.000000	
  0.900000	  0.000000	  0.100000	  0.000000	

MOTIF ERVSQK_DVU0539_DVU0946_Desulfovibrionales 

letter-probability matrix: alength= 4 w= 18 nsites= 6 E= 0
  0.000000	  0.333333	  0.000000	  0.666667	
  0.000000	  0.000000	  1.000000	  0.000000	
  0.166667	  0.666667	  0.000000	  0.166667	
  0.500000	  0.166667	  0.000000	  0.333333	
  1.000000	  0.000000	  0.000000	  0.000000	
  1.000000	  0.000000	  0.000000	  0.000000	
  0.000000	  1.000000	  0.000000	  0.000000	
  0.000000	  0.000000	  0.000000	  1.000000	
  0.000000	  0.500000	  0.500000	  0.000000	
  0.000000	  0.500000	  0.500000	  0.000000	
  1.000000	  0.000000	  0.000000	  0.000000	
  0.000000	  0.000000	  1.000000	  0.000000	
  0.000000	  0.000000	  0.000000	  1.000000	
  0.000000	  0.000000	  0.000000	  1.000000	
  0.333333	  0.000000	  0.166667	  0.500000	
  0.166667	  0.000000	  0.666667	  0.166667	
  0.000000	  1.000000	  0.000000	  0.000000	
  0.666667	  0.000000	  0.333333	  0.000000	

MOTIF GRKTYR_DVU2394_Desulfovibrionales 

letter-probability matrix: alength= 4 w= 17 nsites= 18 E= 0
  0.111111	  0.000000	  0.055556	  0.833333	
  0.000000	  0.000000	  1.000000	  0.000000	
  0.333333	  0.000000	  0.222222	  0.444444	
  0.388889	  0.000000	  0.444444	  0.166667	
  0.000000	  0.111111	  0.000000	  0.888889	
  0.000000	  1.000000	  0.000000	  0.000000	
  0.888889	  0.055556	  0.000000	  0.055556	
  0.555556	  0.111111	  0.055556	  0.277778	
  0.500000	  0.000000	  0.000000	  0.500000	
  0.277778	  0.055556	  0.111111	  0.555556	
  0.055556	  0.000000	  0.055556	  0.888889	
  0.000000	  0.000000	  1.000000	  0.000000	
  0.888889	  0.000000	  0.111111	  0.000000	
  0.166667	  0.444444	  0.000000	  0.388889	
  0.444444	  0.222222	  0.000000	  0.333333	
  0.000000	  1.000000	  0.000000	  0.000000	
  0.833333	  0.055556	  0.000000	  0.111111	

MOTIF GRNTSR_NtrC_Various betaproteobacteria 

letter-probability matrix: alength= 4 w= 17 nsites= 18 E= 0
  0.055556	  0.555556	  0.000000	  0.388889	
  0.000000	  0.000000	  1.000000	  0.000000	
  0.000000	  1.000000	  0.000000	  0.000000	
  1.000000	  0.000000	  0.000000	  0.000000	
  0.000000	  1.000000	  0.000000	  0.000000	
  0.055556	  0.666667	  0.000000	  0.277778	
  0.611111	  0.055556	  0.277778	  0.055556	
  0.111111	  0.388889	  0.277778	  0.222222	
  0.444444	  0.055556	  0.055556	  0.444444	
  0.222222	  0.277778	  0.388889	  0.111111	
  0.055556	  0.277778	  0.055556	  0.611111	
  0.277778	  0.000000	  0.666667	  0.055556	
  0.000000	  0.000000	  1.000000	  0.000000	
  0.000000	  0.000000	  0.000000	  1.000000	
  0.000000	  0.000000	  1.000000	  0.000000	
  0.000000	  1.000000	  0.000000	  0.000000	
  0.388889	  0.000000	  0.555556	  0.055556	

MOTIF GRNTTR_NtrC_Enterobacteriales  

letter-probability matrix: alength= 4 w= 17 nsites= 260 E= 0
  0.107692	  0.215385	  0.061538	  0.615385	
  0.003846	  0.000000	  0.973077	  0.023077	
  0.038462	  0.938462	  0.011538	  0.011538	
  0.784615	  0.103846	  0.080769	  0.030769	
  0.007692	  0.930769	  0.000000	  0.061538	
  0.065385	  0.630769	  0.030769	  0.273077	
  0.730769	  0.038462	  0.153846	  0.076923	
  0.392308	  0.061538	  0.061538	  0.484615	
  0.388462	  0.111538	  0.111538	  0.388462	
  0.484615	  0.061538	  0.061538	  0.392308	
  0.076923	  0.153846	  0.038462	  0.730769	
  0.273077	  0.030769	  0.630769	  0.065385	
  0.061538	  0.000000	  0.930769	  0.007692	
  0.030769	  0.080769	  0.103846	  0.784615	
  0.011538	  0.011538	  0.938462	  0.038462	
  0.023077	  0.973077	  0.000000	  0.003846	
  0.615385	  0.061538	  0.215385	  0.107692	

MOTIF GYHQRG_PspF_Desulfovibrionales 

letter-probability matrix: alength= 4 w= 19 nsites= 4 E= 0
  0.500000	  0.250000	  0.000000	  0.250000	
  0.250000	  0.500000	  0.250000	  0.000000	
  0.000000	  0.000000	  0.000000	  1.000000	
  0.000000	  0.000000	  1.000000	  0.000000	
  0.000000	  0.000000	  1.000000	  0.000000	
  0.250000	  0.500000	  0.000000	  0.250000	
  0.250000	  0.000000	  0.750000	  0.000000	
  0.750000	  0.000000	  0.000000	  0.250000	
  0.500000	  0.000000	  0.000000	  0.500000	
  0.500000	  0.000000	  0.000000	  0.500000	
  0.500000	  0.000000	  0.000000	  0.500000	
  0.250000	  0.000000	  0.000000	  0.750000	
  0.000000	  0.750000	  0.000000	  0.250000	
  0.250000	  0.000000	  0.500000	  0.250000	
  0.000000	  1.000000	  0.000000	  0.000000	
  0.000000	  1.000000	  0.000000	  0.000000	
  1.000000	  0.000000	  0.000000	  0.000000	
  0.000000	  0.250000	  0.500000	  0.250000	
  0.250000	  0.000000	  0.250000	  0.500000	

MOTIF HRGTRN_OhcR_Desulfovibrionales 

letter-probability matrix: alength= 4 w= 20 nsites= 8 E= 0
  0.125000	  0.375000	  0.375000	  0.125000	
  0.250000	  0.750000	  0.000000	  0.000000	
  0.750000	  0.000000	  0.125000	  0.125000	
  0.125000	  0.250000	  0.000000	  0.625000	
  1.000000	  0.000000	  0.000000	  0.000000	
  0.000000	  0.000000	  0.000000	  1.000000	
  0.000000	  0.000000	  1.000000	  0.000000	
  0.250000	  0.000000	  0.250000	  0.500000	
  0.000000	  0.500000	  0.000000	  0.500000	
  0.000000	  0.000000	  0.500000	  0.500000	
  0.500000	  0.500000	  0.000000	  0.000000	
  0.500000	  0.000000	  0.500000	  0.000000	
  0.500000	  0.250000	  0.000000	  0.250000	
  0.000000	  1.000000	  0.000000	  0.000000	
  1.000000	  0.000000	  0.000000	  0.000000	
  0.000000	  0.000000	  0.000000	  1.000000	
  0.625000	  0.000000	  0.250000	  0.125000	
  0.125000	  0.125000	  0.000000	  0.750000	
  0.000000	  0.000000	  0.750000	  0.250000	
  0.125000	  0.375000	  0.375000	  0.125000	

MOTIF KRTTIE_DVU2894_Desulfovibrionales 

letter-probability matrix: alength= 4 w= 16 nsites= 52 E= 0
  0.038462	  0.480769	  0.076923	  0.403846	
  0.019231	  0.000000	  0.980769	  0.000000	
  0.019231	  0.038462	  0.000000	  0.942308	
  0.000000	  1.000000	  0.000000	  0.000000	
  0.980769	  0.000000	  0.019231	  0.000000	
  0.576923	  0.038462	  0.269231	  0.115385	
  0.134615	  0.096154	  0.307692	  0.461538	
  0.365385	  0.096154	  0.153846	  0.384615	
  0.384615	  0.153846	  0.096154	  0.365385	
  0.461538	  0.307692	  0.096154	  0.134615	
  0.115385	  0.269231	  0.038462	  0.576923	
  0.000000	  0.019231	  0.000000	  0.980769	
  0.000000	  0.000000	  1.000000	  0.000000	
  0.942308	  0.000000	  0.038462	  0.019231	
  0.000000	  0.980769	  0.000000	  0.019231	
  0.403846	  0.076923	  0.480769	  0.038462	

MOTIF KRTTLE_DVU2894_Desulfovibrionales 

letter-probability matrix: alength= 4 w= 16 nsites= 2 E= 0
  0.500000	  0.000000	  0.000000	  0.500000	
  0.000000	  0.000000	  1.000000	  0.000000	
  0.000000	  0.000000	  0.000000	  1.000000	
  0.000000	  1.000000	  0.000000	  0.000000	
  1.000000	  0.000000	  0.000000	  0.000000	
  0.500000	  0.000000	  0.500000	  0.000000	
  0.000000	  0.000000	  0.500000	  0.500000	
  0.500000	  0.000000	  0.000000	  0.500000	
  0.500000	  0.000000	  0.000000	  0.500000	
  0.500000	  0.500000	  0.000000	  0.000000	
  0.000000	  0.500000	  0.000000	  0.500000	
  0.000000	  0.000000	  0.000000	  1.000000	
  0.000000	  0.000000	  1.000000	  0.000000	
  1.000000	  0.000000	  0.000000	  0.000000	
  0.000000	  1.000000	  0.000000	  0.000000	
  0.500000	  0.000000	  0.000000	  0.500000	

MOTIF NRNTRA_NtrC_Rhodobacterales 

letter-probability matrix: alength= 4 w= 17 nsites= 6 E= 0
  0.166667	  0.333333	  0.000000	  0.500000	
  0.000000	  0.000000	  1.000000	  0.000000	
  0.333333	  0.666667	  0.000000	  0.000000	
  0.333333	  0.333333	  0.000000	  0.333333	
  0.000000	  0.666667	  0.000000	  0.333333	
  1.000000	  0.000000	  0.000000	  0.000000	
  0.833333	  0.000000	  0.000000	  0.166667	
  0.500000	  0.000000	  0.166667	  0.333333	
  0.166667	  0.333333	  0.333333	  0.166667	
  0.333333	  0.166667	  0.000000	  0.500000	
  0.166667	  0.000000	  0.000000	  0.833333	
  0.000000	  0.000000	  0.000000	  1.000000	
  0.333333	  0.000000	  0.666667	  0.000000	
  0.333333	  0.000000	  0.333333	  0.333333	
  0.000000	  0.000000	  0.666667	  0.333333	
  0.000000	  1.000000	  0.000000	  0.000000	
  0.500000	  0.000000	  0.333333	  0.166667	

MOTIF NRNTRK_NtrC 

letter-probability matrix: alength= 4 w= 17 nsites= 308 E= 0
  0.035714	  0.204545	  0.009740	  0.750000	
  0.000000	  0.000000	  1.000000	  0.000000	
  0.084416	  0.879870	  0.016234	  0.019481	
  0.224026	  0.535714	  0.035714	  0.204545	
  0.009740	  0.496753	  0.029221	  0.464286	
  0.818182	  0.022727	  0.139610	  0.019481	
  0.714286	  0.035714	  0.045455	  0.204545	
  0.487013	  0.012987	  0.103896	  0.396104	
  0.428571	  0.071429	  0.071429	  0.428571	
  0.396104	  0.103896	  0.012987	  0.487013	
  0.204545	  0.045455	  0.035714	  0.714286	
  0.019481	  0.139610	  0.022727	  0.818182	
  0.464286	  0.029221	  0.496753	  0.009740	
  0.204545	  0.035714	  0.535714	  0.224026	
  0.019481	  0.016234	  0.879870	  0.084416	
  0.000000	  1.000000	  0.000000	  0.000000	
  0.750000	  0.009740	  0.204545	  0.035714	

MOTIF PPTTRS_DVU2359_Desulfovibrionales 

letter-probability matrix: alength= 4 w= 16 nsites= 6 E= 0
  0.000000	  0.166667	  0.000000	  0.833333	
  0.333333	  0.166667	  0.333333	  0.166667	
  0.666667	  0.000000	  0.333333	  0.000000	
  0.000000	  1.000000	  0.000000	  0.000000	
  0.000000	  0.000000	  1.000000	  0.000000	
  1.000000	  0.000000	  0.000000	  0.000000	
  0.333333	  0.333333	  0.000000	  0.333333	
  1.000000	  0.000000	  0.000000	  0.000000	
  0.000000	  0.000000	  0.000000	  1.000000	
  0.333333	  0.000000	  0.333333	  0.333333	
  0.000000	  0.000000	  0.000000	  1.000000	
  0.000000	  1.000000	  0.000000	  0.000000	
  0.000000	  0.000000	  1.000000	  0.000000	
  0.000000	  0.333333	  0.000000	  0.666667	
  0.166667	  0.333333	  0.166667	  0.333333	
  0.833333	  0.000000	  0.166667	  0.000000	

MOTIF PRSTYK_AcoR_Bacillales 

letter-probability matrix: alength= 4 w= 32 nsites= 12 E= 0
  0.083333	  0.000000	  0.833333	  0.083333	
  0.916667	  0.000000	  0.083333	  0.000000	
  0.083333	  0.500000	  0.416667	  0.000000	
  0.916667	  0.083333	  0.000000	  0.000000	
  0.500000	  0.416667	  0.000000	  0.083333	
  0.916667	  0.000000	  0.000000	  0.083333	
  0.500000	  0.000000	  0.333333	  0.166667	
  0.333333	  0.250000	  0.000000	  0.416667	
  0.333333	  0.000000	  0.500000	  0.166667	
  0.583333	  0.083333	  0.000000	  0.333333	
  0.000000	  0.083333	  0.916667	  0.000000	
  1.000000	  0.000000	  0.000000	  0.000000	
  0.000000	  0.500000	  0.416667	  0.083333	
  0.750000	  0.000000	  0.083333	  0.166667	
  0.083333	  0.666667	  0.083333	  0.166667	
  0.583333	  0.166667	  0.083333	  0.166667	
  0.166667	  0.083333	  0.166667	  0.583333	
  0.166667	  0.083333	  0.666667	  0.083333	
  0.166667	  0.083333	  0.000000	  0.750000	
  0.083333	  0.416667	  0.500000	  0.000000	
  0.000000	  0.000000	  0.000000	  1.000000	
  0.000000	  0.916667	  0.083333	  0.000000	
  0.333333	  0.000000	  0.083333	  0.583333	
  0.166667	  0.500000	  0.000000	  0.333333	
  0.416667	  0.000000	  0.250000	  0.333333	
  0.166667	  0.333333	  0.000000	  0.500000	
  0.083333	  0.000000	  0.000000	  0.916667	
  0.083333	  0.000000	  0.416667	  0.500000	
  0.000000	  0.000000	  0.083333	  0.916667	
  0.000000	  0.416667	  0.500000	  0.083333	
  0.000000	  0.083333	  0.000000	  0.916667	
  0.083333	  0.833333	  0.000000	  0.083333	

MOTIF SARQGY_DVUA0143_Desulfovibrionales 

letter-probability matrix: alength= 4 w= 14 nsites= 8 E= 0
  0.000000	  0.750000	  0.250000	  0.000000	
  0.000000	  0.000000	  0.000000	  1.000000	
  0.750000	  0.000000	  0.250000	  0.000000	
  0.000000	  1.000000	  0.000000	  0.000000	
  1.000000	  0.000000	  0.000000	  0.000000	
  0.750000	  0.000000	  0.000000	  0.250000	
  0.500000	  0.000000	  0.000000	  0.500000	
  0.500000	  0.000000	  0.000000	  0.500000	
  0.250000	  0.000000	  0.000000	  0.750000	
  0.000000	  0.000000	  0.000000	  1.000000	
  0.000000	  0.000000	  1.000000	  0.000000	
  0.000000	  0.250000	  0.000000	  0.750000	
  1.000000	  0.000000	  0.000000	  0.000000	
  0.000000	  0.250000	  0.750000	  0.000000	

MOTIF SHSALN_DVU0569_Desulfovibrionales 

letter-probability matrix: alength= 4 w= 18 nsites= 2 E= 0
  0.000000	  0.000000	  0.000000	  1.000000	
  0.000000	  0.000000	  1.000000	  0.000000	
  0.000000	  0.000000	  1.000000	  0.000000	
  0.000000	  0.000000	  0.000000	  1.000000	
  0.500000	  0.000000	  0.000000	  0.500000	
  0.000000	  1.000000	  0.000000	  0.000000	
  0.000000	  0.000000	  0.500000	  0.500000	
  0.000000	  0.500000	  0.000000	  0.500000	
  0.500000	  0.000000	  0.000000	  0.500000	
  0.500000	  0.000000	  0.000000	  0.500000	
  0.500000	  0.000000	  0.500000	  0.000000	
  0.500000	  0.500000	  0.000000	  0.000000	
  0.000000	  0.000000	  1.000000	  0.000000	
  0.500000	  0.000000	  0.000000	  0.500000	
  1.000000	  0.000000	  0.000000	  0.000000	
  0.000000	  1.000000	  0.000000	  0.000000	
  0.000000	  1.000000	  0.000000	  0.000000	
  1.000000	  0.000000	  0.000000	  0.000000	

MOTIF SHSSLA_DVU0569_Desulfovibrionales 

letter-probability matrix: alength= 4 w= 18 nsites= 6 E= 0
  0.000000	  0.166667	  0.000000	  0.833333	
  0.000000	  0.000000	  1.000000	  0.000000	
  0.000000	  0.000000	  1.000000	  0.000000	
  0.166667	  0.000000	  0.000000	  0.833333	
  0.166667	  0.333333	  0.000000	  0.500000	
  0.500000	  0.000000	  0.000000	  0.500000	
  0.333333	  0.000000	  0.500000	  0.166667	
  0.833333	  0.000000	  0.000000	  0.166667	
  0.500000	  0.000000	  0.000000	  0.500000	
  0.500000	  0.000000	  0.000000	  0.500000	
  0.166667	  0.000000	  0.000000	  0.833333	
  0.166667	  0.500000	  0.000000	  0.333333	
  0.500000	  0.000000	  0.000000	  0.500000	
  0.500000	  0.000000	  0.333333	  0.166667	
  0.833333	  0.000000	  0.000000	  0.166667	
  0.000000	  1.000000	  0.000000	  0.000000	
  0.000000	  1.000000	  0.000000	  0.000000	
  0.833333	  0.000000	  0.166667	  0.000000	

MOTIF SHTALD_DVU0569_Desulfovibrionales 

letter-probability matrix: alength= 4 w= 18 nsites= 6 E= 0
  0.000000	  0.166667	  0.000000	  0.833333	
  0.000000	  0.000000	  1.000000	  0.000000	
  0.000000	  0.000000	  1.000000	  0.000000	
  0.500000	  0.000000	  0.000000	  0.500000	
  0.500000	  0.500000	  0.000000	  0.000000	
  0.500000	  0.000000	  0.000000	  0.500000	
  0.000000	  0.166667	  0.666667	  0.166667	
  0.833333	  0.000000	  0.000000	  0.166667	
  0.500000	  0.000000	  0.000000	  0.500000	
  0.500000	  0.000000	  0.000000	  0.500000	
  0.166667	  0.000000	  0.000000	  0.833333	
  0.166667	  0.666667	  0.166667	  0.000000	
  0.500000	  0.000000	  0.000000	  0.500000	
  0.000000	  0.000000	  0.500000	  0.500000	
  0.500000	  0.000000	  0.000000	  0.500000	
  0.000000	  1.000000	  0.000000	  0.000000	
  0.000000	  1.000000	  0.000000	  0.000000	
  0.833333	  0.000000	  0.166667	  0.000000	

MOTIF SIRNYY_BkdR_Bacillales 

letter-probability matrix: alength= 4 w= 14 nsites= 32 E= 0
  0.000000	  0.031250	  0.000000	  0.968750	
  0.000000	  0.000000	  1.000000	  0.000000	
  0.125000	  0.875000	  0.000000	  0.000000	
  1.000000	  0.000000	  0.000000	  0.000000	
  0.937500	  0.000000	  0.000000	  0.062500	
  0.531250	  0.093750	  0.031250	  0.343750	
  0.562500	  0.000000	  0.000000	  0.437500	
  0.437500	  0.000000	  0.000000	  0.562500	
  0.343750	  0.031250	  0.093750	  0.531250	
  0.062500	  0.000000	  0.000000	  0.937500	
  0.000000	  0.000000	  0.000000	  1.000000	
  0.000000	  0.000000	  0.875000	  0.125000	
  0.000000	  1.000000	  0.000000	  0.000000	
  0.968750	  0.000000	  0.031250	  0.000000	

MOTIF SIRSYY_BkdR_Bacillales 

letter-probability matrix: alength= 4 w= 14 nsites= 2 E= 0
  0.000000	  0.000000	  0.000000	  1.000000	
  0.000000	  0.000000	  1.000000	  0.000000	
  0.000000	  1.000000	  0.000000	  0.000000	
  1.000000	  0.000000	  0.000000	  0.000000	
  0.500000	  0.000000	  0.000000	  0.500000	
  1.000000	  0.000000	  0.000000	  0.000000	
  0.500000	  0.000000	  0.000000	  0.500000	
  0.500000	  0.000000	  0.000000	  0.500000	
  0.000000	  0.000000	  0.000000	  1.000000	
  0.500000	  0.000000	  0.000000	  0.500000	
  0.000000	  0.000000	  0.000000	  1.000000	
  0.000000	  0.000000	  1.000000	  0.000000	
  0.000000	  1.000000	  0.000000	  0.000000	
  1.000000	  0.000000	  0.000000	  0.000000	

MOTIF SKDTRR_DVU2106_Desulfovibrionales 

letter-probability matrix: alength= 4 w= 17 nsites= 4 E= 0
  0.000000	  0.000000	  1.000000	  0.000000	
  0.000000	  0.000000	  1.000000	  0.000000	
  0.250000	  0.000000	  0.750000	  0.000000	
  0.000000	  1.000000	  0.000000	  0.000000	
  0.250000	  0.000000	  0.250000	  0.500000	
  0.500000	  0.250000	  0.000000	  0.250000	
  1.000000	  0.000000	  0.000000	  0.000000	
  0.250000	  0.000000	  0.000000	  0.750000	
  0.500000	  0.000000	  0.000000	  0.500000	
  0.750000	  0.000000	  0.000000	  0.250000	
  0.000000	  0.000000	  0.000000	  1.000000	
  0.250000	  0.000000	  0.250000	  0.500000	
  0.500000	  0.250000	  0.000000	  0.250000	
  0.000000	  0.000000	  1.000000	  0.000000	
  0.000000	  0.750000	  0.000000	  0.250000	
  0.000000	  1.000000	  0.000000	  0.000000	
  0.000000	  1.000000	  0.000000	  0.000000	

MOTIF SPKNWN_DVU2114_Desulfovibrionales 

letter-probability matrix: alength= 4 w= 19 nsites= 8 E= 0
  0.500000	  0.000000	  0.500000	  0.000000	
  0.250000	  0.250000	  0.250000	  0.250000	
  0.000000	  0.000000	  0.000000	  1.000000	
  0.000000	  1.000000	  0.000000	  0.000000	
  0.000000	  1.000000	  0.000000	  0.000000	
  1.000000	  0.000000	  0.000000	  0.000000	
  0.000000	  0.250000	  0.500000	  0.250000	
  0.000000	  0.500000	  0.250000	  0.250000	
  1.000000	  0.000000	  0.000000	  0.000000	
  0.500000	  0.000000	  0.000000	  0.500000	
  0.000000	  0.000000	  0.000000	  1.000000	
  0.250000	  0.250000	  0.500000	  0.000000	
  0.250000	  0.500000	  0.250000	  0.000000	
  0.000000	  0.000000	  0.000000	  1.000000	
  0.000000	  0.000000	  1.000000	  0.000000	
  0.000000	  0.000000	  1.000000	  0.000000	
  1.000000	  0.000000	  0.000000	  0.000000	
  0.250000	  0.250000	  0.250000	  0.250000	
  0.000000	  0.500000	  0.000000	  0.500000	

MOTIF SPRTRH_DVU2956_Desulfovibrionales 

letter-probability matrix: alength= 4 w= 18 nsites= 6 E= 0
  0.333333	  0.000000	  0.666667	  0.000000	
  0.000000	  1.000000	  0.000000	  0.000000	
  0.000000	  0.000000	  1.000000	  0.000000	
  0.000000	  0.000000	  1.000000	  0.000000	
  0.000000	  1.000000	  0.000000	  0.000000	
  0.833333	  0.000000	  0.166667	  0.000000	
  1.000000	  0.000000	  0.000000	  0.000000	
  1.000000	  0.000000	  0.000000	  0.000000	
  0.333333	  0.166667	  0.000000	  0.500000	
  0.500000	  0.000000	  0.166667	  0.333333	
  0.000000	  0.000000	  0.000000	  1.000000	
  0.000000	  0.000000	  0.000000	  1.000000	
  0.000000	  0.166667	  0.000000	  0.833333	
  0.000000	  0.000000	  1.000000	  0.000000	
  0.000000	  1.000000	  0.000000	  0.000000	
  0.000000	  1.000000	  0.000000	  0.000000	
  0.000000	  0.000000	  1.000000	  0.000000	
  0.000000	  0.666667	  0.000000	  0.333333	

MOTIF SPRTRY_DVU2956_Desulfovibrionales 

letter-probability matrix: alength= 4 w= 18 nsites= 12 E= 0
  0.166667	  0.333333	  0.500000	  0.000000	
  0.000000	  1.000000	  0.000000	  0.000000	
  0.000000	  0.000000	  1.000000	  0.000000	
  0.000000	  0.000000	  1.000000	  0.000000	
  0.083333	  0.833333	  0.000000	  0.083333	
  1.000000	  0.000000	  0.000000	  0.000000	
  0.833333	  0.000000	  0.166667	  0.000000	
  0.416667	  0.166667	  0.083333	  0.333333	
  0.666667	  0.000000	  0.000000	  0.333333	
  0.333333	  0.000000	  0.000000	  0.666667	
  0.333333	  0.083333	  0.166667	  0.416667	
  0.000000	  0.166667	  0.000000	  0.833333	
  0.000000	  0.000000	  0.000000	  1.000000	
  0.083333	  0.000000	  0.833333	  0.083333	
  0.000000	  1.000000	  0.000000	  0.000000	
  0.000000	  1.000000	  0.000000	  0.000000	
  0.000000	  0.000000	  1.000000	  0.000000	
  0.000000	  0.500000	  0.333333	  0.166667	

MOTIF SRGTHN_OhcR_Desulfovibrionales 

letter-probability matrix: alength= 4 w= 20 nsites= 2 E= 0
  1.000000	  0.000000	  0.000000	  0.000000	
  0.000000	  1.000000	  0.000000	  0.000000	
  1.000000	  0.000000	  0.000000	  0.000000	
  0.000000	  0.500000	  0.000000	  0.500000	
  0.500000	  0.000000	  0.500000	  0.000000	
  0.000000	  0.000000	  0.000000	  1.000000	
  0.000000	  0.000000	  1.000000	  0.000000	
  0.500000	  0.000000	  0.000000	  0.500000	
  0.000000	  0.000000	  0.000000	  1.000000	
  0.000000	  0.000000	  0.000000	  1.000000	
  1.000000	  0.000000	  0.000000	  0.000000	
  1.000000	  0.000000	  0.000000	  0.000000	
  0.500000	  0.000000	  0.000000	  0.500000	
  0.000000	  1.000000	  0.000000	  0.000000	
  1.000000	  0.000000	  0.000000	  0.000000	
  0.000000	  0.500000	  0.000000	  0.500000	
  0.500000	  0.000000	  0.500000	  0.000000	
  0.000000	  0.000000	  0.000000	  1.000000	
  0.000000	  0.000000	  1.000000	  0.000000	
  0.000000	  0.000000	  0.000000	  1.000000	

MOTIF SRGTLN_OhcR_Desulfovibrionales 

letter-probability matrix: alength= 4 w= 20 nsites= 2 E= 0
  0.500000	  0.000000	  0.500000	  0.000000	
  0.000000	  1.000000	  0.000000	  0.000000	
  1.000000	  0.000000	  0.000000	  0.000000	
  0.000000	  1.000000	  0.000000	  0.000000	
  0.500000	  0.000000	  0.000000	  0.500000	
  0.000000	  0.000000	  0.000000	  1.000000	
  0.000000	  0.000000	  1.000000	  0.000000	
  0.000000	  0.500000	  0.000000	  0.500000	
  0.000000	  0.500000	  0.000000	  0.500000	
  0.000000	  0.000000	  0.000000	  1.000000	
  1.000000	  0.000000	  0.000000	  0.000000	
  0.500000	  0.000000	  0.500000	  0.000000	
  0.500000	  0.000000	  0.500000	  0.000000	
  0.000000	  1.000000	  0.000000	  0.000000	
  1.000000	  0.000000	  0.000000	  0.000000	
  0.500000	  0.000000	  0.000000	  0.500000	
  0.000000	  0.000000	  1.000000	  0.000000	
  0.000000	  0.000000	  0.000000	  1.000000	
  0.000000	  0.000000	  1.000000	  0.000000	
  0.000000	  0.500000	  0.000000	  0.500000	

MOTIF SRKTYR_DVU2394_Desulfovibrionales 

letter-probability matrix: alength= 4 w= 17 nsites= 12 E= 0
  0.000000	  0.083333	  0.000000	  0.916667	
  0.000000	  0.000000	  1.000000	  0.000000	
  0.000000	  0.000000	  0.416667	  0.583333	
  0.416667	  0.000000	  0.583333	  0.000000	
  0.083333	  0.166667	  0.333333	  0.416667	
  0.083333	  0.916667	  0.000000	  0.000000	
  0.833333	  0.000000	  0.166667	  0.000000	
  0.500000	  0.000000	  0.000000	  0.500000	
  0.500000	  0.000000	  0.000000	  0.500000	
  0.500000	  0.000000	  0.000000	  0.500000	
  0.000000	  0.166667	  0.000000	  0.833333	
  0.000000	  0.000000	  0.916667	  0.083333	
  0.416667	  0.333333	  0.166667	  0.083333	
  0.000000	  0.583333	  0.000000	  0.416667	
  0.583333	  0.416667	  0.000000	  0.000000	
  0.000000	  1.000000	  0.000000	  0.000000	
  0.916667	  0.000000	  0.083333	  0.000000	

MOTIF SRPTYD_DVUA0057_Desulfovibrionales 

letter-probability matrix: alength= 4 w= 17 nsites= 56 E= 0
  0.017857	  0.017857	  0.000000	  0.964286	
  0.000000	  0.000000	  1.000000	  0.000000	
  0.000000	  0.017857	  0.000000	  0.982143	
  0.303571	  0.607143	  0.000000	  0.089286	
  0.428571	  0.000000	  0.571429	  0.000000	
  0.303571	  0.071429	  0.553571	  0.071429	
  0.482143	  0.160714	  0.232143	  0.125000	
  0.392857	  0.107143	  0.035714	  0.464286	
  0.428571	  0.071429	  0.071429	  0.428571	
  0.464286	  0.035714	  0.107143	  0.392857	
  0.125000	  0.232143	  0.160714	  0.482143	
  0.071429	  0.553571	  0.071429	  0.303571	
  0.000000	  0.571429	  0.000000	  0.428571	
  0.089286	  0.000000	  0.607143	  0.303571	
  0.982143	  0.000000	  0.017857	  0.000000	
  0.000000	  1.000000	  0.000000	  0.000000	
  0.964286	  0.000000	  0.017857	  0.017857	

MOTIF SRRTQY_DVU1419_Desulfovibrionales 

letter-probability matrix: alength= 4 w= 18 nsites= 22 E= 0
  0.045455	  0.045455	  0.000000	  0.909091	
