MEME version 4

ALPHABET= ACGT

strands: + -

Background letter frequencies (from uniform background):
A 0.25000 C 0.25000 G 0.25000 T 0.25000 

MOTIF AKTTFD_AauR bEBP-family

letter-probability matrix: alength= 4 w= 18 nsites= 74 E= 0
  0.040541	  0.716216	  0.054054	  0.189189	
  0.270270	  0.000000	  0.729730	  0.000000	
  0.000000	  0.000000	  0.040541	  0.959459	
  0.013514	  0.162162	  0.027027	  0.797297	
  0.000000	  1.000000	  0.000000	  0.000000	
  0.000000	  0.013514	  0.986486	  0.000000	
  0.013514	  0.027027	  0.945946	  0.013514	
  0.540541	  0.121622	  0.175676	  0.162162	
  0.486486	  0.067568	  0.027027	  0.418919	
  0.418919	  0.027027	  0.067568	  0.486486	
  0.162162	  0.175676	  0.121622	  0.540541	
  0.013514	  0.945946	  0.027027	  0.013514	
  0.000000	  0.986486	  0.013514	  0.000000	
  0.000000	  0.000000	  1.000000	  0.000000	
  0.797297	  0.027027	  0.162162	  0.013514	
  0.959459	  0.040541	  0.000000	  0.000000	
  0.000000	  0.729730	  0.000000	  0.270270	
  0.189189	  0.054054	  0.716216	  0.040541

URL http://bacregdb.bsu.by/tffamilies/bEBP?tfName=AKTTFD_AauR

MOTIF DASTYR_AlgB bEBP-family

letter-probability matrix: alength= 4 w= 19 nsites= 68 E= 0
  0.411765	  0.132353	  0.352941	  0.102941	
  0.088235	  0.294118	  0.102941	  0.514706	
  0.088235	  0.808824	  0.044118	  0.058824	
  0.220588	  0.102941	  0.441176	  0.235294	
  0.000000	  0.000000	  0.176471	  0.823529	
  0.014706	  0.000000	  0.941176	  0.044118	
  0.000000	  1.000000	  0.000000	  0.000000	
  0.941176	  0.000000	  0.058824	  0.000000	
  0.455882	  0.088235	  0.308824	  0.147059	
  0.205882	  0.294118	  0.294118	  0.205882	
  0.147059	  0.308824	  0.088235	  0.455882	
  0.000000	  0.058824	  0.000000	  0.941176	
  0.000000	  0.000000	  1.000000	  0.000000	
  0.044118	  0.941176	  0.000000	  0.014706	
  0.823529	  0.176471	  0.000000	  0.000000	
  0.235294	  0.441176	  0.102941	  0.220588	
  0.058824	  0.044118	  0.808824	  0.088235	
  0.514706	  0.102941	  0.294118	  0.088235	
  0.102941	  0.352941	  0.132353	  0.411765

URL http://bacregdb.bsu.by/tffamilies/bEBP?tfName=DASTYR_AlgB

MOTIF DRANAR_NorR bEBP-family

letter-probability matrix: alength= 4 w= 19 nsites= 152 E= 0
  0.282895	  0.138158	  0.184211	  0.394737	
  0.217105	  0.217105	  0.315789	  0.250000	
  0.138158	  0.059211	  0.677632	  0.125000	
  0.605263	  0.039474	  0.157895	  0.197368	
  0.006579	  0.000000	  0.980263	  0.013158	
  0.000000	  0.000000	  0.000000	  1.000000	
  0.006579	  0.980263	  0.000000	  0.013158	
  0.743421	  0.046053	  0.092105	  0.118421	
  0.361842	  0.065789	  0.032895	  0.539474	
  0.480263	  0.019737	  0.019737	  0.480263	
  0.539474	  0.032895	  0.065789	  0.361842	
  0.118421	  0.092105	  0.046053	  0.743421	
  0.013158	  0.000000	  0.980263	  0.006579	
  1.000000	  0.000000	  0.000000	  0.000000	
  0.013158	  0.980263	  0.000000	  0.006579	
  0.197368	  0.157895	  0.039474	  0.605263	
  0.125000	  0.677632	  0.059211	  0.138158	
  0.250000	  0.315789	  0.217105	  0.217105	
  0.394737	  0.184211	  0.138158	  0.282895

URL http://bacregdb.bsu.by/tffamilies/bEBP?tfName=DRANAR_NorR

MOTIF DRANNR_NorR bEBP-family

letter-probability matrix: alength= 4 w= 19 nsites= 64 E= 0
  0.218750	  0.234375	  0.140625	  0.406250	
  0.390625	  0.015625	  0.421875	  0.171875	
  0.125000	  0.109375	  0.343750	  0.421875	
  0.500000	  0.000000	  0.109375	  0.390625	
  0.031250	  0.000000	  0.953125	  0.015625	
  0.000000	  0.000000	  0.000000	  1.000000	
  0.046875	  0.906250	  0.015625	  0.031250	
  0.828125	  0.015625	  0.031250	  0.125000	
  0.328125	  0.000000	  0.015625	  0.656250	
  0.500000	  0.000000	  0.000000	  0.500000	
  0.656250	  0.015625	  0.000000	  0.328125	
  0.125000	  0.031250	  0.015625	  0.828125	
  0.031250	  0.015625	  0.906250	  0.046875	
  1.000000	  0.000000	  0.000000	  0.000000	
  0.015625	  0.953125	  0.000000	  0.031250	
  0.390625	  0.109375	  0.000000	  0.500000	
  0.421875	  0.343750	  0.109375	  0.125000	
  0.171875	  0.421875	  0.015625	  0.390625	
  0.406250	  0.140625	  0.234375	  0.218750

URL http://bacregdb.bsu.by/tffamilies/bEBP?tfName=DRANNR_NorR

MOTIF DSGNHR_NorR bEBP-family

letter-probability matrix: alength= 4 w= 17 nsites= 21 E= 0
  0.571429	  0.000000	  0.000000	  0.428571	
  0.142857	  0.047619	  0.333333	  0.476190	
  0.000000	  0.000000	  0.000000	  1.000000	
  0.000000	  0.000000	  1.000000	  0.000000	
  0.000000	  0.000000	  0.000000	  1.000000	
  0.000000	  1.000000	  0.000000	  0.000000	
  0.809524	  0.095238	  0.000000	  0.095238	
  0.285714	  0.000000	  0.000000	  0.714286	
  0.523810	  0.000000	  0.000000	  0.476190	
  0.761905	  0.000000	  0.000000	  0.238095	
  0.142857	  0.000000	  0.095238	  0.761905	
  0.000000	  0.000000	  1.000000	  0.000000	
  1.000000	  0.000000	  0.000000	  0.000000	
  0.000000	  1.000000	  0.000000	  0.000000	
  1.000000	  0.000000	  0.000000	  0.000000	
  0.476190	  0.285714	  0.047619	  0.190476	
  0.428571	  0.000000	  0.000000	  0.571429

URL http://bacregdb.bsu.by/tffamilies/bEBP?tfName=DSGNHR_NorR

MOTIF GRNTTR_NtrC bEBP-family

letter-probability matrix: alength= 4 w= 17 nsites= 288 E= 0
  0.094618	  0.302951	  0.070312	  0.532118	
  0.013889	  0.013889	  0.951389	  0.020833	
  0.062500	  0.923611	  0.013889	  0.000000	
  0.826389	  0.097222	  0.034722	  0.041667	
  0.000000	  0.944444	  0.003472	  0.052083	
  0.069444	  0.625000	  0.017361	  0.288194	
  0.763889	  0.041667	  0.111111	  0.083333	
  0.385417	  0.086806	  0.034722	  0.493056	
  0.430556	  0.069444	  0.069444	  0.430556	
  0.493056	  0.034722	  0.086806	  0.385417	
  0.083333	  0.111111	  0.041667	  0.763889	
  0.288194	  0.017361	  0.625000	  0.069444	
  0.052083	  0.003472	  0.944444	  0.000000	
  0.041667	  0.034722	  0.097222	  0.826389	
  0.000000	  0.013889	  0.923611	  0.062500	
  0.020833	  0.951389	  0.013889	  0.013889	
  0.532118	  0.070312	  0.302951	  0.094618

URL http://bacregdb.bsu.by/tffamilies/bEBP?tfName=GRNTTR_NtrC

MOTIF GRSTYK_HbcR bEBP-family

letter-probability matrix: alength= 4 w= 18 nsites= 40 E= 0
  0.300000	  0.175000	  0.025000	  0.500000	
  0.200000	  0.000000	  0.775000	  0.025000	
  0.000000	  0.000000	  0.000000	  1.000000	
  0.000000	  0.975000	  0.000000	  0.025000	
  0.000000	  0.025000	  0.000000	  0.975000	
  0.125000	  0.825000	  0.000000	  0.050000	
  0.250000	  0.300000	  0.050000	  0.400000	
  0.625000	  0.075000	  0.225000	  0.075000	
  0.375000	  0.000000	  0.050000	  0.575000	
  0.575000	  0.050000	  0.000000	  0.375000	
  0.075000	  0.225000	  0.075000	  0.625000	
  0.400000	  0.050000	  0.300000	  0.250000	
  0.050000	  0.000000	  0.825000	  0.125000	
  0.975000	  0.000000	  0.025000	  0.000000	
  0.025000	  0.000000	  0.975000	  0.000000	
  1.000000	  0.000000	  0.000000	  0.000000	
  0.025000	  0.775000	  0.000000	  0.200000	
  0.500000	  0.025000	  0.175000	  0.300000

URL http://bacregdb.bsu.by/tffamilies/bEBP?tfName=GRSTYK_HbcR

MOTIF GRTTWR_DhaR bEBP-family

letter-probability matrix: alength= 4 w= 19 nsites= 66 E= 0
  0.469697	  0.121212	  0.060606	  0.348485	
  0.136364	  0.212121	  0.045455	  0.606061	
  0.045455	  0.000000	  0.893939	  0.060606	
  0.015152	  0.015152	  0.000000	  0.969697	
  0.015152	  0.000000	  0.000000	  0.984848	
  0.000000	  0.272727	  0.000000	  0.727273	
  0.015152	  0.803030	  0.015152	  0.166667	
  0.803030	  0.000000	  0.151515	  0.045455	
  0.409091	  0.075758	  0.106061	  0.409091	
  0.424242	  0.075758	  0.075758	  0.424242	
  0.409091	  0.106061	  0.075758	  0.409091	
  0.045455	  0.151515	  0.000000	  0.803030	
  0.166667	  0.015152	  0.803030	  0.015152	
  0.727273	  0.000000	  0.272727	  0.000000	
  0.984848	  0.000000	  0.000000	  0.015152	
  0.969697	  0.000000	  0.015152	  0.015152	
  0.060606	  0.893939	  0.000000	  0.045455	
  0.606061	  0.045455	  0.212121	  0.136364	
  0.348485	  0.060606	  0.121212	  0.469697

URL http://bacregdb.bsu.by/tffamilies/bEBP?tfName=GRTTWR_DhaR

MOTIF HRRTQR_RoxR bEBP-family

letter-probability matrix: alength= 4 w= 19 nsites= 80 E= 0
  0.275000	  0.375000	  0.337500	  0.012500	
  0.012500	  0.175000	  0.000000	  0.812500	
  0.025000	  0.025000	  0.937500	  0.012500	
  0.050000	  0.725000	  0.025000	  0.200000	
  0.000000	  0.000000	  0.987500	  0.012500	
  0.637500	  0.000000	  0.300000	  0.062500	
  0.000000	  1.000000	  0.000000	  0.000000	
  0.937500	  0.025000	  0.037500	  0.000000	
  0.612500	  0.125000	  0.075000	  0.187500	
  0.450000	  0.050000	  0.050000	  0.450000	
  0.187500	  0.075000	  0.125000	  0.612500	
  0.000000	  0.037500	  0.025000	  0.937500	
  0.000000	  0.000000	  1.000000	  0.000000	
  0.062500	  0.300000	  0.000000	  0.637500	
  0.012500	  0.987500	  0.000000	  0.000000	
  0.200000	  0.025000	  0.725000	  0.050000	
  0.012500	  0.937500	  0.025000	  0.025000	
  0.812500	  0.000000	  0.175000	  0.012500	
  0.012500	  0.337500	  0.375000	  0.275000

URL http://bacregdb.bsu.by/tffamilies/bEBP?tfName=HRRTQR_RoxR

MOTIF KRTTLS_HyfR bEBP-family

letter-probability matrix: alength= 4 w= 16 nsites= 52 E= 0
  0.134615	  0.019231	  0.038462	  0.807692	
  0.076923	  0.788462	  0.000000	  0.134615	
  0.000000	  0.000000	  1.000000	  0.000000	
  0.250000	  0.000000	  0.019231	  0.730769	
  0.000000	  1.000000	  0.000000	  0.000000	
  0.923077	  0.000000	  0.076923	  0.000000	
  0.326923	  0.250000	  0.057692	  0.365385	
  0.423077	  0.076923	  0.019231	  0.480769	
  0.480769	  0.019231	  0.076923	  0.423077	
  0.365385	  0.057692	  0.250000	  0.326923	
  0.000000	  0.076923	  0.000000	  0.923077	
  0.000000	  0.000000	  1.000000	  0.000000	
  0.730769	  0.019231	  0.000000	  0.250000	
  0.000000	  1.000000	  0.000000	  0.000000	
  0.134615	  0.000000	  0.788462	  0.076923	
  0.807692	  0.038462	  0.019231	  0.134615

URL http://bacregdb.bsu.by/tffamilies/bEBP?tfName=KRTTLS_HyfR

MOTIF NRGTRK_Fis bEBP-family

letter-probability matrix: alength= 4 w= 23 nsites= 66 E= 0
  0.352273	  0.109848	  0.215909	  0.321970	
  0.378788	  0.075758	  0.181818	  0.363636	
  0.257576	  0.212121	  0.090909	  0.439394	
  0.106061	  0.060606	  0.000000	  0.833333	
  0.015152	  0.000000	  0.939394	  0.045455	
  0.166667	  0.227273	  0.242424	  0.363636	
  0.060606	  0.151515	  0.121212	  0.666667	
  0.030303	  0.287879	  0.136364	  0.545455	
  0.909091	  0.000000	  0.045455	  0.045455	
  0.575758	  0.030303	  0.000000	  0.393939	
  0.515152	  0.000000	  0.000000	  0.484848	
  0.500000	  0.000000	  0.000000	  0.500000	
  0.484848	  0.000000	  0.000000	  0.515152	
  0.393939	  0.000000	  0.030303	  0.575758	
  0.045455	  0.045455	  0.000000	  0.909091	
  0.545455	  0.136364	  0.287879	  0.030303	
  0.666667	  0.121212	  0.151515	  0.060606	
  0.363636	  0.242424	  0.227273	  0.166667	
  0.045455	  0.939394	  0.000000	  0.015152	
  0.833333	  0.000000	  0.060606	  0.106061	
  0.439394	  0.090909	  0.212121	  0.257576	
  0.363636	  0.181818	  0.075758	  0.378788	
  0.321970	  0.215909	  0.109848	  0.352273

URL http://bacregdb.bsu.by/tffamilies/bEBP?tfName=NRGTRK_Fis

MOTIF NRNTRK_NtrC bEBP-family

letter-probability matrix: alength= 4 w= 17 nsites= 308 E= 0
  0.035714	  0.204545	  0.009740	  0.750000	
  0.000000	  0.000000	  1.000000	  0.000000	
  0.084416	  0.879870	  0.016234	  0.019481	
  0.224026	  0.535714	  0.035714	  0.204545	
  0.009740	  0.496753	  0.029221	  0.464286	
  0.818182	  0.022727	  0.139610	  0.019481	
  0.714286	  0.035714	  0.045455	  0.204545	
  0.487013	  0.012987	  0.103896	  0.396104	
  0.428571	  0.071429	  0.071429	  0.428571	
  0.396104	  0.103896	  0.012987	  0.487013	
  0.204545	  0.045455	  0.035714	  0.714286	
  0.019481	  0.139610	  0.022727	  0.818182	
  0.464286	  0.029221	  0.496753	  0.009740	
  0.204545	  0.035714	  0.535714	  0.224026	
  0.019481	  0.016234	  0.879870	  0.084416	
  0.000000	  1.000000	  0.000000	  0.000000	
  0.750000	  0.009740	  0.204545	  0.035714

URL http://bacregdb.bsu.by/tffamilies/bEBP?tfName=NRNTRK_NtrC

MOTIF NRTEYK_GlrR bEBP-family

letter-probability matrix: alength= 4 w= 18 nsites= 27 E= 0
  0.000000	  0.111111	  0.000000	  0.888889	
  0.000000	  0.000000	  1.000000	  0.000000	
  0.000000	  0.000000	  0.000000	  1.000000	
  0.000000	  1.000000	  0.000000	  0.000000	
  0.148148	  0.000000	  0.444444	  0.407407	
  0.000000	  0.703704	  0.074074	  0.222222	
  0.185185	  0.111111	  0.000000	  0.703704	
  0.629630	  0.037037	  0.074074	  0.259259	
  0.666667	  0.000000	  0.000000	  0.333333	
  0.296296	  0.000000	  0.000000	  0.703704	
  0.222222	  0.074074	  0.037037	  0.666667	
  0.666667	  0.000000	  0.111111	  0.222222	
  0.222222	  0.074074	  0.703704	  0.000000	
  0.407407	  0.444444	  0.000000	  0.148148	
  0.000000	  0.000000	  1.000000	  0.000000	
  1.000000	  0.000000	  0.000000	  0.000000	
  0.000000	  1.000000	  0.000000	  0.000000	
  0.888889	  0.000000	  0.111111	  0.000000

URL http://bacregdb.bsu.by/tffamilies/bEBP?tfName=NRTEYK_GlrR

MOTIF PKRTDH_VasH bEBP-family

letter-probability matrix: alength= 4 w= 21 nsites= 23 E= 0
  0.956522	  0.000000	  0.000000	  0.043478	
  0.695652	  0.000000	  0.304348	  0.000000	
  0.043478	  0.347826	  0.000000	  0.608696	
  0.000000	  0.043478	  0.000000	  0.956522	
  0.043478	  0.000000	  0.956522	  0.000000	
  0.000000	  1.000000	  0.000000	  0.000000	
  0.043478	  0.000000	  0.956522	  0.000000	
  0.000000	  0.956522	  0.000000	  0.043478	
  1.000000	  0.000000	  0.000000	  0.000000	
  0.000000	  0.000000	  0.521739	  0.478261	
  0.478261	  0.043478	  0.043478	  0.434783	
  0.521739	  0.478261	  0.000000	  0.000000	
  0.000000	  0.000000	  0.000000	  1.000000	
  0.043478	  0.000000	  0.956522	  0.000000	
  0.000000	  0.956522	  0.000000	  0.043478	
  0.000000	  0.000000	  1.000000	  0.000000	
  0.000000	  0.956522	  0.000000	  0.043478	
  0.956522	  0.000000	  0.043478	  0.000000	
  0.565217	  0.000000	  0.391304	  0.043478	
  0.000000	  0.304348	  0.000000	  0.695652	
  0.043478	  0.000000	  0.000000	  0.956522

URL http://bacregdb.bsu.by/tffamilies/bEBP?tfName=PKRTDH_VasH

MOTIF PKRTYH_HrpS bEBP-family

letter-probability matrix: alength= 4 w= 18 nsites= 14 E= 0
  0.785714	  0.000000	  0.000000	  0.214286	
  0.000000	  0.214286	  0.000000	  0.785714	
  0.000000	  0.000000	  0.000000	  1.000000	
  0.000000	  0.000000	  1.000000	  0.000000	
  0.000000	  1.000000	  0.000000	  0.000000	
  1.000000	  0.000000	  0.000000	  0.000000	
  1.000000	  0.000000	  0.000000	  0.000000	
  0.285714	  0.000000	  0.571429	  0.142857	
  0.500000	  0.214286	  0.000000	  0.285714	
  0.285714	  0.000000	  0.214286	  0.500000	
  0.142857	  0.571429	  0.000000	  0.285714	
  0.000000	  0.000000	  0.000000	  1.000000	
  0.000000	  0.000000	  0.000000	  1.000000	
  0.000000	  0.000000	  1.000000	  0.000000	
  0.000000	  1.000000	  0.000000	  0.000000	
  1.000000	  0.000000	  0.000000	  0.000000	
  0.785714	  0.000000	  0.214286	  0.000000	
  0.214286	  0.000000	  0.000000	  0.785714

URL http://bacregdb.bsu.by/tffamilies/bEBP?tfName=PKRTYH_HrpS

MOTIF RRTTVE_FleQ bEBP-family

letter-probability matrix: alength= 4 w= 22 nsites= 110 E= 0
  0.427273	  0.181818	  0.118182	  0.272727	
  0.418182	  0.100000	  0.100000	  0.381818	
  0.254545	  0.263636	  0.154545	  0.327273	
  0.327273	  0.354545	  0.045455	  0.272727	
  0.045455	  0.009091	  0.918182	  0.027273	
  0.118182	  0.236364	  0.018182	  0.627273	
  0.018182	  0.963636	  0.009091	  0.009091	
  0.836364	  0.000000	  0.118182	  0.045455	
  0.627273	  0.027273	  0.181818	  0.163636	
  0.509091	  0.018182	  0.036364	  0.436364	
  0.436364	  0.063636	  0.018182	  0.481818	
  0.481818	  0.018182	  0.063636	  0.436364	
  0.436364	  0.036364	  0.018182	  0.509091	
  0.163636	  0.181818	  0.027273	  0.627273	
  0.045455	  0.118182	  0.000000	  0.836364	
  0.009091	  0.009091	  0.963636	  0.018182	
  0.627273	  0.018182	  0.236364	  0.118182	
  0.027273	  0.918182	  0.009091	  0.045455	
  0.272727	  0.045455	  0.354545	  0.327273	
  0.327273	  0.154545	  0.263636	  0.254545	
  0.381818	  0.100000	  0.100000	  0.418182	
  0.272727	  0.118182	  0.181818	  0.427273

URL http://bacregdb.bsu.by/tffamilies/bEBP?tfName=RRTTVE_FleQ

MOTIF SHTAAN_TyrR bEBP-family

letter-probability matrix: alength= 4 w= 20 nsites= 18 E= 0
  0.000000	  0.166667	  0.722222	  0.111111	
  0.055556	  0.166667	  0.111111	  0.666667	
  0.000000	  0.000000	  1.000000	  0.000000	
  0.000000	  0.000000	  0.000000	  1.000000	
  1.000000	  0.000000	  0.000000	  0.000000	
  1.000000	  0.000000	  0.000000	  0.000000	
  0.500000	  0.000000	  0.000000	  0.500000	
  0.166667	  0.000000	  0.111111	  0.722222	
  0.444444	  0.000000	  0.000000	  0.555556	
  0.111111	  0.000000	  0.000000	  0.888889	
  0.888889	  0.000000	  0.000000	  0.111111	
  0.555556	  0.000000	  0.000000	  0.444444	
  0.722222	  0.111111	  0.000000	  0.166667	
  0.500000	  0.000000	  0.000000	  0.500000	
  0.000000	  0.000000	  0.000000	  1.000000	
  0.000000	  0.000000	  0.000000	  1.000000	
  1.000000	  0.000000	  0.000000	  0.000000	
  0.000000	  1.000000	  0.000000	  0.000000	
  0.666667	  0.111111	  0.166667	  0.055556	
  0.111111	  0.722222	  0.166667	  0.000000

URL http://bacregdb.bsu.by/tffamilies/bEBP?tfName=SHTAAN_TyrR

MOTIF SHTTAN_PhhR bEBP-family

letter-probability matrix: alength= 4 w= 20 nsites= 64 E= 0
  0.000000	  0.390625	  0.078125	  0.531250	
  0.000000	  0.468750	  0.000000	  0.531250	
  0.000000	  0.000000	  1.000000	  0.000000	
  0.000000	  0.000000	  0.046875	  0.953125	
  0.546875	  0.453125	  0.000000	  0.000000	
  1.000000	  0.000000	  0.000000	  0.000000	
  0.484375	  0.265625	  0.218750	  0.031250	
  0.234375	  0.125000	  0.640625	  0.000000	
  0.468750	  0.000000	  0.000000	  0.531250	
  0.500000	  0.000000	  0.000000	  0.500000	
  0.500000	  0.000000	  0.000000	  0.500000	
  0.531250	  0.000000	  0.000000	  0.468750	
  0.000000	  0.640625	  0.125000	  0.234375	
  0.031250	  0.218750	  0.265625	  0.484375	
  0.000000	  0.000000	  0.000000	  1.000000	
  0.000000	  0.000000	  0.453125	  0.546875	
  0.953125	  0.046875	  0.000000	  0.000000	
  0.000000	  1.000000	  0.000000	  0.000000	
  0.531250	  0.000000	  0.468750	  0.000000	
  0.531250	  0.078125	  0.390625	  0.000000

URL http://bacregdb.bsu.by/tffamilies/bEBP?tfName=SHTTAN_PhhR

MOTIF SIRNYY_BkdR bEBP-family

letter-probability matrix: alength= 4 w= 18 nsites= 150 E= 0
  0.113333	  0.460000	  0.040000	  0.386667	
  0.500000	  0.120000	  0.200000	  0.180000	
  0.026667	  0.086667	  0.013333	  0.873333	
  0.000000	  0.000000	  1.000000	  0.000000	
  0.193333	  0.793333	  0.006667	  0.006667	
  0.933333	  0.006667	  0.000000	  0.060000	
  0.893333	  0.013333	  0.020000	  0.073333	
  0.486667	  0.053333	  0.066667	  0.393333	
  0.540000	  0.033333	  0.026667	  0.400000	
  0.400000	  0.026667	  0.033333	  0.540000	
  0.393333	  0.066667	  0.053333	  0.486667	
  0.073333	  0.020000	  0.013333	  0.893333	
  0.060000	  0.000000	  0.006667	  0.933333	
  0.006667	  0.006667	  0.793333	  0.193333	
  0.000000	  1.000000	  0.000000	  0.000000	
  0.873333	  0.013333	  0.086667	  0.026667	
  0.180000	  0.200000	  0.120000	  0.500000	
  0.386667	  0.040000	  0.460000	  0.113333

URL http://bacregdb.bsu.by/tffamilies/bEBP?tfName=SIRNYY_BkdR

MOTIF SRQSQY_RocR bEBP-family

letter-probability matrix: alength= 4 w= 19 nsites= 106 E= 0
  0.405660	  0.132075	  0.396226	  0.066038	
  0.066038	  0.283019	  0.047170	  0.603774	
  0.009434	  0.066038	  0.924528	  0.000000	
  0.056604	  0.896226	  0.047170	  0.000000	
  0.754717	  0.207547	  0.000000	  0.037736	
  0.962264	  0.000000	  0.000000	  0.037736	
  0.933962	  0.009434	  0.000000	  0.056604	
  0.698113	  0.028302	  0.056604	  0.216981	
  0.424528	  0.009434	  0.028302	  0.537736	
  0.462264	  0.037736	  0.037736	  0.462264	
  0.537736	  0.028302	  0.009434	  0.424528	
  0.216981	  0.056604	  0.028302	  0.698113	
  0.056604	  0.000000	  0.009434	  0.933962	
  0.037736	  0.000000	  0.000000	  0.962264	
  0.037736	  0.000000	  0.207547	  0.754717	
  0.000000	  0.047170	  0.896226	  0.056604	
  0.000000	  0.924528	  0.066038	  0.009434	
  0.603774	  0.047170	  0.283019	  0.066038	
  0.066038	  0.396226	  0.132075	  0.405660

URL http://bacregdb.bsu.by/tffamilies/bEBP?tfName=SRQSQY_RocR

MOTIF SRQSYV_PpsR bEBP-family

letter-probability matrix: alength= 4 w= 18 nsites= 30 E= 0
  0.000000	  0.033333	  0.000000	  0.966667	
  0.000000	  0.000000	  1.000000	  0.000000	
  0.000000	  0.000000	  0.000000	  1.000000	
  0.200000	  0.800000	  0.000000	  0.000000	
  0.766667	  0.133333	  0.000000	  0.100000	
  0.400000	  0.166667	  0.333333	  0.100000	
  0.166667	  0.266667	  0.300000	  0.266667	
  0.166667	  0.233333	  0.166667	  0.433333	
  0.300000	  0.200000	  0.033333	  0.466667	
  0.466667	  0.033333	  0.200000	  0.300000	
  0.433333	  0.166667	  0.233333	  0.166667	
  0.266667	  0.300000	  0.266667	  0.166667	
  0.100000	  0.333333	  0.166667	  0.400000	
  0.100000	  0.000000	  0.133333	  0.766667	
  0.000000	  0.000000	  0.800000	  0.200000	
  1.000000	  0.000000	  0.000000	  0.000000	
  0.000000	  1.000000	  0.000000	  0.000000	
  0.966667	  0.000000	  0.033333	  0.000000

URL http://bacregdb.bsu.by/tffamilies/bEBP?tfName=SRQSYV_PpsR

MOTIF SRSAYR_VfmH bEBP-family

letter-probability matrix: alength= 4 w= 16 nsites= 90 E= 0
  0.388889	  0.000000	  0.422222	  0.188889	
  0.044444	  0.000000	  0.033333	  0.922222	
  0.022222	  0.833333	  0.000000	  0.144444	
  0.000000	  0.866667	  0.011111	  0.122222	
  0.011111	  0.988889	  0.000000	  0.000000	
  0.666667	  0.000000	  0.322222	  0.011111	
  0.422222	  0.077778	  0.100000	  0.400000	
  0.322222	  0.000000	  0.033333	  0.644444	
  0.644444	  0.033333	  0.000000	  0.322222	
  0.400000	  0.100000	  0.077778	  0.422222	
  0.011111	  0.322222	  0.000000	  0.666667	
  0.000000	  0.000000	  0.988889	  0.011111	
  0.122222	  0.011111	  0.866667	  0.000000	
  0.144444	  0.000000	  0.833333	  0.022222	
  0.922222	  0.033333	  0.000000	  0.044444	
  0.188889	  0.422222	  0.000000	  0.388889

URL http://bacregdb.bsu.by/tffamilies/bEBP?tfName=SRSAYR_VfmH

MOTIF SRTTWR_PrpR bEBP-family

letter-probability matrix: alength= 4 w= 18 nsites= 17 E= 0
  0.411765	  0.235294	  0.058824	  0.294118	
  0.764706	  0.000000	  0.117647	  0.117647	
  0.882353	  0.000000	  0.117647	  0.000000	
  0.000000	  0.000000	  0.000000	  1.000000	
  0.000000	  0.000000	  1.000000	  0.000000	
  0.823529	  0.000000	  0.000000	  0.176471	
  1.000000	  0.000000	  0.000000	  0.000000	
  1.000000	  0.000000	  0.000000	  0.000000	
  0.000000	  1.000000	  0.000000	  0.000000	
  0.764706	  0.000000	  0.235294	  0.000000	
  0.294118	  0.294118	  0.117647	  0.294118	
  0.176471	  0.058824	  0.470588	  0.294118	
  0.529412	  0.117647	  0.176471	  0.176471	
  0.000000	  0.294118	  0.117647	  0.588235	
  0.117647	  0.000000	  0.588235	  0.294118	
  0.647059	  0.117647	  0.000000	  0.235294	
  0.764706	  0.000000	  0.000000	  0.235294	
  0.705882	  0.117647	  0.058824	  0.117647

URL http://bacregdb.bsu.by/tffamilies/bEBP?tfName=SRTTWR_PrpR

MOTIF TRKTLA_ZraR bEBP-family

letter-probability matrix: alength= 4 w= 19 nsites= 76 E= 0
  0.276316	  0.013158	  0.605263	  0.105263	
  0.000000	  0.644737	  0.013158	  0.342105	
  0.000000	  0.052632	  0.947368	  0.000000	
  0.526316	  0.039474	  0.434211	  0.000000	
  0.039474	  0.000000	  0.960526	  0.000000	
  0.013158	  0.000000	  0.039474	  0.947368	
  0.710526	  0.250000	  0.000000	  0.039474	
  0.973684	  0.000000	  0.026316	  0.000000	
  0.355263	  0.000000	  0.000000	  0.644737	
  0.500000	  0.000000	  0.000000	  0.500000	
  0.644737	  0.000000	  0.000000	  0.355263	
  0.000000	  0.026316	  0.000000	  0.973684	
  0.039474	  0.000000	  0.250000	  0.710526	
  0.947368	  0.039474	  0.000000	  0.013158	
  0.000000	  0.960526	  0.000000	  0.039474	
  0.000000	  0.434211	  0.039474	  0.526316	
  0.000000	  0.947368	  0.052632	  0.000000	
  0.342105	  0.013158	  0.644737	  0.000000	
  0.105263	  0.605263	  0.013158	  0.276316

URL http://bacregdb.bsu.by/tffamilies/bEBP?tfName=TRKTLA_ZraR

MOTIF TYHQRA_PspF bEBP-family

letter-probability matrix: alength= 4 w= 15 nsites= 38 E= 0
  0.000000	  0.026316	  0.000000	  0.973684	
  0.263158	  0.078947	  0.657895	  0.000000	
  0.210526	  0.000000	  0.789474	  0.000000	
  0.000000	  0.105263	  0.000000	  0.894737	
  0.000000	  0.157895	  0.736842	  0.105263	
  0.921053	  0.000000	  0.000000	  0.078947	
  0.763158	  0.000000	  0.052632	  0.184211	
  0.500000	  0.000000	  0.000000	  0.500000	
  0.184211	  0.052632	  0.000000	  0.763158	
  0.078947	  0.000000	  0.000000	  0.921053	
  0.105263	  0.736842	  0.157895	  0.000000	
  0.894737	  0.000000	  0.105263	  0.000000	
  0.000000	  0.789474	  0.000000	  0.210526	
  0.000000	  0.657895	  0.078947	  0.263158	
  0.973684	  0.000000	  0.026316	  0.000000

URL http://bacregdb.bsu.by/tffamilies/bEBP?tfName=TYHQRA_PspF

MOTIF SRRAMY_AtoC Fis-family

letter-probability matrix: alength= 4 w= 20 nsites= 41 E= 1.7e-322 
 0.121951  0.146341  0.731707  0.000000 
 0.000000  0.975610  0.024390  0.000000 
 0.024390  0.097561  0.024390  0.853659 
 0.780488  0.024390  0.195122  0.000000 
 0.000000  0.000000  0.097561  0.902439 
 0.000000  0.000000  1.000000  0.000000 
 0.000000  1.000000  0.000000  0.000000 
 1.000000  0.000000  0.000000  0.000000 
 0.243902  0.000000  0.756098  0.000000 
 0.829268  0.024390  0.146341  0.000000 
 0.853659  0.000000  0.097561  0.048780 
 0.487805  0.048780  0.000000  0.463415 
 0.195122  0.024390  0.024390  0.756098 
 0.000000  0.000000  0.000000  1.000000 
 0.000000  0.000000  0.024390  0.975610 
 0.000000  0.000000  1.000000  0.000000 
 0.000000  1.000000  0.000000  0.000000 
 0.585366  0.000000  0.414634  0.000000 
 0.000000  0.975610  0.000000  0.024390 
 0.878049  0.048780  0.000000  0.073171 
 
URL https://github.com/nikolaichik/SigmoID/

MOTIF GIATYR_UacR Fis-family

letter-probability matrix: alength= 4 w= 15 nsites= 50 E= 2.2e-148
0.100000 0.070000 0.040000 0.790000
0.050000 0.040000 0.000000 0.910000
0.880000 0.120000 0.000000 0.000000
0.000000 0.000000 0.000000 1.000000
0.000000 0.950000 0.000000 0.050000
0.980000 0.010000 0.010000 0.000000
0.419999 0.039998 0.069998 0.469999
0.479999 0.019998 0.019999 0.480000
0.470000 0.069999 0.040000 0.420000
0.000000 0.009999 0.009999 0.979999
0.049999 0.000000 0.949999 0.000000
0.999999 0.000000 0.000000 0.000000
0.000000 0.000000 0.119999 0.879999
0.909999 0.000000 0.039999 0.049999
0.789999 0.039999 0.069999 0.099999

URL https://github.com/nikolaichik/SigmoID/

MOTIF DASNHK_NorR_Ralstonia Fis-family

letter-probability matrix: alength= 4 w= 19 nsites= 60 E= 0
  0.216667	  0.400000	  0.133333	  0.250000	
  0.700000	  0.083333	  0.183333	  0.033333	
  0.100000	  0.333333	  0.416667	  0.150000	
  0.033333	  0.000000	  0.966667	  0.000000	
  0.000000	  0.000000	  1.000000	  0.000000	
  0.000000	  0.000000	  0.000000	  1.000000	
  0.516667	  0.150000	  0.266667	  0.066667	
  0.533333	  0.066667	  0.100000	  0.300000	
  0.466667	  0.033333	  0.000000	  0.500000	
  0.500000	  0.000000	  0.000000	  0.500000	
  0.500000	  0.000000	  0.033333	  0.466667	
  0.300000	  0.100000	  0.066667	  0.533333	
  0.066667	  0.266667	  0.150000	  0.516667	
  1.000000	  0.000000	  0.000000	  0.000000	
  0.000000	  1.000000	  0.000000	  0.000000	
  0.000000	  0.966667	  0.000000	  0.033333	
  0.150000	  0.416667	  0.333333	  0.100000	
  0.033333	  0.183333	  0.083333	  0.700000	
  0.250000	  0.133333	  0.400000	  0.216667	

URL http://regprecise.lbl.gov/RegPrecise/regulog.jsp?regulog_id=1085

MOTIF DRANHR_NorR_Pseudomonadaceae Fis-family

letter-probability matrix: alength= 4 w= 19 nsites= 12 E= 0
  0.166667	  0.500000	  0.000000	  0.333333	
  0.000000	  0.000000	  1.000000	  0.000000	
  0.000000	  0.333333	  0.000000	  0.666667	
  0.666667	  0.000000	  0.000000	  0.333333	
  0.166667	  0.000000	  0.833333	  0.000000	
  0.000000	  0.000000	  0.000000	  1.000000	
  0.000000	  1.000000	  0.000000	  0.000000	
  0.333333	  0.166667	  0.333333	  0.166667	
  0.333333	  0.000000	  0.166667	  0.500000	
  0.500000	  0.000000	  0.000000	  0.500000	
  0.500000	  0.166667	  0.000000	  0.333333	
  0.166667	  0.333333	  0.166667	  0.333333	
  0.000000	  0.000000	  1.000000	  0.000000	
  1.000000	  0.000000	  0.000000	  0.000000	
  0.000000	  0.833333	  0.000000	  0.166667	
  0.333333	  0.000000	  0.000000	  0.666667	
  0.666667	  0.000000	  0.333333	  0.000000	
  0.000000	  1.000000	  0.000000	  0.000000	
  0.333333	  0.000000	  0.500000	  0.166667	

MOTIF DRANSR_NorR_Pseudomonadaceae Fis-family

letter-probability matrix: alength= 4 w= 19 nsites= 56 E= 0
  0.214286	  0.107143	  0.232143	  0.446429	
  0.250000	  0.071429	  0.535714	  0.142857	
  0.089286	  0.196429	  0.375000	  0.339286	
  0.607143	  0.000000	  0.178571	  0.214286	
  0.000000	  0.000000	  1.000000	  0.000000	
  0.000000	  0.000000	  0.000000	  1.000000	
  0.000000	  1.000000	  0.000000	  0.000000	
  0.589286	  0.107143	  0.107143	  0.196429	
  0.178571	  0.000000	  0.053571	  0.767857	
  0.500000	  0.000000	  0.000000	  0.500000	
  0.767857	  0.053571	  0.000000	  0.178571	
  0.196429	  0.107143	  0.107143	  0.589286	
  0.000000	  0.000000	  1.000000	  0.000000	
  1.000000	  0.000000	  0.000000	  0.000000	
  0.000000	  1.000000	  0.000000	  0.000000	
  0.214286	  0.178571	  0.000000	  0.607143	
  0.339286	  0.375000	  0.196429	  0.089286	
  0.142857	  0.535714	  0.071429	  0.250000	
  0.446429	  0.232143	  0.107143	  0.214286	

MOTIF DRASWR_DVU3305_Desulfovibrionales Fis-family

letter-probability matrix: alength= 4 w= 17 nsites= 24 E= 0
  0.000000	  0.333333	  0.000000	  0.666667	
  0.000000	  0.000000	  1.000000	  0.000000	
  0.000000	  0.166667	  0.000000	  0.833333	
  0.000000	  0.000000	  0.000000	  1.000000	
  0.000000	  0.000000	  1.000000	  0.000000	
  0.000000	  1.000000	  0.000000	  0.000000	
  0.750000	  0.000000	  0.250000	  0.000000	
  0.416667	  0.083333	  0.083333	  0.416667	
  0.500000	  0.000000	  0.000000	  0.500000	
  0.416667	  0.083333	  0.083333	  0.416667	
  0.000000	  0.250000	  0.000000	  0.750000	
  0.000000	  0.000000	  1.000000	  0.000000	
  0.000000	  1.000000	  0.000000	  0.000000	
  1.000000	  0.000000	  0.000000	  0.000000	
  0.833333	  0.000000	  0.166667	  0.000000	
  0.000000	  1.000000	  0.000000	  0.000000	
  0.666667	  0.000000	  0.333333	  0.000000	

MOTIF DRGNYR_NorR2_Vibrionales Fis-family

letter-probability matrix: alength= 4 w= 19 nsites= 20 E= 0
  0.000000	  0.350000	  0.050000	  0.600000	
  0.000000	  0.100000	  0.900000	  0.000000	
  0.750000	  0.000000	  0.100000	  0.150000	
  0.050000	  0.050000	  0.000000	  0.900000	
  0.000000	  0.000000	  1.000000	  0.000000	
  0.000000	  0.000000	  0.000000	  1.000000	
  0.400000	  0.400000	  0.000000	  0.200000	
  0.550000	  0.150000	  0.000000	  0.300000	
  0.350000	  0.000000	  0.000000	  0.650000	
  0.500000	  0.000000	  0.000000	  0.500000	
  0.650000	  0.000000	  0.000000	  0.350000	
  0.300000	  0.000000	  0.150000	  0.550000	
  0.200000	  0.000000	  0.400000	  0.400000	
  1.000000	  0.000000	  0.000000	  0.000000	
  0.000000	  1.000000	  0.000000	  0.000000	
  0.900000	  0.000000	  0.050000	  0.050000	
  0.150000	  0.100000	  0.000000	  0.750000	
  0.000000	  0.900000	  0.100000	  0.000000	
  0.600000	  0.050000	  0.350000	  0.000000	

MOTIF DRSNLR_NorR_Oceanospirillales_Alteromonadales Fis-family

letter-probability matrix: alength= 4 w= 19 nsites= 4 E= 0
  0.000000	  0.500000	  0.000000	  0.500000	
  0.000000	  0.000000	  0.500000	  0.500000	
  0.500000	  0.000000	  0.500000	  0.000000	
  0.000000	  0.000000	  0.000000	  1.000000	
  0.000000	  0.000000	  1.000000	  0.000000	
  0.000000	  0.000000	  0.000000	  1.000000	
  0.000000	  1.000000	  0.000000	  0.000000	
  0.500000	  0.000000	  0.000000	  0.500000	
  0.000000	  0.000000	  0.000000	  1.000000	
  0.500000	  0.000000	  0.000000	  0.500000	
  1.000000	  0.000000	  0.000000	  0.000000	
  0.500000	  0.000000	  0.000000	  0.500000	
  0.000000	  0.000000	  1.000000	  0.000000	
  1.000000	  0.000000	  0.000000	  0.000000	
  0.000000	  1.000000	  0.000000	  0.000000	
  1.000000	  0.000000	  0.000000	  0.000000	
  0.000000	  0.500000	  0.000000	  0.500000	
  0.500000	  0.500000	  0.000000	  0.000000	
  0.500000	  0.000000	  0.500000	  0.000000	

MOTIF DRSTFR_DVU2827_Desulfovibrionales Fis-family

letter-probability matrix: alength= 4 w= 18 nsites= 8 E= 0
  0.000000	  0.500000	  0.250000	  0.250000	
  0.000000	  0.000000	  1.000000	  0.000000	
  0.000000	  0.000000	  0.000000	  1.000000	
  0.000000	  0.250000	  0.000000	  0.750000	
  0.000000	  0.000000	  1.000000	  0.000000	
  0.000000	  1.000000	  0.000000	  0.000000	
  1.000000	  0.000000	  0.000000	  0.000000	
  1.000000	  0.000000	  0.000000	  0.000000	
  0.750000	  0.000000	  0.250000	  0.000000	
  0.000000	  0.250000	  0.000000	  0.750000	
  0.000000	  0.000000	  0.000000	  1.000000	
  0.000000	  0.000000	  0.000000	  1.000000	
  0.000000	  0.000000	  1.000000	  0.000000	
  0.000000	  1.000000	  0.000000	  0.000000	
  0.750000	  0.000000	  0.250000	  0.000000	
  1.000000	  0.000000	  0.000000	  0.000000	
  0.000000	  1.000000	  0.000000	  0.000000	
  0.250000	  0.250000	  0.500000	  0.000000	

MOTIF DRTTWR_DVU3305_Desulfovibrionales Fis-family

letter-probability matrix: alength= 4 w= 17 nsites= 4 E= 0
  0.000000	  0.500000	  0.000000	  0.500000	
  0.000000	  0.000000	  1.000000	  0.000000	
  0.000000	  0.000000	  0.000000	  1.000000	
  0.000000	  0.000000	  0.000000	  1.000000	
  0.000000	  0.000000	  1.000000	  0.000000	
  0.000000	  0.500000	  0.000000	  0.500000	
  0.500000	  0.000000	  0.000000	  0.500000	
  0.500000	  0.000000	  0.000000	  0.500000	
  0.500000	  0.000000	  0.000000	  0.500000	
  0.500000	  0.000000	  0.000000	  0.500000	
  0.500000	  0.000000	  0.000000	  0.500000	
  0.500000	  0.000000	  0.500000	  0.000000	
  0.000000	  1.000000	  0.000000	  0.000000	
  1.000000	  0.000000	  0.000000	  0.000000	
  1.000000	  0.000000	  0.000000	  0.000000	
  0.000000	  1.000000	  0.000000	  0.000000	
  0.500000	  0.000000	  0.500000	  0.000000	

MOTIF DRVSWR_DVU3305_Desulfovibrionales Fis-family

letter-probability matrix: alength= 4 w= 17 nsites= 12 E= 0
  0.000000	  0.416667	  0.000000	  0.583333	
  0.000000	  0.000000	  1.000000	  0.000000	
  0.000000	  0.000000	  0.000000	  1.000000	
  0.000000	  0.000000	  0.000000	  1.000000	
  0.000000	  0.000000	  1.000000	  0.000000	
  0.000000	  1.000000	  0.000000	  0.000000	
  0.333333	  0.000000	  0.333333	  0.333333	
  0.500000	  0.000000	  0.083333	  0.416667	
  0.500000	  0.000000	  0.000000	  0.500000	
  0.416667	  0.083333	  0.000000	  0.500000	
  0.333333	  0.333333	  0.000000	  0.333333	
  0.000000	  0.000000	  1.000000	  0.000000	
  0.000000	  1.000000	  0.000000	  0.000000	
  1.000000	  0.000000	  0.000000	  0.000000	
  1.000000	  0.000000	  0.000000	  0.000000	
  0.000000	  1.000000	  0.000000	  0.000000	
  0.583333	  0.000000	  0.416667	  0.000000	

MOTIF ERFTQK_DVU0539_DVU0946_Desulfovibrionales Fis-family

letter-probability matrix: alength= 4 w= 18 nsites= 10 E= 0
  0.000000	  0.100000	  0.000000	  0.900000	
  0.000000	  0.000000	  1.000000	  0.000000	
  0.000000	  1.000000	  0.000000	  0.000000	
  0.300000	  0.300000	  0.000000	  0.400000	
  0.500000	  0.000000	  0.200000	  0.300000	
  0.600000	  0.300000	  0.000000	  0.100000	
  0.000000	  0.900000	  0.000000	  0.100000	
  0.000000	  0.100000	  0.300000	  0.600000	
  0.000000	  0.800000	  0.100000	  0.100000	
  0.100000	  0.100000	  0.800000	  0.000000	
  0.600000	  0.300000	  0.100000	  0.000000	
  0.100000	  0.000000	  0.900000	  0.000000	
  0.100000	  0.000000	  0.300000	  0.600000	
  0.300000	  0.200000	  0.000000	  0.500000	
  0.400000	  0.000000	  0.300000	  0.300000	
  0.000000	  0.000000	  1.000000	  0.000000	
  0.000000	  1.000000	  0.000000	  0.000000	
  0.900000	  0.000000	  0.100000	  0.000000	

MOTIF ERVSQK_DVU0539_DVU0946_Desulfovibrionales Fis-family

letter-probability matrix: alength= 4 w= 18 nsites= 6 E= 0
  0.000000	  0.333333	  0.000000	  0.666667	
  0.000000	  0.000000	  1.000000	  0.000000	
  0.166667	  0.666667	  0.000000	  0.166667	
  0.500000	  0.166667	  0.000000	  0.333333	
  1.000000	  0.000000	  0.000000	  0.000000	
  1.000000	  0.000000	  0.000000	  0.000000	
  0.000000	  1.000000	  0.000000	  0.000000	
  0.000000	  0.000000	  0.000000	  1.000000	
  0.000000	  0.500000	  0.500000	  0.000000	
  0.000000	  0.500000	  0.500000	  0.000000	
  1.000000	  0.000000	  0.000000	  0.000000	
  0.000000	  0.000000	  1.000000	  0.000000	
  0.000000	  0.000000	  0.000000	  1.000000	
  0.000000	  0.000000	  0.000000	  1.000000	
  0.333333	  0.000000	  0.166667	  0.500000	
  0.166667	  0.000000	  0.666667	  0.166667	
  0.000000	  1.000000	  0.000000	  0.000000	
  0.666667	  0.000000	  0.333333	  0.000000	

MOTIF GRKTYR_DVU2394_Desulfovibrionales Fis-family

letter-probability matrix: alength= 4 w= 17 nsites= 18 E= 0
  0.111111	  0.000000	  0.055556	  0.833333	
  0.000000	  0.000000	  1.000000	  0.000000	
  0.333333	  0.000000	  0.222222	  0.444444	
  0.388889	  0.000000	  0.444444	  0.166667	
  0.000000	  0.111111	  0.000000	  0.888889	
  0.000000	  1.000000	  0.000000	  0.000000	
  0.888889	  0.055556	  0.000000	  0.055556	
  0.555556	  0.111111	  0.055556	  0.277778	
  0.500000	  0.000000	  0.000000	  0.500000	
  0.277778	  0.055556	  0.111111	  0.555556	
  0.055556	  0.000000	  0.055556	  0.888889	
  0.000000	  0.000000	  1.000000	  0.000000	
  0.888889	  0.000000	  0.111111	  0.000000	
  0.166667	  0.444444	  0.000000	  0.388889	
  0.444444	  0.222222	  0.000000	  0.333333	
  0.000000	  1.000000	  0.000000	  0.000000	
  0.833333	  0.055556	  0.000000	  0.111111	

MOTIF GRNTSR_NtrC_Various_betaproteobacteria Fis-family

letter-probability matrix: alength= 4 w= 17 nsites= 18 E= 0
  0.055556	  0.555556	  0.000000	  0.388889	
  0.000000	  0.000000	  1.000000	  0.000000	
  0.000000	  1.000000	  0.000000	  0.000000	
  1.000000	  0.000000	  0.000000	  0.000000	
  0.000000	  1.000000	  0.000000	  0.000000	
  0.055556	  0.666667	  0.000000	  0.277778	
  0.611111	  0.055556	  0.277778	  0.055556	
  0.111111	  0.388889	  0.277778	  0.222222	
  0.444444	  0.055556	  0.055556	  0.444444	
  0.222222	  0.277778	  0.388889	  0.111111	
  0.055556	  0.277778	  0.055556	  0.611111	
  0.277778	  0.000000	  0.666667	  0.055556	
  0.000000	  0.000000	  1.000000	  0.000000	
  0.000000	  0.000000	  0.000000	  1.000000	
  0.000000	  0.000000	  1.000000	  0.000000	
  0.000000	  1.000000	  0.000000	  0.000000	
  0.388889	  0.000000	  0.555556	  0.055556	

MOTIF GYHQRG_PspF_Desulfovibrionales Fis-family

letter-probability matrix: alength= 4 w= 19 nsites= 4 E= 0
  0.500000	  0.250000	  0.000000	  0.250000	
  0.250000	  0.500000	  0.250000	  0.000000	
  0.000000	  0.000000	  0.000000	  1.000000	
  0.000000	  0.000000	  1.000000	  0.000000	
  0.000000	  0.000000	  1.000000	  0.000000	
  0.250000	  0.500000	  0.000000	  0.250000	
  0.250000	  0.000000	  0.750000	  0.000000	
  0.750000	  0.000000	  0.000000	  0.250000	
  0.500000	  0.000000	  0.000000	  0.500000	
  0.500000	  0.000000	  0.000000	  0.500000	
  0.500000	  0.000000	  0.000000	  0.500000	
  0.250000	  0.000000	  0.000000	  0.750000	
  0.000000	  0.750000	  0.000000	  0.250000	
  0.250000	  0.000000	  0.500000	  0.250000	
  0.000000	  1.000000	  0.000000	  0.000000	
  0.000000	  1.000000	  0.000000	  0.000000	
  1.000000	  0.000000	  0.000000	  0.000000	
  0.000000	  0.250000	  0.500000	  0.250000	
  0.250000	  0.000000	  0.250000	  0.500000	

MOTIF HRGTRN_OhcR_Desulfovibrionales Fis-family

letter-probability matrix: alength= 4 w= 20 nsites= 8 E= 0
  0.125000	  0.375000	  0.375000	  0.125000	
  0.250000	  0.750000	  0.000000	  0.000000	
  0.750000	  0.000000	  0.125000	  0.125000	
  0.125000	  0.250000	  0.000000	  0.625000	
  1.000000	  0.000000	  0.000000	  0.000000	
  0.000000	  0.000000	  0.000000	  1.000000	
  0.000000	  0.000000	  1.000000	  0.000000	
  0.250000	  0.000000	  0.250000	  0.500000	
