MEME version 4.11.2

ALPHABET= ACGT

strands: + -

Background letter frequencies (from uniform background):
A 0.25000 C 0.25000 G 0.25000 T 0.25000

MOTIF PhnM_Pputida LysR_family

letter-probability matrix: alength= 4 w= 17 nsites= 7 E= 1.9e-027
0.000000 0.000000 1.000000 0.000000
0.000000 0.000000 0.000000 1.000000
0.000000 0.000000 0.000000 1.000000
0.000000 0.428571 0.000000 0.571429
0.000000 0.000000 1.000000 0.000000
0.000000 0.928571 0.000000 0.071429
0.071429 0.214286 0.714286 0.000000
0.571427 0.000000 0.071427 0.357141
0.499999 0.000000 0.000000 0.500000
0.357142 0.071428 0.000000 0.571428
0.000000 0.714285 0.214285 0.071428
0.071428 0.000000 0.928570 0.000000
0.000000 0.999999 0.000000 0.000000
0.571428 0.000000 0.428570 0.000000
0.999999 0.000000 0.000000 0.000000
0.999999 0.000000 0.000000 0.000000
0.000000 0.999999 0.000000 0.000000

URL https://doi.org/10.3389/fmicb.2017.01714

MOTIF CynR_Ecoli LysR_family

letter-probability matrix: alength= 4 w= 19 nsites= 23 E= 4.5e-024
0.043478 0.739130 0.043478 0.173913
0.043478 0.369565 0.086957 0.500000
0.978261 0.021739 0.000000 0.000000
0.000000 0.000000 0.021739 0.978261
0.891304 0.000000 0.000000 0.108696
0.869565 0.000000 0.130435 0.000000
0.000000 0.130435 0.782609 0.086957
0.130435 0.195652 0.130435 0.543478
0.456520 0.130433 0.043477 0.369564
0.326085 0.173912 0.173913 0.326086
0.369565 0.043478 0.130434 0.456521
0.543477 0.130434 0.195651 0.130434
0.086956 0.782608 0.130434 0.000000
0.000000 0.130434 0.000000 0.869564
0.108695 0.000000 0.000000 0.891303
0.978260 0.021738 0.000000 0.000000
0.000000 0.000000 0.021738 0.978260
0.499999 0.086956 0.369564 0.043477
0.173912 0.043477 0.739129 0.043477

URL https://github.com/nikolaichik/SigmoID

MOTIF MexT_Paeruginosa LysR_family

letter-probability matrix: alength= 4 w= 15 nsites= 7 E= 3.0e-005
1.000000 0.000000 0.000000 0.000000
0.000000 0.000000 0.000000 1.000000
0.000000 0.928571 0.000000 0.071429
0.500000 0.000000 0.428571 0.071429
0.500000 0.357143 0.071429 0.071429
0.071429 0.642857 0.071429 0.214286
0.428570 0.214284 0.285713 0.071427
0.285713 0.214284 0.214285 0.285714
0.071428 0.285714 0.214285 0.428571
0.214285 0.071428 0.642856 0.071428
0.071428 0.071428 0.357142 0.499999
0.071428 0.428570 0.000000 0.499999
0.071428 0.000000 0.928570 0.000000
0.999999 0.000000 0.000000 0.000000
0.000000 0.000000 0.000000 0.999999

URL http://collectf.umbc.edu/browse/view_MOTIF_reports_by_TF_and_species/76/59/

MOTIF ModE_SRE LysR_family

letter-probability matrix: alength= 4 w= 24 nsites= 18 E= 3.3e-104
 0.000000  1.000000  0.000000  0.000000
 0.000000  0.000000  1.000000  0.000000
 0.333333  0.222222  0.000000  0.444444
 0.000000  0.000000  0.000000  1.000000
 0.833333  0.000000  0.166667  0.000000
 0.000000  0.000000  0.000000  1.000000
 0.888889  0.000000  0.111111  0.000000
 0.000000  0.000000  0.000000  1.000000
 0.722222  0.055556  0.000000  0.222222
 0.666667  0.000000  0.000000  0.333333
 0.277778  0.055556  0.111111  0.555556
 0.499999  0.000000  0.055554  0.444443
 0.444444  0.055555  0.000000  0.500000
 0.555555  0.111110  0.055555  0.277777
 0.333332  0.000000  0.000000  0.666666
 0.222221  0.000000  0.055555  0.722221
 0.999999  0.000000  0.000000  0.000000
 0.000000  0.111110  0.000000  0.888888
 0.999999  0.000000  0.000000  0.000000
 0.000000  0.166666  0.000000  0.833332
 0.999999  0.000000  0.000000  0.000000
 0.444443  0.000000  0.222221  0.333332
 0.000000  0.999999  0.000000  0.000000
 0.000000  0.000000  0.999999  0.000000


MOTIF PgrR_SRE LysR_family

letter-probability matrix: alength= 4 w= 20 nsites= 10 E= 1.8e-042
 0.000000  0.300000  0.000000  0.700000
 0.000000  0.100000  0.000000  0.900000
 0.400000  0.000000  0.000000  0.600000
 0.900000  0.000000  0.000000  0.100000
 0.000000  0.000000  0.000000  1.000000
 0.000000  1.000000  0.000000  0.000000
 1.000000  0.000000  0.000000  0.000000
 0.000000  0.300000  0.000000  0.700000
 0.000000  0.000000  0.000000  1.000000
 0.000000  0.000000  0.399999  0.599998
 0.600000  0.400000  0.000000  0.000000
 0.999999  0.000000  0.000000  0.000000
 0.699999  0.000000  0.299999  0.000000
 0.000000  0.000000  0.000000  0.999999
 0.000000  0.000000  0.999999  0.000000
 0.999999  0.000000  0.000000  0.000000
 0.099999  0.000000  0.000000  0.899999
 0.599999  0.000000  0.000000  0.399999
 0.899999  0.000000  0.099999  0.000000
 0.699999  0.000000  0.299999  0.000000


MOTIF OxyR_SRE LysR_family

letter-probability matrix: alength= 4 w= 15 nsites= 38 E= 7.9e-139
 0.921053  0.000000  0.026316  0.052632
 0.078947  0.000000  0.026316  0.894737
 0.736842  0.026316  0.000000  0.236842
 0.105263  0.000000  0.894737  0.000000
 0.210526  0.105263  0.605263  0.078947
 0.000000  0.157895  0.000000  0.842105
 0.763156  0.000000  0.000000  0.236841
 0.499999  0.000000  0.000000  0.500000
 0.236842  0.000000  0.000000  0.763157
 0.842104  0.000000  0.157894  0.000000
 0.078946  0.605262  0.105262  0.210525
 0.000000  0.894736  0.000000  0.105262
 0.236841  0.000000  0.026315  0.736841
 0.894736  0.026315  0.000000  0.078946
 0.052631  0.026315  0.000000  0.921052


MOTIF OxyR_Paeruginosa_realigned LysR_family

letter-probability matrix: alength= 4 w= 15 nsites= 50 E= 9.9e-039
1.000000 0.000000 0.000000 0.000000
0.040000 0.000000 0.000000 0.960000
0.500000 0.150000 0.010000 0.340000
0.180000 0.000000 0.820000 0.000000
0.570000 0.080000 0.270000 0.080000
0.150000 0.310000 0.210000 0.330000
0.359999 0.199998 0.139998 0.299999
0.289999 0.209999 0.210000 0.290000
0.300000 0.139999 0.199999 0.360000
0.329999 0.209999 0.309999 0.149999
0.079999 0.269999 0.079999 0.569999
0.000000 0.819999 0.000000 0.179999
0.339999 0.009999 0.149999 0.499999
0.959999 0.000000 0.000000 0.039999
0.000000 0.000000 0.000000 0.999999

URL http://collectf.umbc.edu/browse/view_MOTIF_reports_by_TF_and_species/73/59/

MOTIF NhaR_SRE LysR_family

letter-probability matrix: alength= 4 w= 13 nsites= 10 E= 3.7e-023
 0.000000  0.000000  0.000000  1.000000
 0.000000  1.000000  0.000000  0.000000
 0.000000  0.000000  1.000000  0.000000
 0.200000  0.000000  0.300000  0.500000
 0.500000  0.000000  0.000000  0.500000
 0.499999  0.000000  0.000000  0.499999
 0.499999  0.000000  0.000000  0.500000
 0.500000  0.000000  0.000000  0.500000
 0.499999  0.000000  0.000000  0.499999
 0.499999  0.299999  0.000000  0.199999
 0.000000  0.999999  0.000000  0.000000
 0.000000  0.000000  0.999999  0.000000
 0.999999  0.000000  0.000000  0.000000


MOTIF MetR_SRE LysR_family

letter-probability matrix: alength= 4 w= 19 nsites= 34 E= 4.9e-118
 0.588235  0.058824  0.117647  0.235294
 0.176471  0.588235  0.147059  0.088235
 0.470588  0.235294  0.264706  0.029412
 0.000000  0.000000  0.000000  1.000000
 0.000000  0.000000  1.000000  0.000000
 0.970588  0.029412  0.000000  0.000000
 0.823529  0.000000  0.176471  0.000000
 0.588235  0.117647  0.088235  0.205882
 0.411763  0.176469  0.088234  0.323528
 0.499999  0.000000  0.000000  0.500000
 0.323529  0.088235  0.176470  0.411764
 0.205881  0.088234  0.117646  0.588234
 0.000000  0.176470  0.000000  0.823528
 0.000000  0.000000  0.029411  0.970587
 0.000000  0.999999  0.000000  0.000000
 0.999999  0.000000  0.000000  0.000000
 0.029411  0.264705  0.235293  0.470587
 0.088234  0.147058  0.588234  0.176470
 0.235293  0.117646  0.058823  0.588234


MOTIF IlvY_SRE LysR_family

letter-probability matrix: alength= 4 w= 21 nsites= 14 E= 1.7e-055
 0.857143  0.000000  0.142857  0.000000
 0.000000  0.428571  0.000000  0.571429
 0.571429  0.214286  0.214286  0.000000
 0.000000  0.000000  0.000000  1.000000
 0.214286  0.000000  0.000000  0.785714
 0.000000  0.000000  0.785714  0.214286
 0.000000  1.000000  0.000000  0.000000
 0.785714  0.000000  0.000000  0.214286
 0.500000  0.214286  0.071429  0.214286
 0.428570  0.000000  0.071427  0.499999
 0.499999  0.000000  0.000000  0.500000
 0.500000  0.071428  0.000000  0.428571
 0.214285  0.071428  0.214285  0.499999
 0.214285  0.000000  0.000000  0.785713
 0.000000  0.000000  0.999999  0.000000
 0.214285  0.785713  0.000000  0.000000
 0.785713  0.000000  0.000000  0.214285
 0.999999  0.000000  0.000000  0.000000
 0.000000  0.214285  0.214285  0.571428
 0.571428  0.000000  0.428570  0.000000
 0.000000  0.142856  0.000000  0.857142


MOTIF AbgR LysR_family

letter-probability matrix: alength= 4 w= 17 nsites= 8 E= 4.7e-019
 0.000000  0.000000  0.875000  0.125000
 1.000000  0.000000  0.000000  0.000000
 0.000000  0.000000  0.000000  1.000000
 1.000000  0.000000  0.000000  0.000000
 0.750000  0.000000  0.250000  0.000000
 0.250000  0.375000  0.125000  0.250000
 0.000000  0.375000  0.000000  0.625000
 0.499999  0.000000  0.124998  0.374999
 0.499999  0.000000  0.000000  0.500000
 0.375000  0.124999  0.000000  0.500000
 0.624999  0.000000  0.374999  0.000000
 0.249999  0.124999  0.374999  0.249999
 0.000000  0.249999  0.000000  0.749999
 0.000000  0.000000  0.000000  0.999999
 0.999999  0.000000  0.000000  0.000000
 0.000000  0.000000  0.000000  0.999999
 0.124999  0.874999  0.000000  0.000000


MOTIF BenM_Acinetobacter_baylyi LysR_family

letter-probability matrix: alength= 4 w= 15 nsites= 6 E= 3.4e-008 
 1.000000  0.000000  0.000000  0.000000 
 0.000000  0.166667  0.000000  0.833333 
 0.833333  0.000000  0.000000  0.166667 
 0.000000  1.000000  0.000000  0.000000 
 0.333333  0.333333  0.000000  0.333333 
 0.166667  0.166667  0.000000  0.666667 
 0.333332  0.166665  0.000000  0.499999 
 0.499999  0.000000  0.000000  0.500000 
 0.500000  0.000000  0.166666  0.333333 
 0.666666  0.000000  0.166666  0.166666 
 0.333332  0.000000  0.333332  0.333332 
 0.000000  0.000000  0.999999  0.000000 
 0.166666  0.000000  0.000000  0.833332 
 0.833332  0.000000  0.166666  0.000000 
 0.000000  0.000000  0.000000  0.999999 

MOTIF Nac_Enterobacteriaceae LysR_family

letter-probability matrix: alength= 4 w= 17 nsites= 16 E= 7.8e-014
0.125000 0.468750 0.062500 0.343750
1.000000 0.000000 0.000000 0.000000
0.000000 0.000000 0.000000 1.000000
0.812500 0.187500 0.000000 0.000000
0.531250 0.125000 0.187500 0.156250
0.250000 0.187500 0.437500 0.125000
0.562500 0.062500 0.156250 0.218750
0.437499 0.000000 0.218748 0.343749
0.468749 0.031248 0.031249 0.468750
0.343750 0.218749 0.000000 0.437500
0.218749 0.156249 0.062499 0.562499
0.124999 0.437499 0.187499 0.249999
0.156249 0.187499 0.124999 0.531249
0.000000 0.000000 0.187499 0.812499
0.999999 0.000000 0.000000 0.000000
0.000000 0.000000 0.000000 0.999999
0.343749 0.062499 0.468749 0.124999

MOTIF LeuO_Ecoli_RegulonDB LysR_family

letter-probability matrix: alength= 4 w= 21 nsites= 20 E= 6.8e-030
0.400000 0.000000 0.100000 0.500000
0.350000 0.050000 0.250000 0.350000
0.450000 0.050000 0.100000 0.400000
1.000000 0.000000 0.000000 0.000000
0.000000 0.050000 0.000000 0.950000
0.300000 0.000000 0.000000 0.700000
0.400000 0.450000 0.100000 0.050000
0.600000 0.050000 0.200000 0.150000
0.150000 0.250000 0.000000 0.600000
0.299999 0.249998 0.199998 0.249998
0.199998 0.299999 0.300000 0.199999
0.249999 0.199999 0.249999 0.299999
0.599999 0.000000 0.249999 0.149999
0.149999 0.199999 0.049999 0.599999
0.049999 0.099999 0.449999 0.399999
0.699999 0.000000 0.000000 0.299999
0.949999 0.000000 0.049999 0.000000
0.000000 0.000000 0.000000 0.999999
0.399999 0.099999 0.049999 0.449999
0.349999 0.249999 0.049999 0.349999
0.499999 0.099999 0.000000 0.399999

MOTIF CmhR_Streptococcus LysR_family

letter-probability matrix: alength= 4 w= 17 nsites= 22 E= 2.1e-045
0.000000 0.045455 0.000000 0.954545
0.977273 0.000000 0.000000 0.022727
0.045455 0.000000 0.000000 0.954545
0.977273 0.000000 0.000000 0.022727
0.068182 0.000000 0.909091 0.022727
0.090909 0.113636 0.068182 0.727273
0.045455 0.159091 0.045455 0.750000
0.249998 0.045453 0.000000 0.704544
0.431817 0.068180 0.068181 0.431818
0.704545 0.000000 0.045454 0.249999
0.749999 0.045454 0.159090 0.045454
0.727272 0.068181 0.113635 0.090908
0.022726 0.909090 0.000000 0.068181
0.022726 0.000000 0.000000 0.977272
0.954544 0.000000 0.000000 0.045454
0.022726 0.000000 0.000000 0.977272
0.954544 0.000000 0.045454 0.000000

URL http://dx.doi.org/10.1099/mgen.0.000091

MOTIF ThnR_	Sphingopyxis_granuli LysR_family

letter-probability matrix: alength= 4 w= 15 nsites= 8 E= 6.2e-014 
 1.000000  0.000000  0.000000  0.000000 
 0.000000  0.000000  0.000000  1.000000 
 0.125000  0.750000  0.000000  0.125000 
 1.000000  0.000000  0.000000  0.000000 
 0.125000  0.500000  0.125000  0.250000 
 0.125000  0.375000  0.250000  0.250000 
 0.249998  0.249998  0.249998  0.249998 
 0.374999  0.124998  0.124999  0.375000 
 0.249999  0.249999  0.249999  0.249999 
 0.249999  0.249999  0.374999  0.124999 
 0.249999  0.124999  0.499999  0.124999 
 0.000000  0.000000  0.000000  0.999999 
 0.124999  0.000000  0.749999  0.124999 
 0.999999  0.000000  0.000000  0.000000 
 0.000000  0.000000  0.000000  0.999999 

URL http://dx.doi.org/10.1038/srep24538

MEME version 4

ALPHABET= ACGT

strands: + -

Background letter frequencies (from uniform background):
A 0.25000 C 0.25000 G 0.25000 T 0.25000 

MOTIF MetR_Enterobacteriales LysR-family

letter-probability matrix: alength= 4 w= 15 nsites= 140 E= 0
  0.585714	  0.142857	  0.214286	  0.057143	
  0.007143	  0.028571	  0.007143	  0.957143	
  0.007143	  0.000000	  0.992857	  0.000000	
  0.835714	  0.142857	  0.000000	  0.021429	
  0.692857	  0.014286	  0.292857	  0.000000	
  0.435714	  0.207143	  0.164286	  0.192857	
  0.428571	  0.064286	  0.221429	  0.285714	
  0.321429	  0.007143	  0.000000	  0.671429	
  0.100000	  0.264286	  0.092857	  0.542857	
  0.092857	  0.221429	  0.014286	  0.671429	
  0.028571	  0.314286	  0.014286	  0.642857	
  0.000000	  0.007143	  0.064286	  0.928571	
  0.000000	  0.985714	  0.007143	  0.007143	
  0.907143	  0.021429	  0.042857	  0.028571	
  0.100000	  0.335714	  0.100000	  0.464286	

URL http://regprecise.lbl.gov/RegPrecise/regulog.jsp?regulog_id=1124

MOTIF IlvY_Enterobacteriales LysR-family

letter-probability matrix: alength= 4 w= 17 nsites= 46 E= 0
  0.630435	  0.021739	  0.347826	  0.000000	
  0.000000	  0.000000	  0.000000	  1.000000	
  0.260870	  0.000000	  0.000000	  0.739130	
  0.000000	  0.000000	  0.717391	  0.282609	
  0.000000	  1.000000	  0.000000	  0.000000	
  0.695652	  0.000000	  0.173913	  0.130435	
  0.391304	  0.043478	  0.282609	  0.282609	
  0.521739	  0.000000	  0.000000	  0.478261	
  0.500000	  0.000000	  0.000000	  0.500000	
  0.478261	  0.000000	  0.000000	  0.521739	
  0.282609	  0.282609	  0.043478	  0.391304	
  0.130435	  0.173913	  0.000000	  0.695652	
  0.000000	  0.000000	  1.000000	  0.000000	
  0.282609	  0.717391	  0.000000	  0.000000	
  0.739130	  0.000000	  0.000000	  0.260870	
  1.000000	  0.000000	  0.000000	  0.000000	
  0.000000	  0.347826	  0.021739	  0.630435	

URL http://regprecise.lbl.gov/RegPrecise/regulog.jsp?regulog_id=1126

MOTIF NtcB_Cyanobacteria LysR-family

letter-probability matrix: alength= 4 w= 15 nsites= 44 E= 0
  0.977273	  0.000000	  0.000000	  0.022727	
  0.000000	  0.000000	  0.022727	  0.977273	
  0.045455	  0.000000	  0.954545	  0.000000	
  0.045455	  0.863636	  0.045455	  0.045455	
  0.681818	  0.045455	  0.227273	  0.045455	
  0.318182	  0.045455	  0.500000	  0.136364	
  0.318182	  0.068182	  0.068182	  0.545455	
  0.522727	  0.022727	  0.022727	  0.431818	
  0.386364	  0.159091	  0.022727	  0.431818	
  0.454545	  0.250000	  0.000000	  0.295455	
  0.022727	  0.136364	  0.045455	  0.795455	
  0.090909	  0.090909	  0.522727	  0.295455	
  0.000000	  0.818182	  0.022727	  0.159091	
  1.000000	  0.000000	  0.000000	  0.000000	
  0.318182	  0.000000	  0.022727	  0.659091	

URL http://regprecise.lbl.gov/RegPrecise/regulog.jsp?regulog_id=1167

MOTIF CitR_Bacillales LysR-family

letter-probability matrix: alength= 4 w= 19 nsites= 8 E= 0
  0.000000	  0.000000	  0.000000	  1.000000	
  0.250000	  0.000000	  0.750000	  0.000000	
  1.000000	  0.000000	  0.000000	  0.000000	
  0.000000	  0.000000	  0.000000	  1.000000	
  0.000000	  0.000000	  0.000000	  1.000000	
  1.000000	  0.000000	  0.000000	  0.000000	
  1.000000	  0.000000	  0.000000	  0.000000	
  0.500000	  0.000000	  0.125000	  0.375000	
  0.750000	  0.000000	  0.000000	  0.250000	
  0.375000	  0.125000	  0.125000	  0.375000	
  0.250000	  0.000000	  0.000000	  0.750000	
  0.375000	  0.125000	  0.000000	  0.500000	
  0.000000	  0.000000	  0.000000	  1.000000	
  0.000000	  0.000000	  0.000000	  1.000000	
  1.000000	  0.000000	  0.000000	  0.000000	
  1.000000	  0.000000	  0.000000	  0.000000	
  0.000000	  0.000000	  0.000000	  1.000000	
  0.000000	  0.750000	  0.000000	  0.250000	
  1.000000	  0.000000	  0.000000	  0.000000	

URL http://regprecise.lbl.gov/RegPrecise/regulog.jsp?regulog_id=1234

MOTIF GltR_Bacillales LysR-family

letter-probability matrix: alength= 4 w= 21 nsites= 5 E= 0
  0.200000	  0.000000	  0.800000	  0.000000	
  0.800000	  0.200000	  0.000000	  0.000000	
  0.000000	  0.400000	  0.000000	  0.600000	
  1.000000	  0.000000	  0.000000	  0.000000	
  0.000000	  0.000000	  0.000000	  1.000000	
  0.000000	  1.000000	  0.000000	  0.000000	
  0.200000	  0.000000	  0.000000	  0.800000	
  0.000000	  0.600000	  0.200000	  0.200000	
  0.600000	  0.000000	  0.000000	  0.400000	
  0.600000	  0.000000	  0.000000	  0.400000	
  0.600000	  0.000000	  0.000000	  0.400000	
  0.600000	  0.000000	  0.000000	  0.400000	
  0.200000	  0.200000	  0.000000	  0.600000	
  0.200000	  0.600000	  0.200000	  0.000000	
  0.600000	  0.000000	  0.200000	  0.200000	
  0.000000	  0.000000	  1.000000	  0.000000	
  1.000000	  0.000000	  0.000000	  0.000000	
  0.000000	  0.000000	  0.000000	  1.000000	
  1.000000	  0.000000	  0.000000	  0.000000	
  0.000000	  0.000000	  0.200000	  0.800000	
  0.000000	  0.800000	  0.000000	  0.200000	

URL http://regprecise.lbl.gov/RegPrecise/regulog.jsp?regulog_id=1236

MOTIF YtlI_Bacillales LysR-family

letter-probability matrix: alength= 4 w= 15 nsites= 8 E= 0
  0.500000	  0.000000	  0.000000	  0.500000	
  0.000000	  0.000000	  0.000000	  1.000000	
  0.000000	  0.500000	  0.000000	  0.500000	
  1.000000	  0.000000	  0.000000	  0.000000	
  0.625000	  0.250000	  0.125000	  0.000000	
  0.375000	  0.000000	  0.125000	  0.500000	
  0.625000	  0.000000	  0.000000	  0.375000	
  0.500000	  0.000000	  0.000000	  0.500000	
  0.375000	  0.000000	  0.000000	  0.625000	
  0.500000	  0.125000	  0.000000	  0.375000	
  0.000000	  0.125000	  0.250000	  0.625000	
  0.000000	  0.000000	  0.000000	  1.000000	
  0.500000	  0.000000	  0.500000	  0.000000	
  1.000000	  0.000000	  0.000000	  0.000000	
  0.500000	  0.000000	  0.000000	  0.500000	

URL http://regprecise.lbl.gov/RegPrecise/regulog.jsp?regulog_id=1240

MOTIF YwbI_Bacillales LysR-family

letter-probability matrix: alength= 4 w= 17 nsites= 8 E= 0
  1.000000	  0.000000	  0.000000	  0.000000	
  0.125000	  0.000000	  0.000000	  0.875000	
  1.000000	  0.000000	  0.000000	  0.000000	
  0.000000	  0.000000	  0.375000	  0.625000	
  0.125000	  0.000000	  0.875000	  0.000000	
  0.000000	  0.000000	  0.000000	  1.000000	
  1.000000	  0.000000	  0.000000	  0.000000	
  0.375000	  0.000000	  0.000000	  0.625000	
  0.375000	  0.000000	  0.000000	  0.625000	
  0.375000	  0.000000	  0.000000	  0.625000	
  0.000000	  0.000000	  0.000000	  1.000000	
  1.000000	  0.000000	  0.000000	  0.000000	
  0.000000	  0.875000	  0.000000	  0.125000	
  0.375000	  0.625000	  0.000000	  0.000000	
  0.000000	  0.000000	  0.000000	  1.000000	
  1.000000	  0.000000	  0.000000	  0.000000	
  0.000000	  0.000000	  0.000000	  1.000000	

URL http://regprecise.lbl.gov/RegPrecise/regulog.jsp?regulog_id=1241

MOTIF CysL_Bacillales LysR-family

letter-probability matrix: alength= 4 w= 15 nsites= 28 E= 0
  1.000000	  0.000000	  0.000000	  0.000000	
  0.000000	  0.000000	  0.000000	  1.000000	
  0.178571	  0.035714	  0.035714	  0.750000	
  0.750000	  0.000000	  0.000000	  0.250000	
  0.535714	  0.000000	  0.357143	  0.107143	
  0.250000	  0.000000	  0.178571	  0.571429	
  0.678571	  0.000000	  0.000000	  0.321429	
  0.607143	  0.000000	  0.000000	  0.392857	
  0.321429	  0.035714	  0.000000	  0.642857	
  0.500000	  0.178571	  0.071429	  0.250000	
  0.071429	  0.285714	  0.000000	  0.642857	
  0.178571	  0.035714	  0.000000	  0.785714	
  0.821429	  0.035714	  0.035714	  0.107143	
  0.928571	  0.071429	  0.000000	  0.000000	
  0.000000	  0.000000	  0.000000	  1.000000	

URL http://regprecise.lbl.gov/RegPrecise/regulog.jsp?regulog_id=1243

MOTIF NhaR_Enterobacteriales LysR-family

letter-probability matrix: alength= 4 w= 13 nsites= 11 E= 0
  0.000000	  0.000000	  0.000000	  1.000000	
  0.000000	  1.000000	  0.000000	  0.000000	
  0.000000	  0.000000	  0.909091	  0.090909	
  0.181818	  0.000000	  0.363636	  0.454545	
  0.454545	  0.000000	  0.000000	  0.545455	
  0.545455	  0.000000	  0.000000	  0.454545	
  0.636364	  0.000000	  0.000000	  0.363636	
  0.545455	  0.000000	  0.000000	  0.454545	
  0.545455	  0.000000	  0.090909	  0.363636	
  0.363636	  0.363636	  0.181818	  0.090909	
  0.000000	  0.909091	  0.000000	  0.090909	
  0.000000	  0.000000	  1.000000	  0.000000	
  1.000000	  0.000000	  0.000000	  0.000000	

URL http://regprecise.lbl.gov/RegPrecise/regulog.jsp?regulog_id=1248

MOTIF GltC_Bacillales LysR-family

letter-probability matrix: alength= 4 w= 15 nsites= 20 E= 0
  1.000000	  0.000000	  0.000000	  0.000000	
  0.000000	  0.000000	  0.000000	  1.000000	
  0.300000	  0.700000	  0.000000	  0.000000	
  0.000000	  0.000000	  0.000000	  1.000000	
  0.600000	  0.400000	  0.000000	  0.000000	
  0.650000	  0.000000	  0.000000	  0.350000	
  0.800000	  0.000000	  0.000000	  0.200000	
  0.500000	  0.000000	  0.000000	  0.500000	
  0.200000	  0.000000	  0.000000	  0.800000	
  0.350000	  0.000000	  0.000000	  0.650000	
  0.000000	  0.000000	  0.400000	  0.600000	
  1.000000	  0.000000	  0.000000	  0.000000	
  0.000000	  0.000000	  0.700000	  0.300000	
  1.000000	  0.000000	  0.000000	  0.000000	
  0.000000	  0.000000	  0.000000	  1.000000	

URL http://regprecise.lbl.gov/RegPrecise/regulog.jsp?regulog_id=1291

MOTIF GltC2_Bacillales LysR-family

letter-probability matrix: alength= 4 w= 15 nsites= 6 E= 0
  1.000000	  0.000000	  0.000000	  0.000000	
  0.000000	  0.166667	  0.000000	  0.833333	
  0.166667	  0.000000	  0.000000	  0.833333	
  0.000000	  0.000000	  0.000000	  1.000000	
  0.333333	  0.000000	  0.166667	  0.500000	
  1.000000	  0.000000	  0.000000	  0.000000	
  0.166667	  0.000000	  0.000000	  0.833333	
  0.500000	  0.000000	  0.000000	  0.500000	
  0.833333	  0.000000	  0.000000	  0.166667	
  0.000000	  0.000000	  0.000000	  1.000000	
  0.500000	  0.166667	  0.000000	  0.333333	
  1.000000	  0.000000	  0.000000	  0.000000	
  0.833333	  0.000000	  0.000000	  0.166667	
  0.833333	  0.000000	  0.166667	  0.000000	
  0.000000	  0.000000	  0.000000	  1.000000	

URL http://regprecise.lbl.gov/RegPrecise/regulog.jsp?regulog_id=1292

MOTIF AbgR_Enterobacteriales LysR-family

letter-probability matrix: alength= 4 w= 17 nsites= 12 E= 0
  0.000000	  0.000000	  0.916667	  0.083333	
  1.000000	  0.000000	  0.000000	  0.000000	
  0.000000	  0.000000	  0.000000	  1.000000	
  1.000000	  0.000000	  0.000000	  0.000000	
  0.833333	  0.000000	  0.166667	  0.000000	
  0.250000	  0.416667	  0.166667	  0.166667	
  0.000000	  0.500000	  0.000000	  0.500000	
  0.500000	  0.000000	  0.250000	  0.250000	
  0.500000	  0.000000	  0.000000	  0.500000	
  0.250000	  0.250000	  0.000000	  0.500000	
  0.500000	  0.000000	  0.500000	  0.000000	
  0.166667	  0.166667	  0.416667	  0.250000	
  0.000000	  0.166667	  0.000000	  0.833333	
  0.000000	  0.000000	  0.000000	  1.000000	
  1.000000	  0.000000	  0.000000	  0.000000	
  0.000000	  0.000000	  0.000000	  1.000000	
  0.083333	  0.916667	  0.000000	  0.000000	

URL http://regprecise.lbl.gov/RegPrecise/regulog.jsp?regulog_id=1308

MOTIF CcpC_Bacillales LysR-family

letter-probability matrix: alength= 4 w= 15 nsites= 12 E= 0
  1.000000	  0.000000	  0.000000	  0.000000	
  0.000000	  0.000000	  0.000000	  1.000000	
  1.000000	  0.000000	  0.000000	  0.000000	
  1.000000	  0.000000	  0.000000	  0.000000	
  0.166667	  0.000000	  0.750000	  0.083333	
  0.750000	  0.000000	  0.083333	  0.166667	
  0.500000	  0.250000	  0.000000	  0.250000	
  0.583333	  0.000000	  0.166667	  0.250000	
  0.583333	  0.000000	  0.000000	  0.416667	
  0.583333	  0.000000	  0.000000	  0.416667	
  0.000000	  0.750000	  0.250000	  0.000000	
  0.000000	  0.000000	  0.000000	  1.000000	
  0.000000	  0.000000	  0.000000	  1.000000	
  1.000000	  0.000000	  0.000000	  0.000000	
  0.000000	  0.000000	  0.000000	  1.000000	

URL http://regprecise.lbl.gov/RegPrecise/regulog.jsp?regulog_id=1337

MOTIF AlsR_Bacillales LysR-family

letter-probability matrix: alength= 4 w= 19 nsites= 8 E= 0
  0.000000	  0.000000	  0.000000	  1.000000	
  0.625000	  0.125000	  0.000000	  0.250000	
  1.000000	  0.000000	  0.000000	  0.000000	
  0.000000	  0.000000	  0.125000	  0.875000	
  0.500000	  0.000000	  0.000000	  0.500000	
  0.000000	  0.500000	  0.000000	  0.500000	
  0.000000	  0.000000	  1.000000	  0.000000	
  0.000000	  0.000000	  0.000000	  1.000000	
  0.375000	  0.000000	  0.250000	  0.375000	
  0.500000	  0.000000	  0.000000	  0.500000	
  0.375000	  0.250000	  0.000000	  0.375000	
  1.000000	  0.000000	  0.000000	  0.000000	
  0.000000	  1.000000	  0.000000	  0.000000	
  0.500000	  0.000000	  0.500000	  0.000000	
  0.500000	  0.000000	  0.000000	  0.500000	
  0.875000	  0.125000	  0.000000	  0.000000	
  0.000000	  0.000000	  0.000000	  1.000000	
  0.250000	  0.000000	  0.125000	  0.625000	
  1.000000	  0.000000	  0.000000	  0.000000	

URL http://regprecise.lbl.gov/RegPrecise/regulog.jsp?regulog_id=1340

MOTIF CcmR_Cyanobacteria LysR-family

letter-probability matrix: alength= 4 w= 16 nsites= 71 E= 0
  0.929577	  0.042254	  0.000000	  0.028169	
  0.000000	  0.000000	  0.000000	  1.000000	
  0.704225	  0.028169	  0.028169	  0.239437	
  0.042254	  0.014085	  0.901408	  0.042254	
  0.760563	  0.042254	  0.042254	  0.154930	
  0.169014	  0.394366	  0.056338	  0.380282	
  0.267606	  0.056338	  0.042254	  0.633803	
  0.197183	  0.070423	  0.042254	  0.690141	
  0.436620	  0.000000	  0.056338	  0.507042	
  0.450704	  0.014085	  0.084507	  0.450704	
  0.394366	  0.056338	  0.450704	  0.098592	
  0.154930	  0.056338	  0.098592	  0.690141	
  0.042254	  0.929577	  0.000000	  0.028169	
  0.084507	  0.000000	  0.000000	  0.915493	
  0.929577	  0.028169	  0.014085	  0.028169	
  0.070423	  0.014085	  0.000000	  0.915493	

URL http://regprecise.lbl.gov/RegPrecise/regulog.jsp?regulog_id=1419

MOTIF BsdA_Bacillales LysR-family

letter-probability matrix: alength= 4 w= 15 nsites= 6 E= 0
  1.000000	  0.000000	  0.000000	  0.000000	
  0.000000	  0.000000	  0.000000	  1.000000	
  1.000000	  0.000000	  0.000000	  0.000000	
  0.000000	  1.000000	  0.000000	  0.000000	
  0.000000	  0.833333	  0.000000	  0.166667	
  0.000000	  0.166667	  0.000000	  0.833333	
  0.166667	  0.000000	  0.000000	  0.833333	
  0.500000	  0.000000	  0.000000	  0.500000	
  0.833333	  0.000000	  0.000000	  0.166667	
  0.833333	  0.000000	  0.166667	  0.000000	
  0.166667	  0.000000	  0.833333	  0.000000	
  0.000000	  0.000000	  1.000000	  0.000000	
  0.000000	  0.000000	  0.000000	  1.000000	
  1.000000	  0.000000	  0.000000	  0.000000	
  0.000000	  0.000000	  0.000000	  1.000000	

URL http://regprecise.lbl.gov/RegPrecise/regulog.jsp?regulog_id=1427

MOTIF PirR_Cyanobacteria LysR-family

letter-probability matrix: alength= 4 w= 21 nsites= 11 E= 0
  0.090909	  0.000000	  0.000000	  0.909091	
  0.000000	  0.000000	  0.000000	  1.000000	
  0.000000	  0.000000	  1.000000	  0.000000	
  0.000000	  0.272727	  0.000000	  0.727273	
  0.272727	  0.545455	  0.090909	  0.090909	
  0.090909	  0.090909	  0.090909	  0.727273	
  0.090909	  0.636364	  0.000000	  0.272727	
  0.000000	  0.272727	  0.000000	  0.727273	
  0.363636	  0.272727	  0.000000	  0.363636	
  0.545455	  0.090909	  0.000000	  0.363636	
  0.363636	  0.000000	  0.000000	  0.636364	
  0.272727	  0.000000	  0.090909	  0.636364	
  0.181818	  0.000000	  0.181818	  0.636364	
  0.727273	  0.000000	  0.272727	  0.000000	
  0.272727	  0.000000	  0.727273	  0.000000	
  0.818182	  0.090909	  0.090909	  0.000000	
  0.181818	  0.000000	  0.363636	  0.454545	
  0.727273	  0.000000	  0.272727	  0.000000	
  0.000000	  1.000000	  0.000000	  0.000000	
  0.909091	  0.000000	  0.000000	  0.090909	
  0.818182	  0.000000	  0.000000	  0.181818	

URL http://regprecise.lbl.gov/RegPrecise/regulog.jsp?regulog_id=1454

MOTIF HrsM_Desulfovibrionales LysR-family

letter-probability matrix: alength= 4 w= 17 nsites= 16 E= 0
  0.125000	  0.125000	  0.250000	  0.500000	
  0.937500	  0.000000	  0.000000	  0.062500	
  0.000000	  0.000000	  0.000000	  1.000000	
  0.187500	  0.625000	  0.000000	  0.187500	
  0.250000	  0.000000	  0.687500	  0.062500	
  0.312500	  0.125000	  0.250000	  0.312500	
  0.187500	  0.125000	  0.125000	  0.562500	
  0.375000	  0.000000	  0.000000	  0.625000	
  0.000000	  0.062500	  0.000000	  0.937500	
  0.125000	  0.187500	  0.000000	  0.687500	
  0.187500	  0.125000	  0.062500	  0.625000	
  0.000000	  0.062500	  0.000000	  0.937500	
  0.000000	  0.875000	  0.000000	  0.125000	
  0.187500	  0.000000	  0.437500	  0.375000	
  1.000000	  0.000000	  0.000000	  0.000000	
  0.062500	  0.000000	  0.000000	  0.937500	
  0.750000	  0.187500	  0.062500	  0.000000	

URL http://regprecise.lbl.gov/RegPrecise/regulog.jsp?regulog_id=3330

MOTIF GcvA_Enterobacteriales LysR-family

letter-probability matrix: alength= 4 w= 15 nsites= 34 E= 0
  0.647059	  0.058824	  0.029412	  0.264706	
  0.000000	  0.000000	  0.000000	  1.000000	
  0.176471	  0.000000	  0.323529	  0.500000	
  1.000000	  0.000000	  0.000000	  0.000000	
  0.617647	  0.088235	  0.176471	  0.117647	
  0.852941	  0.000000	  0.000000	  0.147059	
  0.470588	  0.000000	  0.000000	  0.529412	
  0.705882	  0.000000	  0.000000	  0.294118	
  0.647059	  0.000000	  0.029412	  0.323529	
  0.441176	  0.000000	  0.000000	  0.558824	
  0.029412	  0.882353	  0.000000	  0.088235	
  0.000000	  0.000000	  0.000000	  1.000000	
  0.941176	  0.058824	  0.000000	  0.000000	
  1.000000	  0.000000	  0.000000	  0.000000	
  0.000000	  0.000000	  0.000000	  1.000000	

URL http://regprecise.lbl.gov/RegPrecise/regulog.jsp?regulog_id=3540

MOTIF MtaR_Streptococcaceae LysR-family

letter-probability matrix: alength= 4 w= 17 nsites= 72 E= 0
  0.013889	  0.083333	  0.000000	  0.902778	
  0.986111	  0.000000	  0.000000	  0.013889	
  0.027778	  0.000000	  0.000000	  0.972222	
  0.986111	  0.000000	  0.000000	  0.013889	
  0.111111	  0.000000	  0.875000	  0.013889	
  0.041667	  0.111111	  0.041667	  0.805556	
  0.027778	  0.041667	  0.027778	  0.902778	
  0.208333	  0.013889	  0.111111	  0.666667	
  0.458333	  0.138889	  0.083333	  0.319444	
  0.722222	  0.013889	  0.013889	  0.250000	
  0.847222	  0.013889	  0.138889	  0.000000	
  0.722222	  0.041667	  0.180556	  0.055556	
  0.013889	  0.930556	  0.000000	  0.055556	
  0.013889	  0.000000	  0.000000	  0.986111	
  1.000000	  0.000000	  0.000000	  0.000000	
  0.027778	  0.000000	  0.000000	  0.972222	
  0.944444	  0.000000	  0.027778	  0.027778	

URL http://regprecise.lbl.gov/RegPrecise/regulog.jsp?regulog_id=3620

MOTIF LysR_Enterobacteriales LysR-family

letter-probability matrix: alength= 4 w= 18 nsites= 24 E= 0
  0.000000	  0.833333	  0.000000	  0.166667	
  0.500000	  0.000000	  0.000000	  0.500000	
  0.500000	  0.000000	  0.000000	  0.500000	
  0.500000	  0.000000	  0.000000	  0.500000	
  0.000000	  0.000000	  0.208333	  0.791667	
  0.000000	  1.000000	  0.000000	  0.000000	
  1.000000	  0.000000	  0.000000	  0.000000	
  0.208333	  0.125000	  0.041667	  0.625000	
  0.458333	  0.083333	  0.041667	  0.416667	
  0.416667	  0.041667	  0.083333	  0.458333	
  0.625000	  0.041667	  0.125000	  0.208333	
  0.000000	  0.000000	  0.000000	  1.000000	
  0.000000	  0.000000	  1.000000	  0.000000	
  0.791667	  0.208333	  0.000000	  0.000000	
  0.500000	  0.000000	  0.000000	  0.500000	
  0.500000	  0.000000	  0.000000	  0.500000	
  0.500000	  0.000000	  0.000000	  0.500000	
  0.166667	  0.000000	  0.833333	  0.000000	

URL http://regprecise.lbl.gov/RegPrecise/regulog.jsp?regulog_id=3838

MOTIF XapR_Enterobacteriales LysR-family

letter-probability matrix: alength= 4 w= 21 nsites= 5 E= 0
  0.000000	  0.000000	  0.000000	  1.000000	
  0.000000	  0.600000	  0.000000	  0.400000	
  0.400000	  0.200000	  0.400000	  0.000000	
  0.800000	  0.200000	  0.000000	  0.000000	
  0.000000	  0.000000	  0.000000	  1.000000	
  1.000000	  0.000000	  0.000000	  0.000000	
  0.000000	  0.200000	  0.400000	  0.400000	
  0.400000	  0.400000	  0.000000	  0.200000	
  0.200000	  0.200000	  0.600000	  0.000000	
  1.000000	  0.000000	  0.000000	  0.000000	
  0.800000	  0.000000	  0.000000	  0.200000	
  0.400000	  0.000000	  0.000000	  0.600000	
  0.200000	  0.400000	  0.200000	  0.200000	
  0.400000	  0.000000	  0.400000	  0.200000	
  0.600000	  0.200000	  0.200000	  0.000000	
  0.000000	  0.000000	  0.000000	  1.000000	
  1.000000	  0.000000	  0.000000	  0.000000	
  0.000000	  0.200000	  0.000000	  0.800000	
  0.200000	  0.200000	  0.000000	  0.600000	
  0.200000	  0.000000	  0.800000	  0.000000	
  1.000000	  0.000000	  0.000000	  0.000000	

URL http://regprecise.lbl.gov/RegPrecise/regulog.jsp?regulog_id=3839

MOTIF LysG_Corynebacteriaceae LysR-family

letter-probability matrix: alength= 4 w= 13 nsites= 8 E= 0
  0.000000	  0.000000	  0.000000	  1.000000	
  0.000000	  0.000000	  1.000000	  0.000000	
  0.750000	  0.000000	  0.250000	  0.000000	
  1.000000	  0.000000	  0.000000	  0.000000	
  0.000000	  0.375000	  0.250000	  0.375000	
  0.000000	  0.875000	  0.125000	  0.000000	
  0.000000	  0.500000	  0.500000	  0.000000	
  0.000000	  0.125000	  0.875000	  0.000000	
  0.375000	  0.250000	  0.375000	  0.000000	
  0.000000	  0.000000	  0.000000	  1.000000	
  0.000000	  0.250000	  0.000000	  0.750000	
  0.000000	  1.000000	  0.000000	  0.000000	
  1.000000	  0.000000	  0.000000	  0.000000	

URL http://regprecise.lbl.gov/RegPrecise/regulog.jsp?regulog_id=3921

MOTIF QsuR_Corynebacteriaceae LysR-family

letter-probability matrix: alength= 4 w= 18 nsites= 4 E= 0
  0.000000	  0.000000	  0.000000	  1.000000	
  0.000000	  0.000000	  0.500000	  0.500000	
  0.000000	  0.000000	  0.000000	  1.000000	
  0.000000	  0.000000	  1.000000	  0.000000	
  0.500000	  0.000000	  0.000000	  0.500000	
  0.500000	  0.250000	  0.000000	  0.250000	
  0.000000	  1.000000	  0.000000	  0.000000	
  0.000000	  0.000000	  0.000000	  1.000000	
  1.000000	  0.000000	  0.000000	  0.000000	
  0.000000	  0.000000	  0.000000	  1.000000	
  1.000000	  0.000000	  0.000000	  0.000000	
  0.000000	  0.000000	  1.000000	  0.000000	
  0.250000	  0.000000	  0.250000	  0.500000	
  0.500000	  0.000000	  0.000000	  0.500000	
  0.000000	  1.000000	  0.000000	  0.000000	
  1.000000	  0.000000	  0.000000	  0.000000	
  0.500000	  0.500000	  0.000000	  0.000000	
  1.000000	  0.000000	  0.000000	  0.000000	

URL http://regprecise.lbl.gov/RegPrecise/regulog.jsp?regulog_id=3933

MOTIF Cg3239_Corynebacteriaceae LysR-family

letter-probability matrix: alength= 4 w= 15 nsites= 8 E= 0
  0.875000	  0.000000	  0.000000	  0.125000	
  0.000000	  0.000000	  0.000000	  1.000000	
  0.000000	  0.000000	  0.750000	  0.250000	
  0.000000	  1.000000	  0.000000	  0.000000	
  0.750000	  0.000000	  0.250000	  0.000000	
  0.125000	  0.500000	  0.125000	  0.250000	
  0.375000	  0.000000	  0.125000	  0.500000	
  0.375000	  0.125000	  0.125000	  0.375000	
  0.500000	  0.125000	  0.000000	  0.375000	
  0.250000	  0.125000	  0.500000	  0.125000	
  0.000000	  0.250000	  0.000000	  0.750000	
  0.000000	  0.000000	  1.000000	  0.000000	
  0.250000	  0.750000	  0.000000	  0.000000	
  1.000000	  0.000000	  0.000000	  0.000000	
  0.125000	  0.000000	  0.000000	  0.875000	

URL http://regprecise.lbl.gov/RegPrecise/regulog.jsp?regulog_id=4287

MOTIF CmbR_Streptococcaceae LysR-family

letter-probability matrix: alength= 4 w= 21 nsites= 104 E= 0
  0.153846	  0.105769	  0.500000	  0.240385	
  0.038462	  0.211538	  0.009615	  0.740385	
  0.067308	  0.153846	  0.509615	  0.269231	
  1.000000	  0.000000	  0.000000	  0.000000	
  0.019231	  0.000000	  0.000000	  0.980769	
  0.951923	  0.009615	  0.000000	  0.038462	
  0.576923	  0.019231	  0.326923	  0.076923	
  0.605769	  0.048077	  0.182692	  0.163462	
  0.461538	  0.076923	  0.096154	  0.365385	
  0.538462	  0.028846	  0.009615	  0.423077	
  0.509615	  0.028846	  0.000000	  0.461538	
  0.394231	  0.019231	  0.028846	  0.557692	
  0.432692	  0.057692	  0.096154	  0.413462	
  0.173077	  0.355769	  0.076923	  0.394231	
  0.134615	  0.278846	  0.019231	  0.567308	
  0.057692	  0.000000	  0.000000	  0.942308	
  1.000000	  0.000000	  0.000000	  0.000000	
  0.028846	  0.009615	  0.009615	  0.951923	
  0.269231	  0.346154	  0.125000	  0.259615	
  0.673077	  0.038462	  0.221154	  0.067308	
  0.153846	  0.548077	  0.125000	  0.173077	

URL http://regprecise.lbl.gov/RegPrecise/regulog.jsp?regulog_id=4369

MOTIF HomR_Streptococcaceae LysR-family

letter-probability matrix: alength= 4 w= 21 nsites= 24 E= 0
  0.000000	  0.125000	  0.833333	  0.041667	
  0.208333	  0.166667	  0.000000	  0.625000	
  0.000000	  0.208333	  0.041667	  0.750000	
  1.000000	  0.000000	  0.000000	  0.000000	
  0.000000	  0.000000	  0.000000	  1.000000	
  1.000000	  0.000000	  0.000000	  0.000000	
  0.375000	  0.000000	  0.625000	  0.000000	
  0.250000	  0.083333	  0.125000	  0.541667	
  0.250000	  0.125000	  0.000000	  0.625000	
  0.416667	  0.000000	  0.041667	  0.541667	
  0.458333	  0.125000	  0.000000	  0.416667	
  0.583333	  0.000000	  0.000000	  0.416667	
  0.583333	  0.000000	  0.125000	  0.291667	
  0.333333	  0.375000	  0.125000	  0.166667	
  0.000000	  0.416667	  0.000000	  0.583333	
  0.083333	  0.000000	  0.000000	  0.916667	
  1.000000	  0.000000	  0.000000	  0.000000	
  0.000000	  0.000000	  0.000000	  1.000000	
  0.750000	  0.083333	  0.166667	  0.000000	
  0.291667	  0.125000	  0.375000	  0.208333	
  0.041667	  0.875000	  0.041667	  0.041667	

URL http://regprecise.lbl.gov/RegPrecise/regulog.jsp?regulog_id=4544

MOTIF MleR_Lactobacillaceae LysR-family

letter-probability matrix: alength= 4 w= 17 nsites= 21 E= 0
  0.000000	  0.000000	  0.190476	  0.809524	
  1.000000	  0.000000	  0.000000	  0.000000	
  0.000000	  0.000000	  0.000000	  1.000000	
  0.809524	  0.047619	  0.000000	  0.142857	
  0.952381	  0.000000	  0.000000	  0.047619	
  0.952381	  0.000000	  0.047619	  0.000000	
  0.571429	  0.000000	  0.000000	  0.428571	
  0.380952	  0.047619	  0.000000	  0.571429	
  0.476190	  0.000000	  0.000000	  0.523810	
  0.523810	  0.047619	  0.047619	  0.380952	
  0.428571	  0.000000	  0.000000	  0.571429	
  0.000000	  0.047619	  0.000000	  0.952381	
  0.047619	  0.000000	  0.000000	  0.952381	
  0.095238	  0.000000	  0.047619	  0.857143	
  1.000000	  0.000000	  0.000000	  0.000000	
  0.047619	  0.000000	  0.000000	  0.952381	
  0.809524	  0.190476	  0.000000	  0.000000	

URL http://regprecise.lbl.gov/RegPrecise/regulog.jsp?regulog_id=4734

MOTIF MleR_Streptococcaceae LysR-family

letter-probability matrix: alength= 4 w= 15 nsites= 8 E= 0
  0.875000	  0.000000	  0.000000	  0.125000	
  0.000000	  0.000000	  0.000000	  1.000000	
  0.875000	  0.125000	  0.000000	  0.000000	
  1.000000	  0.000000	  0.000000	  0.000000	
  1.000000	  0.000000	  0.000000	  0.000000	
  0.375000	  0.000000	  0.000000	  0.625000	
  0.625000	  0.000000	  0.125000	  0.250000	
  0.625000	  0.000000	  0.000000	  0.375000	
  0.250000	  0.000000	  0.000000	  0.750000	
  1.000000	  0.000000	  0.000000	  0.000000	
  0.000000	  0.250000	  0.000000	  0.750000	
  0.000000	  0.000000	  0.000000	  1.000000	
  0.125000	  0.000000	  0.000000	  0.875000	
  1.000000	  0.000000	  0.000000	  0.000000	
  0.000000	  0.000000	  0.000000	  1.000000	

URL http://regprecise.lbl.gov/RegPrecise/regulog.jsp?regulog_id=4736

MOTIF DVU0309_Desulfovibrionales LysR-family

