MEME version 4

ALPHABET= ACGT

strands: + -

Background letter frequencies (from uniform background):
A 0.25000 C 0.25000 G 0.25000 T 0.25000 

MOTIF AIKPQSNKDP_HcaR MarR-family

letter-probability matrix: alength= 4 w= 23 nsites= 70 E= 5.3e-464 
 0.257143  0.000000  0.257143  0.485714 
 0.771429  0.000000  0.000000  0.228571 
 0.857143  0.000000  0.000000  0.142857 
 0.114286  0.000000  0.014286  0.871429 
 0.657143  0.014286  0.328571  0.000000 
 0.000000  0.000000  0.000000  1.000000 
 0.457143  0.542857  0.000000  0.000000 
 1.000000  0.000000  0.000000  0.000000 
 0.000000  0.085714  0.914286  0.000000 
 0.000000  0.114286  0.000000  0.885714 
 0.000000  0.071427  0.000000  0.928570 
 0.499999  0.000000  0.000000  0.500000 
 0.928571  0.000000  0.071428  0.000000 
 0.885713  0.000000  0.114285  0.000000 
 0.000000  0.914285  0.085713  0.000000 
 0.000000  0.000000  0.000000  0.999999 
 0.000000  0.000000  0.542856  0.457142 
 0.999999  0.000000  0.000000  0.000000 
 0.000000  0.328570  0.014285  0.657142 
 0.871428  0.014285  0.000000  0.114285 
 0.142856  0.000000  0.000000  0.857142 
 0.228570  0.000000  0.000000  0.771428 
 0.485713  0.257142  0.000000  0.257142 

URL http://bacregdb.bsu.by/tffamilies/MarR?tfName=AIKPQSNKDP_HcaR

MOTIF AISPAATKKR_ZitR MarR-family

letter-probability matrix: alength= 4 w= 24 nsites= 40 E= 1.9e-113 
 0.509290  0.128210  0.078210  0.284290 
 0.234290  0.178210  0.203210  0.384290 
 0.384290  0.078210  0.153210  0.384290 
 0.125000  0.025000  0.000000  0.850000 
 0.525000  0.200000  0.075000  0.200000 
 0.225000  0.000000  0.250000  0.525000 
 0.000000  0.025000  0.000000  0.975000 
 0.075000  0.025000  0.000000  0.900000 
 0.375000  0.275000  0.025000  0.325000 
 0.750000  0.200000  0.000000  0.050000 
 0.000000  0.800000  0.000000  0.200000 
 0.299999  0.324999  0.024998  0.349999 
 0.350000  0.025000  0.324999  0.299999 
 0.199999  0.000000  0.799999  0.000000 
 0.049999  0.000000  0.199999  0.749999 
 0.324999  0.024999  0.274999  0.374999 
 0.899999  0.000000  0.024999  0.074999 
 0.974999  0.000000  0.024999  0.000000 
 0.524999  0.249999  0.000000  0.224999 
 0.199999  0.074999  0.199999  0.524999 
 0.849999  0.000000  0.024999  0.124999 
 0.384289  0.153209  0.078209  0.384289 
 0.384289  0.203209  0.178209  0.234289 
 0.284289  0.078209  0.128209  0.509289 

URL http://bacregdb.bsu.by/tffamilies/MarR?tfName=AISPAATKKR_ZitR

MOTIF AQSGPTSQRG_IdeR MarR-family

letter-probability matrix: alength= 4 w= 25 nsites= 34 E= 0
  0.382353	  0.058824	  0.147059	  0.411765	
  0.411765	  0.147059	  0.147059	  0.294118	
  0.441176	  0.147059	  0.235294	  0.176471	
  0.117647	  0.176471	  0.117647	  0.588235	
  0.235294	  0.117647	  0.058824	  0.588235	
  0.970588	  0.000000	  0.029412	  0.000000	
  0.117647	  0.000000	  0.852941	  0.029412	
  0.000000	  0.088235	  0.823529	  0.088235	
  0.147059	  0.205882	  0.264706	  0.382353	
  0.323529	  0.147059	  0.058824	  0.470588	
  1.000000	  0.000000	  0.000000	  0.000000	
  0.000000	  0.000000	  1.000000	  0.000000	
  0.058824	  0.441176	  0.441176	  0.058824	
  0.000000	  1.000000	  0.000000	  0.000000	
  0.000000	  0.000000	  0.000000	  1.000000	
  0.470588	  0.058824	  0.147059	  0.323529	
  0.382353	  0.264706	  0.205882	  0.147059	
  0.088235	  0.823529	  0.088235	  0.000000	
  0.029412	  0.852941	  0.000000	  0.117647	
  0.000000	  0.029412	  0.000000	  0.970588	
  0.588235	  0.058824	  0.117647	  0.235294	
  0.588235	  0.117647	  0.176471	  0.117647	
  0.176471	  0.235294	  0.147059	  0.441176	
  0.294118	  0.147059	  0.147059	  0.411765	
  0.411765	  0.147059	  0.058824	  0.382353

URL http://bacregdb.bsu.by/tffamilies/MarR?tfName=AQSGPTSQRG_IdeR

MOTIF DVSTQTRRKH_CsqR MarR-family

letter-probability matrix: alength= 4 w= 24 nsites= 46 E= 4.6e-389 
 0.913043  0.000000  0.021739  0.065217 
 0.934783  0.000000  0.000000  0.065217 
 1.000000  0.000000  0.000000  0.000000 
 0.847826  0.000000  0.152174  0.000000 
 0.978261  0.000000  0.000000  0.021739 
 0.000000  0.021739  0.543478  0.434783 
 0.043478  0.000000  0.000000  0.956522 
 0.000000  0.000000  1.000000  0.000000 
 1.000000  0.000000  0.000000  0.000000 
 0.000000  0.826087  0.000000  0.173913 
 0.543478  0.065217  0.347826  0.043478 
 0.086957  0.239130  0.608696  0.065217 
 0.065217  0.608696  0.239130  0.086957 
 0.043478  0.347826  0.065217  0.543478 
 0.173913  0.000000  0.826087  0.000000 
 0.000000  0.000000  0.000000  1.000000 
 0.000000  1.000000  0.000000  0.000000 
 0.956522  0.000000  0.000000  0.043478 
 0.434783  0.543478  0.021739  0.000000 
 0.021739  0.000000  0.000000  0.978261 
 0.000000  0.152174  0.000000  0.847826 
 0.000000  0.000000  0.000000  1.000000 
 0.065217  0.000000  0.000000  0.934783 
 0.065217  0.021739  0.000000  0.913043 

URL http://bacregdb.bsu.by/tffamilies/MarR?tfName=DVSTQTRRKH_CsqR

MOTIF EIDRTTSRNQ_Lmo0815 MarR-family

letter-probability matrix: alength= 4 w= 24 nsites= 60 E= 8.1e-331 
 0.366667  0.100000  0.000000  0.533333 
 0.116667  0.083333  0.116667  0.683333 
 0.216667  0.000000  0.016667  0.766667 
 0.100000  0.033333  0.066667  0.800000 
 0.216667  0.000000  0.066667  0.716667 
 0.416667  0.150000  0.400000  0.033333 
 0.016667  0.016667  0.283333  0.683333 
 0.016667  0.016667  0.000000  0.966667 
 0.000000  0.016667  0.983333  0.000000 
 0.000000  0.666667  0.000000  0.333333 
 0.950000  0.000000  0.050000  0.000000 
 0.333332  0.000000  0.000000  0.666665 
 0.666666  0.000000  0.000000  0.333333 
 0.000000  0.049999  0.000000  0.949999 
 0.333332  0.000000  0.666666  0.000000 
 0.000000  0.983332  0.016666  0.000000 
 0.966666  0.000000  0.016666  0.016666 
 0.683332  0.283332  0.016666  0.016666 
 0.033332  0.399999  0.149999  0.416666 
 0.716666  0.066666  0.000000  0.216666 
 0.799999  0.066666  0.033332  0.099999 
 0.766666  0.016666  0.000000  0.216666 
 0.683332  0.116666  0.083332  0.116666 
 0.533332  0.000000  0.099999  0.366666 

URL http://bacregdb.bsu.by/tffamilies/MarR?tfName=EIDRTTSRNQ_Lmo0815

MOTIF EISQKMAEEV_ArxR MarR-family

letter-probability matrix: alength= 4 w= 21 nsites= 14 E= 0
  0.928571	  0.000000	  0.000000	  0.071429	
  0.071429	  0.357143	  0.428571	  0.142857	
  0.357143	  0.000000	  0.000000	  0.642857	
  0.285714	  0.000000	  0.000000	  0.714286	
  0.785714	  0.000000	  0.214286	  0.000000	
  0.000000	  0.928571	  0.000000	  0.071429	
  0.214286	  0.000000	  0.000000	  0.785714	
  0.142857	  0.000000	  0.000000	  0.857143	
  0.500000	  0.000000	  0.071429	  0.428571	
  0.214286	  0.428571	  0.000000	  0.357143	
  0.428571	  0.071429	  0.071429	  0.428571	
  0.357143	  0.000000	  0.428571	  0.214286	
  0.428571	  0.071429	  0.000000	  0.500000	
  0.857143	  0.000000	  0.000000	  0.142857	
  0.785714	  0.000000	  0.000000	  0.214286	
  0.071429	  0.000000	  0.928571	  0.000000	
  0.000000	  0.214286	  0.000000	  0.785714	
  0.714286	  0.000000	  0.000000	  0.285714	
  0.642857	  0.000000	  0.000000	  0.357143	
  0.142857	  0.428571	  0.357143	  0.071429	
  0.071429	  0.000000	  0.000000	  0.928571

URL http://bacregdb.bsu.by/tffamilies/MarR?tfName=EISQKMAEEV_ArxR

MOTIF GTDPGSTPRR_OhrR MarR-family

letter-probability matrix: alength= 4 w= 24 nsites= 42 E= 0
  0.500000	  0.071429	  0.214286	  0.214286	
  0.714286	  0.047619	  0.071429	  0.166667	
  0.380952	  0.047619	  0.000000	  0.571429	
  0.190476	  0.023810	  0.000000	  0.785714	
  0.809524	  0.047619	  0.119048	  0.023810	
  0.166667	  0.047619	  0.309524	  0.476190	
  0.023810	  0.476190	  0.000000	  0.500000	
  0.047619	  0.071429	  0.000000	  0.880952	
  0.357143	  0.023810	  0.214286	  0.404762	
  0.000000	  0.023810	  0.833333	  0.142857	
  0.000000	  0.761905	  0.000000	  0.238095	
  0.023810	  0.000000	  0.976190	  0.000000	
  0.000000	  0.928571	  0.000000	  0.071429	
  0.214286	  0.000000	  0.785714	  0.000000	
  0.023810	  0.785714	  0.000000	  0.190476	
  0.404762	  0.023810	  0.000000	  0.571429	
  0.952381	  0.023810	  0.023810	  0.000000	
  0.714286	  0.000000	  0.261905	  0.023810	
  0.833333	  0.095238	  0.047619	  0.023810	
  0.000000	  0.071429	  0.261905	  0.666667	
  0.666667	  0.000000	  0.047619	  0.285714	
  0.523810	  0.119048	  0.047619	  0.309524	
  0.571429	  0.142857	  0.047619	  0.238095	
  0.166667	  0.071429	  0.095238	  0.666667

URL http://bacregdb.bsu.by/tffamilies/MarR?tfName=GTDPGSTPRR_OhrR

MOTIF GYVGSNSYQA_WggR MarR-family

letter-probability matrix: alength= 4 w= 23 nsites= 28 E= 0
  0.392857	  0.107143	  0.035714	  0.464286	
  0.035714	  0.000000	  0.035714	  0.928571	
  0.000000	  0.035714	  0.000000	  0.964286	
  0.714286	  0.000000	  0.250000	  0.035714	
  0.107143	  0.750000	  0.000000	  0.142857	
  0.000000	  0.000000	  0.000000	  1.000000	
  0.000000	  0.000000	  0.000000	  1.000000	
  0.000000	  0.928571	  0.000000	  0.071429	
  0.964286	  0.000000	  0.035714	  0.000000	
  1.000000	  0.000000	  0.000000	  0.000000	
  0.821429	  0.000000	  0.071429	  0.107143	
  0.500000	  0.000000	  0.000000	  0.500000	
  0.107143	  0.071429	  0.000000	  0.821429	
  0.000000	  0.000000	  0.000000	  1.000000	
  0.000000	  0.035714	  0.000000	  0.964286	
  0.071429	  0.000000	  0.928571	  0.000000	
  1.000000	  0.000000	  0.000000	  0.000000	
  1.000000	  0.000000	  0.000000	  0.000000	
  0.142857	  0.000000	  0.750000	  0.107143	
  0.035714	  0.250000	  0.000000	  0.714286	
  0.964286	  0.000000	  0.035714	  0.000000	
  0.928571	  0.035714	  0.000000	  0.035714	
  0.464286	  0.035714	  0.107143	  0.392857

URL http://bacregdb.bsu.by/tffamilies/MarR?tfName=GYVGSNSYQA_WggR

MOTIF IIEQPSVRQT_SlyA MarR-family

letter-probability matrix: alength= 4 w= 20 nsites= 58 E= 4.5e-269 
 0.689655  0.000000  0.017241  0.293103 
 0.258621  0.051724  0.017241  0.672414 
 0.689655  0.000000  0.103448  0.206897 
 0.517241  0.172414  0.241379  0.068966 
 0.051724  0.068966  0.000000  0.879310 
 0.000000  0.017241  0.000000  0.982759 
 0.982759  0.017241  0.000000  0.000000 
 0.155172  0.000000  0.810345  0.034483 
 0.068966  0.844828  0.000000  0.086207 
 0.620688  0.000000  0.120688  0.258619 
 0.258620  0.120689  0.000000  0.620689 
 0.086206  0.000000  0.844827  0.068965 
 0.034482  0.810344  0.000000  0.155171 
 0.000000  0.000000  0.017240  0.982758 
 0.982758  0.000000  0.017240  0.000000 
 0.879309  0.000000  0.068965  0.051723 
 0.068965  0.241378  0.172413  0.517240 
 0.206896  0.103447  0.000000  0.689654 
 0.672413  0.017240  0.051723  0.258620 
 0.293102  0.017240  0.000000  0.689654 

URL http://bacregdb.bsu.by/tffamilies/MarR?tfName=IIEQPSVRQT_SlyA

MOTIF IISPQARKDQ_SufR MarR-family

letter-probability matrix: alength= 4 w= 24 nsites= 36 E= 0
  0.333333	  0.000000	  0.000000	  0.666667	
  0.444444	  0.000000	  0.000000	  0.555556	
  0.611111	  0.027778	  0.027778	  0.333333	
  0.750000	  0.000000	  0.250000	  0.000000	
  0.777778	  0.000000	  0.055556	  0.166667	
  0.000000	  1.000000	  0.000000	  0.000000	
  0.916667	  0.083333	  0.000000	  0.000000	
  1.000000	  0.000000	  0.000000	  0.000000	
  0.000000	  0.888889	  0.000000	  0.111111	
  0.333333	  0.277778	  0.083333	  0.305556	
  0.277778	  0.166667	  0.083333	  0.472222	
  0.250000	  0.111111	  0.166667	  0.472222	
  0.472222	  0.166667	  0.111111	  0.250000	
  0.472222	  0.083333	  0.166667	  0.277778	
  0.305556	  0.083333	  0.277778	  0.333333	
  0.111111	  0.000000	  0.888889	  0.000000	
  0.000000	  0.000000	  0.000000	  1.000000	
  0.000000	  0.000000	  0.083333	  0.916667	
  0.000000	  0.000000	  1.000000	  0.000000	
  0.166667	  0.055556	  0.000000	  0.777778	
  0.000000	  0.250000	  0.000000	  0.750000	
  0.333333	  0.027778	  0.027778	  0.611111	
  0.555556	  0.000000	  0.000000	  0.444444	
  0.666667	  0.000000	  0.000000	  0.333333

URL http://bacregdb.bsu.by/tffamilies/MarR?tfName=IISPQARKDQ_SufR

MOTIF KLDSGTTPRR_OhrR MarR-family

letter-probability matrix: alength= 4 w= 24 nsites= 174 E= 5.6e-757 
 0.655172  0.074713  0.086207  0.183908 
 0.775862  0.005747  0.051724  0.166667 
 0.235632  0.051724  0.034483  0.678161 
 0.155172  0.057471  0.017241  0.770115 
 0.591954  0.109195  0.045977  0.252874 
 0.448276  0.051724  0.212644  0.287356 
 0.810345  0.045977  0.074713  0.068966 
 0.028736  0.011494  0.005747  0.954023 
 0.045977  0.040230  0.005747  0.908046 
 0.011494  0.011494  0.850575  0.126437 
 0.097701  0.235632  0.011494  0.655172 
 0.362067  0.011493  0.568964  0.057470 
 0.057471  0.568965  0.011494  0.362068 
 0.655171  0.011493  0.235631  0.097700 
 0.126436  0.850574  0.011493  0.011493 
 0.908045  0.005746  0.040229  0.045976 
 0.954022  0.005746  0.011493  0.028735 
 0.068965  0.074712  0.045976  0.810344 
 0.287355  0.212643  0.051723  0.448275 
 0.252873  0.045976  0.109194  0.591953 
 0.770114  0.017240  0.057470  0.155171 
 0.678160  0.034482  0.051723  0.235631 
 0.166666  0.051723  0.005746  0.775861 
 0.183907  0.086206  0.074712  0.655171 

URL http://bacregdb.bsu.by/tffamilies/MarR?tfName=KLDSGTTPRR_OhrR

MOTIF NLSSNTTPRR_AbfR MarR-family

letter-probability matrix: alength= 4 w= 22 nsites= 65 E= 5.6e-408 
 0.500000  0.030769  0.107692  0.361538 
 0.492308  0.030769  0.076923  0.400000 
 0.100000  0.046154  0.007692  0.846154 
 0.284615  0.423077  0.030769  0.261538 
 0.653846  0.030769  0.061538  0.253846 
 0.853846  0.000000  0.146154  0.000000 
 0.000000  0.000000  0.000000  1.000000 
 0.000000  0.992308  0.000000  0.007692 
 0.000000  0.000000  0.984615  0.015385 
 0.000000  0.407692  0.007692  0.584615 
 0.261537  0.000000  0.723075  0.015383 
 0.015384  0.723076  0.000000  0.261538 
 0.584614  0.007691  0.407691  0.000000 
 0.015384  0.984614  0.000000  0.000000 
 0.007691  0.000000  0.992307  0.000000 
 0.999999  0.000000  0.000000  0.000000 
 0.000000  0.146153  0.000000  0.853845 
 0.253845  0.061537  0.030768  0.653845 
 0.261537  0.030768  0.423076  0.284614 
 0.846153  0.007691  0.046153  0.099999 
 0.399999  0.076922  0.030768  0.492307 
 0.361537  0.107691  0.030768  0.499999 

URL http://bacregdb.bsu.by/tffamilies/MarR?tfName=NLSSNTTPRR_AbfR

MOTIF NRTGPTSNNV_MepR MarR-family

letter-probability matrix: alength= 4 w= 24 nsites= 100 E= 1.2e-541 
 0.570000  0.030000  0.110000  0.290000 
 0.550000  0.000000  0.000000  0.450000 
 0.590000  0.000000  0.110000  0.300000 
 0.300000  0.230000  0.000000  0.470000 
 0.730000  0.150000  0.120000  0.000000 
 0.350000  0.100000  0.450000  0.100000 
 0.000000  0.000000  0.100000  0.900000 
 0.000000  0.000000  0.000000  1.000000 
 0.700000  0.000000  0.200000  0.100000 
 0.000000  0.200000  0.800000  0.000000 
 1.000000  0.000000  0.000000  0.000000 
 0.000000  0.149999  0.000000  0.849998 
 0.850000  0.000000  0.150000  0.000000 
 0.000000  0.000000  0.000000  0.999999 
 0.000000  0.799999  0.199999  0.000000 
 0.099999  0.199999  0.000000  0.699999 
 0.999999  0.000000  0.000000  0.000000 
 0.899999  0.099999  0.000000  0.000000 
 0.099999  0.449999  0.099999  0.349999 
 0.000000  0.119999  0.149999  0.729999 
 0.469999  0.000000  0.229999  0.299999 
 0.299999  0.109999  0.000000  0.589999 
 0.449999  0.000000  0.000000  0.549999 
 0.289999  0.109999  0.029999  0.569999 

URL http://bacregdb.bsu.by/tffamilies/MarR?tfName=NRTGPTSNNV_MepR

MOTIF QLASGSTYKA_MhqR MarR-family

letter-probability matrix: alength= 4 w= 18 nsites= 38 E= 0
  0.210526	  0.026316	  0.000000	  0.763158	
  0.973684	  0.000000	  0.026316	  0.000000	
  0.000000	  0.052632	  0.026316	  0.921053	
  0.026316	  0.894737	  0.000000	  0.078947	
  0.000000	  0.052632	  0.000000	  0.947368	
  0.026316	  0.578947	  0.000000	  0.394737	
  0.052632	  0.000000	  0.894737	  0.052632	
  0.973684	  0.000000	  0.000000	  0.026316	
  0.815789	  0.026316	  0.000000	  0.157895	
  0.157895	  0.000000	  0.026316	  0.815789	
  0.026316	  0.000000	  0.000000	  0.973684	
  0.052632	  0.894737	  0.000000	  0.052632	
  0.394737	  0.000000	  0.578947	  0.026316	
  0.947368	  0.000000	  0.052632	  0.000000	
  0.078947	  0.000000	  0.894737	  0.026316	
  0.921053	  0.026316	  0.052632	  0.000000	
  0.000000	  0.026316	  0.000000	  0.973684	
  0.763158	  0.000000	  0.026316	  0.210526

URL http://bacregdb.bsu.by/tffamilies/MarR?tfName=QLASGSTYKA_MhqR

MOTIF QRDKALTRER_MexR MarR-family

letter-probability matrix: alength= 4 w= 23 nsites= 36 E= 0
  0.166667	  0.138889	  0.000000	  0.694444	
  0.472222	  0.166667	  0.055556	  0.305556	
  0.194444	  0.083333	  0.027778	  0.694444	
  0.222222	  0.305556	  0.388889	  0.083333	
  0.027778	  0.000000	  0.972222	  0.000000	
  0.000000	  0.194444	  0.000000	  0.805556	
  0.000000	  0.000000	  0.027778	  0.972222	
  0.027778	  0.166667	  0.777778	  0.027778	
  0.805556	  0.000000	  0.000000	  0.194444	
  0.000000	  0.388889	  0.083333	  0.527778	
  0.083333	  0.527778	  0.277778	  0.111111	
  0.305556	  0.194444	  0.194444	  0.305556	
  0.111111	  0.277778	  0.527778	  0.083333	
  0.527778	  0.083333	  0.388889	  0.000000	
  0.194444	  0.000000	  0.000000	  0.805556	
  0.027778	  0.777778	  0.166667	  0.027778	
  0.972222	  0.027778	  0.000000	  0.000000	
  0.805556	  0.000000	  0.194444	  0.000000	
  0.000000	  0.972222	  0.000000	  0.027778	
  0.083333	  0.388889	  0.305556	  0.222222	
  0.694444	  0.027778	  0.083333	  0.194444	
  0.305556	  0.055556	  0.166667	  0.472222	
  0.694444	  0.000000	  0.138889	  0.166667

URL http://bacregdb.bsu.by/tffamilies/MarR?tfName=QRDKALTRER_MexR

MOTIF SINNSTTSRP_PecS MarR-family

letter-probability matrix: alength= 4 w= 24 nsites= 28 E= 0
  0.428571	  0.357143	  0.000000	  0.214286	
  0.464286	  0.000000	  0.035714	  0.500000	
  0.142857	  0.000000	  0.321429	  0.535714	
  0.250000	  0.000000	  0.000000	  0.750000	
  0.928571	  0.000000	  0.000000	  0.071429	
  0.000000	  0.285714	  0.000000	  0.714286	
  0.000000	  1.000000	  0.000000	  0.000000	
  0.000000	  0.000000	  0.000000	  1.000000	
  0.000000	  0.000000	  0.000000	  1.000000	
  0.178571	  0.214286	  0.428571	  0.178571	
  0.964286	  0.035714	  0.000000	  0.000000	
  0.357143	  0.571429	  0.000000	  0.071429	
  0.071429	  0.000000	  0.571429	  0.357143	
  0.000000	  0.000000	  0.035714	  0.964286	
  0.178571	  0.428571	  0.214286	  0.178571	
  1.000000	  0.000000	  0.000000	  0.000000	
  1.000000	  0.000000	  0.000000	  0.000000	
  0.000000	  0.000000	  1.000000	  0.000000	
  0.714286	  0.000000	  0.285714	  0.000000	
  0.071429	  0.000000	  0.000000	  0.928571	
  0.750000	  0.000000	  0.000000	  0.250000	
  0.535714	  0.321429	  0.000000	  0.142857	
  0.500000	  0.035714	  0.000000	  0.464286	
  0.214286	  0.000000	  0.357143	  0.428571

URL http://bacregdb.bsu.by/tffamilies/MarR?tfName=SINNSTTSRP_PecS

MOTIF SISQAATKSK_AdcR MarR-family

letter-probability matrix: alength= 4 w= 20 nsites= 38 E= 0
  0.710526	  0.052632	  0.052632	  0.184211	
  0.263158	  0.000000	  0.026316	  0.710526	
  0.631579	  0.078947	  0.078947	  0.210526	
  0.500000	  0.368421	  0.105263	  0.026316	
  0.052632	  0.000000	  0.000000	  0.947368	
  0.000000	  0.000000	  0.000000	  1.000000	
  0.842105	  0.000000	  0.000000	  0.157895	
  1.000000	  0.000000	  0.000000	  0.000000	
  0.000000	  1.000000	  0.000000	  0.000000	
  0.000000	  0.368421	  0.000000	  0.631579	
  0.631579	  0.000000	  0.368421	  0.000000	
  0.000000	  0.000000	  1.000000	  0.000000	
  0.000000	  0.000000	  0.000000	  1.000000	
  0.157895	  0.000000	  0.000000	  0.842105	
  1.000000	  0.000000	  0.000000	  0.000000	
  0.947368	  0.000000	  0.000000	  0.052632	
  0.026316	  0.105263	  0.368421	  0.500000	
  0.210526	  0.078947	  0.078947	  0.631579	
  0.710526	  0.026316	  0.000000	  0.263158	
  0.184211	  0.052632	  0.052632	  0.710526

URL http://bacregdb.bsu.by/tffamilies/MarR?tfName=SISQAATKSK_AdcR

MOTIF SSSRTNTREE_MprA MarR-family

letter-probability matrix: alength= 4 w= 24 nsites= 84 E= 2.1e-258 
 0.464286  0.035714  0.380952  0.119048 
 0.142857  0.000000  0.000000  0.857143 
 0.035714  0.000000  0.059524  0.904762 
 0.964286  0.023810  0.000000  0.011905 
 0.345238  0.178571  0.178571  0.297619 
 0.047619  0.035714  0.000000  0.916667 
 0.345238  0.095238  0.023810  0.535714 
 0.226190  0.000000  0.083333  0.690476 
 0.297619  0.488095  0.047619  0.166667 
 0.428571  0.190476  0.095238  0.285714 
 0.190476  0.392857  0.190476  0.226190 
 0.130951  0.238094  0.249998  0.380951 
 0.380952  0.249999  0.238095  0.130952 
 0.226189  0.190475  0.392856  0.190475 
 0.285713  0.095237  0.190475  0.428570 
 0.166666  0.047618  0.488094  0.297618 
 0.690475  0.083332  0.000000  0.226189 
 0.535713  0.023809  0.095237  0.345237 
 0.916666  0.000000  0.035713  0.047618 
 0.297618  0.178570  0.178570  0.345237 
 0.011904  0.000000  0.023809  0.964285 
 0.904761  0.059523  0.000000  0.035713 
 0.857142  0.000000  0.000000  0.142856 
 0.119047  0.380951  0.035713  0.464285 

URL http://bacregdb.bsu.by/tffamilies/MarR?tfName=SSSRTNTREE_MprA

MOTIF SVERTTTRVA_MosR MarR-family

letter-probability matrix: alength= 4 w= 24 nsites= 44 E= 1.4e-224 
 0.522727  0.181818  0.204545  0.090909 
 0.477273  0.136364  0.136364  0.250000 
 0.568182  0.045455  0.045455  0.340909 
 0.302829  0.163080  0.003989  0.530102 
 0.552829  0.049444  0.094898  0.302829 
 0.234647  0.367625  0.253989  0.143738 
 0.022727  0.000000  0.977273  0.000000 
 0.000000  0.000000  0.000000  1.000000 
 0.000000  0.000000  1.000000  0.000000 
 0.000000  0.159091  0.000000  0.840909 
 0.954545  0.000000  0.000000  0.045455 
 0.159089  0.068180  0.318180  0.454544 
 0.454545  0.318181  0.068181  0.159090 
 0.045454  0.000000  0.000000  0.954544 
 0.840908  0.000000  0.159090  0.000000 
 0.000000  0.999999  0.000000  0.000000 
 0.999999  0.000000  0.000000  0.000000 
 0.000000  0.977272  0.000000  0.022726 
 0.143737  0.253988  0.367624  0.234646 
 0.302828  0.094897  0.049443  0.552828 
 0.530101  0.003988  0.163079  0.302828 
 0.340908  0.045454  0.045454  0.568181 
 0.249999  0.136363  0.136363  0.477272 
 0.090908  0.204544  0.181817  0.522726 

URL http://bacregdb.bsu.by/tffamilies/MarR?tfName=SVERTTTRVA_MosR

MOTIF SVHPSSTKKK_MntR MarR-family

letter-probability matrix: alength= 4 w= 22 nsites= 36 E= 0
  0.750000	  0.000000	  0.000000	  0.250000	
  0.805556	  0.000000	  0.138889	  0.055556	
  0.583333	  0.000000	  0.000000	  0.416667	
  0.027778	  0.000000	  0.611111	  0.361111	
  0.000000	  0.000000	  0.055556	  0.944444	
  0.000000	  0.000000	  0.027778	  0.972222	
  0.000000	  0.000000	  0.333333	  0.666667	
  0.055556	  0.861111	  0.000000	  0.083333	
  0.305556	  0.611111	  0.000000	  0.083333	
  0.000000	  0.305556	  0.000000	  0.694444	
  0.083333	  0.111111	  0.166667	  0.638889	
  0.638889	  0.166667	  0.111111	  0.083333	
  0.694444	  0.000000	  0.305556	  0.000000	
  0.083333	  0.000000	  0.611111	  0.305556	
  0.083333	  0.000000	  0.861111	  0.055556	
  0.666667	  0.333333	  0.000000	  0.000000	
  0.972222	  0.027778	  0.000000	  0.000000	
  0.944444	  0.055556	  0.000000	  0.000000	
  0.361111	  0.611111	  0.000000	  0.027778	
  0.416667	  0.000000	  0.000000	  0.583333	
  0.055556	  0.138889	  0.000000	  0.805556	
  0.250000	  0.000000	  0.000000	  0.750000

URL http://bacregdb.bsu.by/tffamilies/MarR?tfName=SVHPSSTKKK_MntR

MOTIF SVSQAATKSK_AdcR MarR-family

letter-probability matrix: alength= 4 w= 22 nsites= 62 E= 0
  0.322581	  0.000000	  0.225806	  0.451613	
  0.483871	  0.016129	  0.032258	  0.467742	
  0.145161	  0.064516	  0.000000	  0.790323	
  0.516129	  0.048387	  0.032258	  0.403226	
  0.564516	  0.354839	  0.080645	  0.000000	
  0.000000	  0.000000	  0.000000	  1.000000	
  0.048387	  0.000000	  0.000000	  0.951613	
  0.677419	  0.000000	  0.000000	  0.322581	
  1.000000	  0.000000	  0.000000	  0.000000	
  0.000000	  1.000000	  0.000000	  0.000000	
  0.000000	  0.451613	  0.000000	  0.548387	
  0.548387	  0.000000	  0.451613	  0.000000	
  0.000000	  0.000000	  1.000000	  0.000000	
  0.000000	  0.000000	  0.000000	  1.000000	
  0.322581	  0.000000	  0.000000	  0.677419	
  0.951613	  0.000000	  0.000000	  0.048387	
  1.000000	  0.000000	  0.000000	  0.000000	
  0.000000	  0.080645	  0.354839	  0.564516	
  0.403226	  0.032258	  0.048387	  0.516129	
  0.790323	  0.000000	  0.064516	  0.145161	
  0.467742	  0.032258	  0.016129	  0.483871	
  0.451613	  0.225806	  0.000000	  0.322581	

URL http://bacregdb.bsu.by/tffamilies/MarR?tfName=SVSQAATKSK_AdcR

MOTIF SVTLGTTTKR_FabT MarR-family

letter-probability matrix: alength= 4 w= 25 nsites= 100 E= 0
  0.790000	  0.060000	  0.050000	  0.100000	
  0.660000	  0.030000	  0.100000	  0.210000	
  0.710000	  0.020000	  0.060000	  0.210000	
  0.120000	  0.040000	  0.020000	  0.820000	
  0.730000	  0.050000	  0.100000	  0.120000	
  0.580000	  0.130000	  0.270000	  0.020000	
  0.000000	  0.000000	  0.000000	  1.000000	
  0.010000	  0.000000	  0.000000	  0.990000	
  0.010000	  0.000000	  0.000000	  0.990000	
  0.000000	  0.040000	  0.900000	  0.060000	
  0.940000	  0.020000	  0.010000	  0.030000	
  0.090000	  0.150000	  0.040000	  0.720000	
  0.470000	  0.030000	  0.030000	  0.470000	
  0.720000	  0.040000	  0.150000	  0.090000	
  0.030000	  0.010000	  0.020000	  0.940000	
  0.060000	  0.900000	  0.040000	  0.000000	
  0.990000	  0.000000	  0.000000	  0.010000	
  0.990000	  0.000000	  0.000000	  0.010000	
  1.000000	  0.000000	  0.000000	  0.000000	
  0.020000	  0.270000	  0.130000	  0.580000	
  0.120000	  0.100000	  0.050000	  0.730000	
  0.820000	  0.020000	  0.040000	  0.120000	
  0.210000	  0.060000	  0.020000	  0.710000	
  0.210000	  0.100000	  0.030000	  0.660000	
  0.100000	  0.050000	  0.060000	  0.790000

URL http://bacregdb.bsu.by/tffamilies/MarR?tfName=SVTLGTTTKR_FabT

MOTIF SVTLGTTTNR_FabT MarR-family

letter-probability matrix: alength= 4 w= 23 nsites= 100 E= 1.3e-581 
 0.600000  0.030000  0.080000  0.290000 
 0.830000  0.000000  0.010000  0.160000 
 0.140000  0.020000  0.020000  0.820000 
 0.720000  0.060000  0.140000  0.080000 
 0.400000  0.290000  0.200000  0.110000 
 0.000000  0.000000  0.000000  1.000000 
 0.000000  0.000000  0.000000  1.000000 
 0.000000  0.000000  0.000000  1.000000 
 0.010000  0.010000  0.960000  0.020000 
 0.970000  0.000000  0.010000  0.020000 
 0.159999  0.349999  0.039998  0.449999 
 0.489999  0.009999  0.010000  0.490000 
 0.449999  0.040000  0.350000  0.160000 
 0.019999  0.009999  0.000000  0.969999 
 0.019999  0.959999  0.009999  0.009999 
 0.999999  0.000000  0.000000  0.000000 
 0.999999  0.000000  0.000000  0.000000 
 0.999999  0.000000  0.000000  0.000000 
 0.109999  0.199999  0.289999  0.399999 
 0.079999  0.139999  0.059999  0.719999 
 0.819999  0.019999  0.019999  0.139999 
 0.159999  0.009999  0.000000  0.829999 
 0.289999  0.079999  0.029999  0.599999 

URL http://bacregdb.bsu.by/tffamilies/MarR?tfName=SVTLGTTTNR_FabT

MOTIF TILRPNVAAR_CouR MarR-family

letter-probability matrix: alength= 4 w= 23 nsites= 52 E= 1.3e-363 
 0.903846  0.019231  0.038462  0.038462 
 0.519231  0.000000  0.000000  0.480769 
 0.000000  0.000000  0.000000  1.000000 
 0.038462  0.057692  0.000000  0.903846 
 0.019231  0.000000  0.980769  0.000000 
 0.423077  0.000000  0.076923  0.500000 
 0.000000  0.019231  0.000000  0.980769 
 1.000000  0.000000  0.000000  0.000000 
 0.000000  0.019231  0.000000  0.980769 
 0.134615  0.057692  0.788462  0.019231 
 0.192306  0.115383  0.596152  0.096152 
 0.461537  0.038460  0.038461  0.461538 
 0.096153  0.596153  0.115384  0.192307 
 0.019230  0.788461  0.057691  0.134614 
 0.980768  0.000000  0.019230  0.000000 
 0.000000  0.000000  0.000000  0.999999 
 0.980768  0.000000  0.019230  0.000000 
 0.499999  0.076922  0.000000  0.423076 
 0.000000  0.980768  0.000000  0.019230 
 0.903845  0.000000  0.057691  0.038461 
 0.999999  0.000000  0.000000  0.000000 
 0.480768  0.000000  0.000000  0.519230 
 0.038461  0.038461  0.019230  0.903845 

URL http://bacregdb.bsu.by/tffamilies/MarR?tfName=TILRPNVAAR_CouR

MOTIF TITRSRSHRD_SCO3205 MarR-family

letter-probability matrix: alength= 4 w= 18 nsites= 86 E= 8.5e-395 
 0.162791  0.116279  0.000000  0.720930 
 0.290698  0.162791  0.325581  0.220930 
 0.139535  0.534884  0.244186  0.081395 
 0.000000  0.000000  0.000000  1.000000 
 0.011628  0.000000  0.000000  0.988372 
 0.023256  0.104651  0.744186  0.127907 
 0.988372  0.011628  0.000000  0.000000 
 0.895349  0.000000  0.081395  0.023256 
 0.325580  0.279068  0.302324  0.093022 
 0.093023  0.302325  0.279069  0.325581 
 0.023255  0.081394  0.000000  0.895348 
 0.000000  0.000000  0.011627  0.988371 
 0.127906  0.744185  0.104650  0.023255 
 0.988371  0.000000  0.000000  0.011627 
 0.999999  0.000000  0.000000  0.000000 
 0.081394  0.244185  0.534883  0.139534 
 0.220929  0.325580  0.162790  0.290697 
 0.720929  0.000000  0.116278  0.162790 

URL http://bacregdb.bsu.by/tffamilies/MarR?tfName=TITRSRSHRD_SCO3205

MOTIF TITSGTTHAP_PecS MarR-family

letter-probability matrix: alength= 4 w= 24 nsites= 104 E= 0
  0.750000	  0.000000	  0.000000	  0.250000	
  0.182692	  0.250000	  0.019231	  0.548077	
  0.028846	  0.019231	  0.105769	  0.846154	
  0.000000	  0.000000	  0.000000	  1.000000	
  0.769231	  0.000000	  0.230769	  0.000000	
  0.028846	  0.192308	  0.028846	  0.750000	
  0.000000	  1.000000	  0.000000	  0.000000	
  0.000000	  0.000000	  0.000000	  1.000000	
  0.000000	  0.000000	  0.000000	  1.000000	
  0.000000	  0.250000	  0.750000	  0.000000	
  0.990385	  0.000000	  0.009615	  0.000000	
  0.134615	  0.240385	  0.000000	  0.625000	
  0.625000	  0.000000	  0.240385	  0.134615	
  0.000000	  0.009615	  0.000000	  0.990385	
  0.000000	  0.750000	  0.250000	  0.000000	
  1.000000	  0.000000	  0.000000	  0.000000	
  1.000000	  0.000000	  0.000000	  0.000000	
  0.000000	  0.000000	  1.000000	  0.000000	
  0.750000	  0.028846	  0.192308	  0.028846	
  0.000000	  0.230769	  0.000000	  0.769231	
  1.000000	  0.000000	  0.000000	  0.000000	
  0.846154	  0.105769	  0.019231	  0.028846	
  0.548077	  0.019231	  0.250000	  0.182692	
  0.250000	  0.000000	  0.000000	  0.750000

URL http://bacregdb.bsu.by/tffamilies/MarR?tfName=TITSGTTHAP_PecS

MOTIF VVDLGATRRP_MarR MarR-family

letter-probability matrix: alength= 4 w= 22 nsites= 54 E= 2.0e-380 
 0.351852  0.000000  0.037037  0.611111 
 0.703704  0.166667  0.074074  0.055556 
 0.000000  0.092593  0.000000  0.907407 
 0.444444  0.000000  0.277778  0.277778 
 0.277778  0.351852  0.296296  0.074074 
 0.000000  0.000000  0.000000  1.000000 
 0.000000  0.000000  0.000000  1.000000 
 0.000000  0.000000  0.981481  0.018519 
 0.000000  1.000000  0.000000  0.000000 
 0.000000  0.925926  0.000000  0.074074 
 0.092591  0.518517  0.129628  0.259258 
 0.259259  0.129629  0.518518  0.092592 
 0.074073  0.000000  0.925925  0.000000 
 0.000000  0.000000  0.999999  0.000000 
 0.018518  0.981480  0.000000  0.000000 
 0.999999  0.000000  0.000000  0.000000 
 0.999999  0.000000  0.000000  0.000000 
 0.074073  0.296295  0.351851  0.277777 
 0.277777  0.277777  0.000000  0.444443 
 0.907406  0.000000  0.092592  0.000000 
 0.055555  0.074073  0.166666  0.703703 
 0.611110  0.037036  0.000000  0.351851 

URL http://bacregdb.bsu.by/tffamilies/MarR?tfName=VVDLGATRRP_MarR

MOTIF VVSQPTAKRP_MntR MarR-family

letter-probability matrix: alength= 4 w= 22 nsites= 68 E= 1.2e-408 
 0.485294  0.191176  0.073529  0.250000 
 0.500000  0.044118  0.294118  0.161765 
 0.691176  0.014706  0.176471  0.117647 
 0.088235  0.161765  0.014706  0.735294 
 0.926471  0.000000  0.000000  0.073529 
 0.000000  0.014706  0.000000  0.985294 
 0.985294  0.014706  0.000000  0.000000 
 0.014706  0.000000  0.985294  0.000000 
 0.000000  1.000000  0.000000  0.000000 
 0.382353  0.470588  0.029412  0.117647 
 0.411763  0.220587  0.029410  0.338234 
 0.338235  0.029411  0.220588  0.411764 
 0.117646  0.029411  0.470587  0.382352 
 0.000000  0.000000  0.999999  0.000000 
 0.000000  0.985293  0.000000  0.014705 
 0.000000  0.000000  0.014705  0.985293 
 0.985293  0.000000  0.014705  0.000000 
 0.073528  0.000000  0.000000  0.926470 
 0.735293  0.014705  0.161764  0.088234 
 0.117646  0.176470  0.014705  0.691175 
 0.161764  0.294117  0.044117  0.499999 
 0.249999  0.073528  0.191175  0.485293 

URL http://bacregdb.bsu.by/tffamilies/MarR?tfName=VVSQPTAKRP_MntR

MOTIF MhqR_Bacillales MarR-family

letter-probability matrix: alength= 4 w= 18 nsites= 35 E= 0
  0.200000	  0.000000	  0.028571	  0.771429	
  0.971429	  0.028571	  0.000000	  0.000000	
  0.028571	  0.000000	  0.000000	  0.971429	
  0.114286	  0.800000	  0.028571	  0.057143	
  0.028571	  0.085714	  0.028571	  0.857143	
  0.028571	  0.514286	  0.000000	  0.457143	
  0.142857	  0.000000	  0.685714	  0.171429	
  0.971429	  0.000000	  0.000000	  0.028571	
  0.914286	  0.000000	  0.000000	  0.085714	
  0.228571	  0.000000	  0.000000	  0.771429	
  0.000000	  0.000000	  0.000000	  1.000000	
  0.142857	  0.800000	  0.000000	  0.057143	
  0.371429	  0.000000	  0.628571	  0.000000	
  1.000000	  0.000000	  0.000000	  0.000000	
  0.028571	  0.000000	  0.942857	  0.028571	
  0.971429	  0.000000	  0.028571	  0.000000	
  0.000000	  0.028571	  0.028571	  0.942857	
  0.771429	  0.000000	  0.057143	  0.171429	

URL http://regprecise.lbl.gov/RegPrecise/regulog.jsp?regulog_id=1115

MOTIF MprA_Enterobacteriales MarR-family

letter-probability matrix: alength= 4 w= 22 nsites= 25 E= 0
  0.880000	  0.000000	  0.040000	  0.080000	
  0.040000	  0.040000	  0.000000	  0.920000	
  0.000000	  0.000000	  0.000000	  1.000000	
  0.160000	  0.240000	  0.120000	  0.480000	
  0.480000	  0.000000	  0.480000	  0.040000	
  0.040000	  0.160000	  0.000000	  0.800000	
  0.160000	  0.320000	  0.520000	  0.000000	
  0.760000	  0.000000	  0.080000	  0.160000	
  0.520000	  0.480000	  0.000000	  0.000000	
  0.120000	  0.120000	  0.000000	  0.760000	
  0.240000	  0.000000	  0.680000	  0.080000	
  0.120000	  0.000000	  0.000000	  0.880000	
  0.640000	  0.280000	  0.000000	  0.080000	
  0.080000	  0.000000	  0.440000	  0.480000	
  0.000000	  0.000000	  0.480000	  0.520000	
  0.000000	  0.000000	  0.000000	  1.000000	
  1.000000	  0.000000	  0.000000	  0.000000	
  0.120000	  0.680000	  0.000000	  0.200000	
  0.000000	  0.400000	  0.000000	  0.600000	
  0.840000	  0.000000	  0.040000	  0.120000	
  0.000000	  0.000000	  0.000000	  1.000000	
  0.880000	  0.040000	  0.040000	  0.040000	

URL http://regprecise.lbl.gov/RegPrecise/regulog.jsp?regulog_id=1155

MOTIF YetL_Bacillales MarR-family

letter-probability matrix: alength= 4 w= 18 nsites= 4 E= 0
  0.250000	  0.000000	  0.000000	  0.750000	
  0.750000	  0.250000	  0.000000	  0.000000	
  0.000000	  0.000000	  1.000000	  0.000000	
  0.500000	  0.000000	  0.000000	  0.500000	
  0.000000	  0.000000	  0.250000	  0.750000	
  1.000000	  0.000000	  0.000000	  0.000000	
  0.250000	  0.250000	  0.500000	  0.000000	
  0.000000	  0.250000	  0.750000	  0.000000	
  0.000000	  0.500000	  0.500000	  0.000000	
  0.000000	  0.500000	  0.500000	  0.000000	
  0.000000	  0.750000	  0.250000	  0.000000	
  0.000000	  0.500000	  0.250000	  0.250000	
  0.000000	  0.000000	  0.000000	  1.000000	
  0.750000	  0.250000	  0.000000	  0.000000	
  0.500000	  0.000000	  0.000000	  0.500000	
  0.000000	  1.000000	  0.000000	  0.000000	
  0.000000	  0.000000	  0.250000	  0.750000	
  0.750000	  0.000000	  0.000000	  0.250000	

URL http://regprecise.lbl.gov/RegPrecise/regulog.jsp?regulog_id=1244

MOTIF OhrR_Bacillales MarR-family

letter-probability matrix: alength= 4 w= 18 nsites= 11 E= 0
  0.000000	  0.000000	  0.000000	  1.000000	
  0.727273	  0.000000	  0.000000	  0.272727	
  0.909091	  0.000000	  0.000000	  0.090909	
  1.000000	  0.000000	  0.000000	  0.000000	
  0.000000	  0.000000	  0.000000	  1.000000	
  0.000000	  0.000000	  0.000000	  1.000000	
  0.000000	  0.000000	  1.000000	  0.000000	
  0.000000	  0.000000	  0.000000	  1.000000	
  0.272727	  0.000000	  0.545455	  0.181818	
  0.000000	  0.363636	  0.000000	  0.636364	
  0.909091	  0.000000	  0.090909	  0.000000	
  0.181818	  0.818182	  0.000000	  0.000000	
  1.000000	  0.000000	  0.000000	  0.000000	
  1.000000	  0.000000	  0.000000	  0.000000	
  0.000000	  0.090909	  0.000000	  0.909091	
  0.272727	  0.000000	  0.000000	  0.727273	
  0.181818	  0.090909	  0.000000	  0.727273	
  1.000000	  0.000000	  0.000000	  0.000000	

URL http://regprecise.lbl.gov/RegPrecise/regulog.jsp?regulog_id=1245

MOTIF YybA_Bacillales MarR-family

letter-probability matrix: alength= 4 w= 24 nsites= 25 E= 0
  0.280000	  0.000000	  0.000000	  0.720000	
  0.120000	  0.000000	  0.000000	  0.880000	
  0.160000	  0.000000	  0.000000	  0.840000	
  0.200000	  0.000000	  0.000000	  0.800000	
  0.000000	  0.040000	  0.000000	  0.960000	
  0.280000	  0.000000	  0.720000	  0.000000	
  0.000000	  0.000000	  0.000000	  1.000000	
  0.000000	  0.000000	  0.000000	  1.000000	
  0.000000	  0.000000	  1.000000	  0.000000	
  0.000000	  0.760000	  0.000000	  0.240000	
  1.000000	  0.000000	  0.000000	  0.000000	
  0.480000	  0.000000	  0.000000	  0.520000	
  0.480000	  0.000000	  0.000000	  0.520000	
  0.000000	  0.000000	  0.000000	  1.000000	
  0.400000	  0.000000	  0.560000	  0.040000	
  0.000000	  1.000000	  0.000000	  0.000000	
  1.000000	  0.000000	  0.000000	  0.000000	
  0.960000	  0.000000	  0.040000	  0.000000	
  0.000000	  0.760000	  0.000000	  0.240000	
  0.960000	  0.000000	  0.040000	  0.000000	
  0.800000	  0.000000	  0.000000	  0.200000	
  0.880000	  0.000000	  0.000000	  0.120000	
  0.880000	  0.000000	  0.040000	  0.080000	
  0.600000	  0.000000	  0.000000	  0.400000	

URL http://regprecise.lbl.gov/RegPrecise/regulog.jsp?regulog_id=1425

MOTIF MarR-family MarR-family

letter-probability matrix: alength= 4 w= 18 nsites= 5 E= 0
  0.600000	  0.000000	  0.400000	  0.000000	
  0.000000	  0.000000	  0.000000	  1.000000	
  0.000000	  0.000000	  0.000000	  1.000000	
  0.800000	  0.000000	  0.000000	  0.200000	
  1.000000	  0.000000	  0.000000	  0.000000	
  1.000000	  0.000000	  0.000000	  0.000000	
  0.000000	  0.000000	  0.000000	  1.000000	
  0.200000	  0.000000	  0.000000	  0.800000	
  0.000000	  0.000000	  0.000000	  1.000000	
  0.200000	  0.000000	  0.000000	  0.800000	
  0.000000	  0.000000	  0.000000	  1.000000	
  1.000000	  0.000000	  0.000000	  0.000000	
  0.000000	  0.000000	  0.000000	  1.000000	
  0.000000	  0.000000	  0.000000	  1.000000	
  0.200000	  0.000000	  0.000000	  0.800000	
  1.000000	  0.000000	  0.000000	  0.000000	
  1.000000	  0.000000	  0.000000	  0.000000	
  0.000000	  1.000000	  0.000000	  0.000000	

URL http://regprecise.lbl.gov/RegPrecise/regulog.jsp?regulog_id=1429

MOTIF YvbF/YvaV_Bacillales MarR-family

letter-probability matrix: alength= 4 w= 25 nsites= 12 E= 0
  0.000000	  0.083333	  0.000000	  0.916667	
  0.833333	  0.000000	  0.166667	  0.000000	
  0.916667	  0.083333	  0.000000	  0.000000	
  1.000000	  0.000000	  0.000000	  0.000000	
  0.083333	  0.833333	  0.083333	  0.000000	
  0.000000	  0.000000	  0.000000	  1.000000	
  0.000000	  0.000000	  0.000000	  1.000000	
  0.000000	  0.000000	  0.000000	  1.000000	
  0.166667	  0.000000	  0.333333	  0.500000	
  0.000000	  0.000000	  0.000000	  1.000000	
  1.000000	  0.000000	  0.000000	  0.000000	
  0.666667	  0.000000	  0.000000	  0.333333	
  0.500000	  0.000000	  0.000000	  0.500000	
  0.416667	  0.000000	  0.000000	  0.583333	
  0.000000	  0.000000	  0.000000	  1.000000	
  1.000000	  0.000000	  0.000000	  0.000000	
  0.500000	  0.333333	  0.000000	  0.166667	
  1.000000	  0.000000	  0.000000	  0.000000	
  1.000000	  0.000000	  0.000000	  0.000000	
  1.000000	  0.000000	  0.000000	  0.000000	
  0.000000	  0.083333	  0.916667	  0.000000	
  0.000000	  0.000000	  0.000000	  1.000000	
  0.000000	  0.000000	  0.083333	  0.916667	
  0.000000	  0.083333	  0.000000	  0.916667	
  0.916667	  0.000000	  0.083333	  0.000000	

URL http://regprecise.lbl.gov/RegPrecise/regulog.jsp?regulog_id=3325

MOTIF FabT_Streptococcaceae MarR-family

letter-probability matrix: alength= 4 w= 17 nsites= 56 E= 0
  0.714286	  0.053571	  0.160714	  0.071429	
  0.392857	  0.196429	  0.267857	  0.142857	
  0.000000	  0.000000	  0.000000	  1.000000	
  0.000000	  0.000000	  0.000000	  1.000000	
