MEME version 4

ALPHABET= ACGT

strands: + -

Background letter frequencies (from uniform background):
A 0.25000 C 0.25000 G 0.25000 T 0.25000 

MOTIF MhqR_Bacillales MarR-family

letter-probability matrix: alength= 4 w= 18 nsites= 35 E= 0
  0.200000	  0.000000	  0.028571	  0.771429	
  0.971429	  0.028571	  0.000000	  0.000000	
  0.028571	  0.000000	  0.000000	  0.971429	
  0.114286	  0.800000	  0.028571	  0.057143	
  0.028571	  0.085714	  0.028571	  0.857143	
  0.028571	  0.514286	  0.000000	  0.457143	
  0.142857	  0.000000	  0.685714	  0.171429	
  0.971429	  0.000000	  0.000000	  0.028571	
  0.914286	  0.000000	  0.000000	  0.085714	
  0.228571	  0.000000	  0.000000	  0.771429	
  0.000000	  0.000000	  0.000000	  1.000000	
  0.142857	  0.800000	  0.000000	  0.057143	
  0.371429	  0.000000	  0.628571	  0.000000	
  1.000000	  0.000000	  0.000000	  0.000000	
  0.028571	  0.000000	  0.942857	  0.028571	
  0.971429	  0.000000	  0.028571	  0.000000	
  0.000000	  0.028571	  0.028571	  0.942857	
  0.771429	  0.000000	  0.057143	  0.171429	

URL http://regprecise.lbl.gov/RegPrecise/regulog.jsp?regulog_id=1115

MOTIF MprA_Enterobacteriales MarR-family

letter-probability matrix: alength= 4 w= 22 nsites= 25 E= 0
  0.880000	  0.000000	  0.040000	  0.080000	
  0.040000	  0.040000	  0.000000	  0.920000	
  0.000000	  0.000000	  0.000000	  1.000000	
  0.160000	  0.240000	  0.120000	  0.480000	
  0.480000	  0.000000	  0.480000	  0.040000	
  0.040000	  0.160000	  0.000000	  0.800000	
  0.160000	  0.320000	  0.520000	  0.000000	
  0.760000	  0.000000	  0.080000	  0.160000	
  0.520000	  0.480000	  0.000000	  0.000000	
  0.120000	  0.120000	  0.000000	  0.760000	
  0.240000	  0.000000	  0.680000	  0.080000	
  0.120000	  0.000000	  0.000000	  0.880000	
  0.640000	  0.280000	  0.000000	  0.080000	
  0.080000	  0.000000	  0.440000	  0.480000	
  0.000000	  0.000000	  0.480000	  0.520000	
  0.000000	  0.000000	  0.000000	  1.000000	
  1.000000	  0.000000	  0.000000	  0.000000	
  0.120000	  0.680000	  0.000000	  0.200000	
  0.000000	  0.400000	  0.000000	  0.600000	
  0.840000	  0.000000	  0.040000	  0.120000	
  0.000000	  0.000000	  0.000000	  1.000000	
  0.880000	  0.040000	  0.040000	  0.040000	

URL http://regprecise.lbl.gov/RegPrecise/regulog.jsp?regulog_id=1155

MOTIF MarR_Enterobacteriales MarR-family

letter-probability matrix: alength= 4 w= 22 nsites= 10 E= 0
  0.500000	  0.000000	  0.000000	  0.500000	
  0.500000	  0.200000	  0.000000	  0.300000	
  0.000000	  0.000000	  0.000000	  1.000000	
  0.900000	  0.000000	  0.100000	  0.000000	
  0.100000	  0.800000	  0.000000	  0.100000	
  0.000000	  0.000000	  0.000000	  1.000000	
  0.000000	  0.000000	  0.000000	  1.000000	
  0.000000	  0.000000	  1.000000	  0.000000	
  0.000000	  1.000000	  0.000000	  0.000000	
  0.000000	  1.000000	  0.000000	  0.000000	
  0.200000	  0.000000	  0.200000	  0.600000	
  0.000000	  0.000000	  1.000000	  0.000000	
  0.100000	  0.000000	  0.900000	  0.000000	
  0.000000	  0.000000	  1.000000	  0.000000	
  0.000000	  1.000000	  0.000000	  0.000000	
  1.000000	  0.000000	  0.000000	  0.000000	
  1.000000	  0.000000	  0.000000	  0.000000	
  0.000000	  0.500000	  0.000000	  0.500000	
  0.500000	  0.400000	  0.000000	  0.100000	
  0.600000	  0.000000	  0.300000	  0.100000	
  0.100000	  0.000000	  0.000000	  0.900000	
  0.500000	  0.000000	  0.000000	  0.500000	

URL http://regprecise.lbl.gov/RegPrecise/regulog.jsp?regulog_id=1193

MOTIF YetL_Bacillales MarR-family

letter-probability matrix: alength= 4 w= 18 nsites= 4 E= 0
  0.250000	  0.000000	  0.000000	  0.750000	
  0.750000	  0.250000	  0.000000	  0.000000	
  0.000000	  0.000000	  1.000000	  0.000000	
  0.500000	  0.000000	  0.000000	  0.500000	
  0.000000	  0.000000	  0.250000	  0.750000	
  1.000000	  0.000000	  0.000000	  0.000000	
  0.250000	  0.250000	  0.500000	  0.000000	
  0.000000	  0.250000	  0.750000	  0.000000	
  0.000000	  0.500000	  0.500000	  0.000000	
  0.000000	  0.500000	  0.500000	  0.000000	
  0.000000	  0.750000	  0.250000	  0.000000	
  0.000000	  0.500000	  0.250000	  0.250000	
  0.000000	  0.000000	  0.000000	  1.000000	
  0.750000	  0.250000	  0.000000	  0.000000	
  0.500000	  0.000000	  0.000000	  0.500000	
  0.000000	  1.000000	  0.000000	  0.000000	
  0.000000	  0.000000	  0.250000	  0.750000	
  0.750000	  0.000000	  0.000000	  0.250000	

URL http://regprecise.lbl.gov/RegPrecise/regulog.jsp?regulog_id=1244

MOTIF OhrR_Bacillales MarR-family

letter-probability matrix: alength= 4 w= 18 nsites= 11 E= 0
  0.000000	  0.000000	  0.000000	  1.000000	
  0.727273	  0.000000	  0.000000	  0.272727	
  0.909091	  0.000000	  0.000000	  0.090909	
  1.000000	  0.000000	  0.000000	  0.000000	
  0.000000	  0.000000	  0.000000	  1.000000	
  0.000000	  0.000000	  0.000000	  1.000000	
  0.000000	  0.000000	  1.000000	  0.000000	
  0.000000	  0.000000	  0.000000	  1.000000	
  0.272727	  0.000000	  0.545455	  0.181818	
  0.000000	  0.363636	  0.000000	  0.636364	
  0.909091	  0.000000	  0.090909	  0.000000	
  0.181818	  0.818182	  0.000000	  0.000000	
  1.000000	  0.000000	  0.000000	  0.000000	
  1.000000	  0.000000	  0.000000	  0.000000	
  0.000000	  0.090909	  0.000000	  0.909091	
  0.272727	  0.000000	  0.000000	  0.727273	
  0.181818	  0.090909	  0.000000	  0.727273	
  1.000000	  0.000000	  0.000000	  0.000000	

URL http://regprecise.lbl.gov/RegPrecise/regulog.jsp?regulog_id=1245

MOTIF YybA_Bacillales MarR-family

letter-probability matrix: alength= 4 w= 24 nsites= 25 E= 0
  0.280000	  0.000000	  0.000000	  0.720000	
  0.120000	  0.000000	  0.000000	  0.880000	
  0.160000	  0.000000	  0.000000	  0.840000	
  0.200000	  0.000000	  0.000000	  0.800000	
  0.000000	  0.040000	  0.000000	  0.960000	
  0.280000	  0.000000	  0.720000	  0.000000	
  0.000000	  0.000000	  0.000000	  1.000000	
  0.000000	  0.000000	  0.000000	  1.000000	
  0.000000	  0.000000	  1.000000	  0.000000	
  0.000000	  0.760000	  0.000000	  0.240000	
  1.000000	  0.000000	  0.000000	  0.000000	
  0.480000	  0.000000	  0.000000	  0.520000	
  0.480000	  0.000000	  0.000000	  0.520000	
  0.000000	  0.000000	  0.000000	  1.000000	
  0.400000	  0.000000	  0.560000	  0.040000	
  0.000000	  1.000000	  0.000000	  0.000000	
  1.000000	  0.000000	  0.000000	  0.000000	
  0.960000	  0.000000	  0.040000	  0.000000	
  0.000000	  0.760000	  0.000000	  0.240000	
  0.960000	  0.000000	  0.040000	  0.000000	
  0.800000	  0.000000	  0.000000	  0.200000	
  0.880000	  0.000000	  0.000000	  0.120000	
  0.880000	  0.000000	  0.040000	  0.080000	
  0.600000	  0.000000	  0.000000	  0.400000	

URL http://regprecise.lbl.gov/RegPrecise/regulog.jsp?regulog_id=1425

MOTIF MarR-family MarR-family

letter-probability matrix: alength= 4 w= 18 nsites= 5 E= 0
  0.600000	  0.000000	  0.400000	  0.000000	
  0.000000	  0.000000	  0.000000	  1.000000	
  0.000000	  0.000000	  0.000000	  1.000000	
  0.800000	  0.000000	  0.000000	  0.200000	
  1.000000	  0.000000	  0.000000	  0.000000	
  1.000000	  0.000000	  0.000000	  0.000000	
  0.000000	  0.000000	  0.000000	  1.000000	
  0.200000	  0.000000	  0.000000	  0.800000	
  0.000000	  0.000000	  0.000000	  1.000000	
  0.200000	  0.000000	  0.000000	  0.800000	
  0.000000	  0.000000	  0.000000	  1.000000	
  1.000000	  0.000000	  0.000000	  0.000000	
  0.000000	  0.000000	  0.000000	  1.000000	
  0.000000	  0.000000	  0.000000	  1.000000	
  0.200000	  0.000000	  0.000000	  0.800000	
  1.000000	  0.000000	  0.000000	  0.000000	
  1.000000	  0.000000	  0.000000	  0.000000	
  0.000000	  1.000000	  0.000000	  0.000000	

URL http://regprecise.lbl.gov/RegPrecise/regulog.jsp?regulog_id=1429

MOTIF YvbF/YvaV_Bacillales MarR-family

letter-probability matrix: alength= 4 w= 25 nsites= 12 E= 0
  0.000000	  0.083333	  0.000000	  0.916667	
  0.833333	  0.000000	  0.166667	  0.000000	
  0.916667	  0.083333	  0.000000	  0.000000	
  1.000000	  0.000000	  0.000000	  0.000000	
  0.083333	  0.833333	  0.083333	  0.000000	
  0.000000	  0.000000	  0.000000	  1.000000	
  0.000000	  0.000000	  0.000000	  1.000000	
  0.000000	  0.000000	  0.000000	  1.000000	
  0.166667	  0.000000	  0.333333	  0.500000	
  0.000000	  0.000000	  0.000000	  1.000000	
  1.000000	  0.000000	  0.000000	  0.000000	
  0.666667	  0.000000	  0.000000	  0.333333	
  0.500000	  0.000000	  0.000000	  0.500000	
  0.416667	  0.000000	  0.000000	  0.583333	
  0.000000	  0.000000	  0.000000	  1.000000	
  1.000000	  0.000000	  0.000000	  0.000000	
  0.500000	  0.333333	  0.000000	  0.166667	
  1.000000	  0.000000	  0.000000	  0.000000	
  1.000000	  0.000000	  0.000000	  0.000000	
  1.000000	  0.000000	  0.000000	  0.000000	
  0.000000	  0.083333	  0.916667	  0.000000	
  0.000000	  0.000000	  0.000000	  1.000000	
  0.000000	  0.000000	  0.083333	  0.916667	
  0.000000	  0.083333	  0.000000	  0.916667	
  0.916667	  0.000000	  0.083333	  0.000000	

URL http://regprecise.lbl.gov/RegPrecise/regulog.jsp?regulog_id=3325

MOTIF FabT_Streptococcaceae MarR-family

letter-probability matrix: alength= 4 w= 17 nsites= 56 E= 0
  0.714286	  0.053571	  0.160714	  0.071429	
  0.392857	  0.196429	  0.267857	  0.142857	
  0.000000	  0.000000	  0.000000	  1.000000	
  0.000000	  0.000000	  0.000000	  1.000000	
  0.000000	  0.053571	  0.000000	  0.946429	
  0.000000	  0.000000	  0.964286	  0.035714	
  0.946429	  0.000000	  0.017857	  0.035714	
  0.142857	  0.250000	  0.000000	  0.607143	
  0.392857	  0.000000	  0.000000	  0.607143	
  0.428571	  0.000000	  0.303571	  0.267857	
  0.035714	  0.000000	  0.000000	  0.964286	
  0.035714	  0.875000	  0.053571	  0.035714	
  0.964286	  0.000000	  0.035714	  0.000000	
  1.000000	  0.000000	  0.000000	  0.000000	
  1.000000	  0.000000	  0.000000	  0.000000	
  0.125000	  0.053571	  0.267857	  0.553571	
  0.089286	  0.178571	  0.053571	  0.678571	

URL http://regprecise.lbl.gov/RegPrecise/regulog.jsp?regulog_id=3571

MOTIF YjdR_Streptococcaceae MarR-family

letter-probability matrix: alength= 4 w= 20 nsites= 21 E= 0
  0.952381	  0.000000	  0.000000	  0.047619	
  0.000000	  0.000000	  0.000000	  1.000000	
  0.809524	  0.000000	  0.095238	  0.095238	
  0.047619	  0.000000	  0.952381	  0.000000	
  0.000000	  0.000000	  0.000000	  1.000000	
  0.000000	  0.000000	  0.000000	  1.000000	
  0.142857	  0.761905	  0.000000	  0.095238	
  0.000000	  0.047619	  0.000000	  0.952381	
  0.000000	  0.904762	  0.000000	  0.095238	
  0.761905	  0.095238	  0.000000	  0.142857	
  0.333333	  0.238095	  0.047619	  0.380952	
  0.142857	  0.000000	  0.857143	  0.000000	
  0.666667	  0.000000	  0.333333	  0.000000	
  0.190476	  0.000000	  0.571429	  0.238095	
  1.000000	  0.000000	  0.000000	  0.000000	
  1.000000	  0.000000	  0.000000	  0.000000	
  0.000000	  0.952381	  0.000000	  0.047619	
  0.000000	  0.000000	  0.000000	  1.000000	
  0.809524	  0.000000	  0.000000	  0.190476	
  0.523810	  0.000000	  0.000000	  0.476190	

URL http://regprecise.lbl.gov/RegPrecise/regulog.jsp?regulog_id=3629

MOTIF AdcR_Streptococcaceae MarR-family

letter-probability matrix: alength= 4 w= 16 nsites= 72 E= 0
  0.736111	  0.027778	  0.069444	  0.166667	
  0.652778	  0.305556	  0.013889	  0.027778	
  0.000000	  0.000000	  0.000000	  1.000000	
  0.027778	  0.000000	  0.000000	  0.972222	
  0.902778	  0.000000	  0.013889	  0.083333	
  0.986111	  0.000000	  0.000000	  0.013889	
  0.013889	  0.986111	  0.000000	  0.000000	
  0.013889	  0.333333	  0.000000	  0.652778	
  0.486111	  0.000000	  0.513889	  0.000000	
  0.000000	  0.000000	  1.000000	  0.000000	
  0.000000	  0.000000	  0.000000	  1.000000	
  0.166667	  0.027778	  0.013889	  0.791667	
  0.986111	  0.013889	  0.000000	  0.000000	
  1.000000	  0.000000	  0.000000	  0.000000	
  0.069444	  0.180556	  0.305556	  0.444444	
  0.333333	  0.041667	  0.083333	  0.541667	

URL http://regprecise.lbl.gov/RegPrecise/regulog.jsp?regulog_id=3633

MOTIF RosR_Corynebacteriaceae MarR-family

letter-probability matrix: alength= 4 w= 18 nsites= 43 E= 0
  0.046512	  0.000000	  0.000000	  0.953488	
  0.162791	  0.046512	  0.000000	  0.790698	
  0.000000	  0.000000	  0.976744	  0.023256	
  0.116279	  0.000000	  0.139535	  0.744186	
  0.023256	  0.000000	  0.023256	  0.953488	
  0.000000	  0.000000	  1.000000	  0.000000	
  0.837209	  0.046512	  0.046512	  0.069767	
  0.023256	  0.465116	  0.000000	  0.511628	
  0.744186	  0.000000	  0.232558	  0.023256	
  0.046512	  0.302326	  0.000000	  0.651163	
  0.581395	  0.000000	  0.395349	  0.023256	
  0.069767	  0.000000	  0.116279	  0.813953	
  0.000000	  0.953488	  0.023256	  0.023256	
  0.790698	  0.139535	  0.023256	  0.046512	
  0.674419	  0.162791	  0.000000	  0.162791	
  0.162791	  0.744186	  0.046512	  0.046512	
  0.511628	  0.023256	  0.093023	  0.372093	
  0.860465	  0.069767	  0.023256	  0.046512	

URL http://regprecise.lbl.gov/RegPrecise/regulog.jsp?regulog_id=3722

MOTIF Cg1211_Corynebacteriaceae MarR-family

letter-probability matrix: alength= 4 w= 17 nsites= 12 E= 0
  0.500000	  0.000000	  0.083333	  0.416667	
  0.500000	  0.000000	  0.083333	  0.416667	
  0.000000	  0.000000	  0.000000	  1.000000	
  0.000000	  0.000000	  0.000000	  1.000000	
  0.000000	  0.000000	  1.000000	  0.000000	
  0.000000	  0.583333	  0.000000	  0.416667	
  1.000000	  0.000000	  0.000000	  0.000000	
  0.000000	  0.083333	  0.000000	  0.916667	
  0.000000	  0.500000	  0.500000	  0.000000	
  0.916667	  0.000000	  0.083333	  0.000000	
  0.000000	  0.000000	  0.000000	  1.000000	
  0.416667	  0.000000	  0.583333	  0.000000	
  0.000000	  1.000000	  0.000000	  0.000000	
  1.000000	  0.000000	  0.000000	  0.000000	
  1.000000	  0.000000	  0.000000	  0.000000	
  0.416667	  0.083333	  0.000000	  0.500000	
  0.416667	  0.083333	  0.000000	  0.500000	

URL http://regprecise.lbl.gov/RegPrecise/regulog.jsp?regulog_id=3917

MOTIF SAG1910_Streptococcaceae MarR-family

letter-probability matrix: alength= 4 w= 18 nsites= 24 E= 0
  0.458333	  0.041667	  0.000000	  0.500000	
  0.875000	  0.000000	  0.125000	  0.000000	
  0.208333	  0.041667	  0.041667	  0.708333	
  0.125000	  0.375000	  0.000000	  0.500000	
  0.916667	  0.000000	  0.083333	  0.000000	
  0.041667	  0.958333	  0.000000	  0.000000	
  0.000000	  0.000000	  0.000000	  1.000000	
  1.000000	  0.000000	  0.000000	  0.000000	
  0.458333	  0.291667	  0.000000	  0.250000	
  0.291667	  0.083333	  0.083333	  0.541667	
  0.000000	  0.041667	  0.000000	  0.958333	
  1.000000	  0.000000	  0.000000	  0.000000	
  0.000000	  0.000000	  0.958333	  0.041667	
  0.000000	  0.041667	  0.000000	  0.958333	
  0.500000	  0.000000	  0.416667	  0.083333	
  0.791667	  0.000000	  0.125000	  0.083333	
  0.041667	  0.166667	  0.000000	  0.791667	
  0.875000	  0.000000	  0.000000	  0.125000	

URL http://regprecise.lbl.gov/RegPrecise/regulog.jsp?regulog_id=4629

MOTIF LBA0573_Lactobacillaceae MarR-family

letter-probability matrix: alength= 4 w= 18 nsites= 7 E= 0
  0.142857	  0.000000	  0.000000	  0.857143	
  0.857143	  0.000000	  0.142857	  0.000000	
  0.142857	  0.000000	  0.857143	  0.000000	
  0.000000	  0.000000	  0.000000	  1.000000	
  0.142857	  0.714286	  0.142857	  0.000000	
  0.000000	  0.571429	  0.000000	  0.428571	
  0.714286	  0.285714	  0.000000	  0.000000	
  0.000000	  0.285714	  0.000000	  0.714286	
  0.857143	  0.000000	  0.142857	  0.000000	
  0.142857	  0.285714	  0.000000	  0.571429	
  0.857143	  0.000000	  0.142857	  0.000000	
  0.142857	  0.000000	  0.428571	  0.428571	
  0.285714	  0.000000	  0.714286	  0.000000	
  0.000000	  0.000000	  0.714286	  0.285714	
  1.000000	  0.000000	  0.000000	  0.000000	
  0.000000	  1.000000	  0.000000	  0.000000	
  0.000000	  0.000000	  0.000000	  1.000000	
  1.000000	  0.000000	  0.000000	  0.000000	

URL http://regprecise.lbl.gov/RegPrecise/regulog.jsp?regulog_id=4743

MOTIF DVU0525_Desulfovibrionales MarR-family

letter-probability matrix: alength= 4 w= 16 nsites= 6 E= 0
  0.666667	  0.000000	  0.000000	  0.333333	
  0.166667	  0.000000	  0.833333	  0.000000	
  0.000000	  0.000000	  0.000000	  1.000000	
  0.000000	  0.000000	  0.000000	  1.000000	
  0.000000	  0.000000	  1.000000	  0.000000	
  0.500000	  0.500000	  0.000000	  0.000000	
  0.166667	  0.666667	  0.000000	  0.166667	
  0.333333	  0.166667	  0.000000	  0.500000	
  0.833333	  0.000000	  0.000000	  0.166667	
  0.166667	  0.166667	  0.500000	  0.166667	
  0.000000	  0.000000	  0.333333	  0.666667	
  0.000000	  1.000000	  0.000000	  0.000000	
  1.000000	  0.000000	  0.000000	  0.000000	
  1.000000	  0.000000	  0.000000	  0.000000	
  0.000000	  0.833333	  0.000000	  0.166667	
  0.666667	  0.000000	  0.000000	  0.333333	

URL http://regprecise.lbl.gov/RegPrecise/regulog.jsp?regulog_id=4960

MOTIF HmgS_Alteromonadales MarR-family

letter-probability matrix: alength= 4 w= 16 nsites= 6 E= 0
  0.000000	  0.000000	  0.500000	  0.500000	
  0.000000	  0.000000	  0.000000	  1.000000	
  0.000000	  0.000000	  1.000000	  0.000000	
  1.000000	  0.000000	  0.000000	  0.000000	
  0.500000	  0.000000	  0.500000	  0.000000	
  0.833333	  0.000000	  0.000000	  0.166667	
  0.166667	  0.333333	  0.166667	  0.333333	
  0.000000	  0.000000	  0.000000	  1.000000	
  1.000000	  0.000000	  0.000000	  0.000000	
  0.333333	  0.166667	  0.333333	  0.166667	
  0.166667	  0.000000	  0.000000	  0.833333	
  0.000000	  0.500000	  0.000000	  0.500000	
  0.000000	  0.000000	  0.000000	  1.000000	
  0.000000	  1.000000	  0.000000	  0.000000	
  1.000000	  0.000000	  0.000000	  0.000000	
  0.500000	  0.500000	  0.000000	  0.000000	

URL http://regprecise.lbl.gov/RegPrecise/regulog.jsp?regulog_id=6186

MOTIF BlaI_Staphylococcaceae MarR-family

letter-probability matrix: alength= 4 w= 18 nsites= 16 E= 0
  1.000000	  0.000000	  0.000000	  0.000000	
  0.250000	  0.000000	  0.000000	  0.750000	
  1.000000	  0.000000	  0.000000	  0.000000	
  0.000000	  0.000000	  0.000000	  1.000000	
  0.000000	  0.000000	  0.000000	  1.000000	
  1.000000	  0.000000	  0.000000	  0.000000	
  0.000000	  1.000000	  0.000000	  0.000000	
  1.000000	  0.000000	  0.000000	  0.000000	
  0.812500	  0.000000	  0.187500	  0.000000	
  0.000000	  0.187500	  0.000000	  0.812500	
  0.000000	  0.000000	  0.000000	  1.000000	
  0.000000	  0.000000	  1.000000	  0.000000	
  0.000000	  0.000000	  0.000000	  1.000000	
  1.000000	  0.000000	  0.000000	  0.000000	
  1.000000	  0.000000	  0.000000	  0.000000	
  0.000000	  0.000000	  0.000000	  1.000000	
  0.750000	  0.000000	  0.000000	  0.250000	
  0.000000	  0.000000	  0.000000	  1.000000	

URL http://regprecise.lbl.gov/RegPrecise/regulog.jsp?regulog_id=661

MOTIF MecI_Staphylococcaceae MarR-family

letter-probability matrix: alength= 4 w= 18 nsites= 4 E= 0
  1.000000	  0.000000	  0.000000	  0.000000	
  0.000000	  0.000000	  0.250000	  0.750000	
  1.000000	  0.000000	  0.000000	  0.000000	
  0.000000	  0.750000	  0.000000	  0.250000	
  0.000000	  0.000000	  0.000000	  1.000000	
  1.000000	  0.000000	  0.000000	  0.000000	
  0.000000	  1.000000	  0.000000	  0.000000	
  1.000000	  0.000000	  0.000000	  0.000000	
  0.500000	  0.000000	  0.000000	  0.500000	
  0.500000	  0.000000	  0.000000	  0.500000	
  0.000000	  0.000000	  0.000000	  1.000000	
  0.000000	  0.000000	  1.000000	  0.000000	
  0.000000	  0.000000	  0.000000	  1.000000	
  1.000000	  0.000000	  0.000000	  0.000000	
  0.250000	  0.000000	  0.750000	  0.000000	
  0.000000	  0.000000	  0.000000	  1.000000	
  0.750000	  0.250000	  0.000000	  0.000000	
  0.000000	  0.000000	  0.000000	  1.000000	

URL http://regprecise.lbl.gov/RegPrecise/regulog.jsp?regulog_id=683

MOTIF MepR_Staphylococcaceae MarR-family

letter-probability matrix: alength= 4 w= 18 nsites= 12 E= 0
  0.000000	  0.083333	  0.000000	  0.916667	
  0.500000	  0.166667	  0.000000	  0.333333	
  0.250000	  0.000000	  0.750000	  0.000000	
  0.000000	  0.000000	  0.000000	  1.000000	
  0.000000	  0.000000	  0.000000	  1.000000	
  1.000000	  0.000000	  0.000000	  0.000000	
  0.000000	  0.000000	  1.000000	  0.000000	
  0.833333	  0.000000	  0.083333	  0.083333	
  0.250000	  0.333333	  0.000000	  0.416667	
  0.666667	  0.166667	  0.083333	  0.083333	
  0.000000	  0.000000	  0.083333	  0.916667	
  0.000000	  0.916667	  0.000000	  0.083333	
  0.000000	  0.000000	  0.000000	  1.000000	
  1.000000	  0.000000	  0.000000	  0.000000	
  1.000000	  0.000000	  0.000000	  0.000000	
  0.083333	  0.500000	  0.000000	  0.416667	
  0.083333	  0.000000	  0.250000	  0.666667	
  0.833333	  0.000000	  0.083333	  0.083333	

URL http://regprecise.lbl.gov/RegPrecise/regulog.jsp?regulog_id=684

MOTIF PecS_Pectobacterium MarR_family

letter-probability matrix: alength= 4 w= 20 nsites= 8 E= 1.1e-009
0.062500 0.000000 0.125000 0.812500
0.000000 0.000000 0.125000 0.875000
0.875000 0.000000 0.125000 0.000000
0.000000 0.375000 0.250000 0.375000
0.000000 0.875000 0.000000 0.125000
0.125000 0.000000 0.125000 0.750000
0.000000 0.000000 0.000000 1.000000
0.000000 0.187500 0.812500 0.000000
1.000000 0.000000 0.000000 0.000000
0.562498 0.437499 0.000000 0.000000
0.000000 0.000000 0.437500 0.562499
0.000000 0.000000 0.000000 0.999999
0.000000 0.812499 0.187499 0.000000
0.999999 0.000000 0.000000 0.000000
0.749999 0.124999 0.000000 0.124999
0.124999 0.000000 0.874999 0.000000
0.374999 0.249999 0.374999 0.000000
0.000000 0.124999 0.000000 0.874999
0.874999 0.124999 0.000000 0.000000
0.812499 0.124999 0.000000 0.062499

URL https://github.com/nikolaichik/sigmoid

MOTIF PchR_Bsubtilis MarR_family

letter-probability matrix: alength= 4 w= 14 nsites= 10 E= 4.8e-031
0.050000 0.000000 0.950000 0.000000
0.000000 0.000000 0.000000 1.000000
0.000000 0.000000 0.000000 1.000000
0.250000 0.150000 0.000000 0.600000
0.850000 0.100000 0.000000 0.050000
0.150000 0.750000 0.000000 0.100000
0.000000 0.299999 0.049999 0.649999
0.650000 0.050000 0.299999 0.000000
0.099999 0.000000 0.749999 0.149999
0.049999 0.000000 0.099999 0.849999
0.599999 0.000000 0.149999 0.249999
0.999999 0.000000 0.000000 0.000000
0.999999 0.000000 0.000000 0.000000

URL http://dx.doi.org/10.1186/s12866-016-0807-3

MOTIF SCO3205 MarR_family

letter-probability matrix: alength= 4 w= 12 nsites= 5 E= 1.4e-001
0.000000 0.000000 0.000000 1.000000
0.000000 0.000000 0.000000 1.000000
0.000000 0.100000 0.800000 0.100000
1.000000 0.000000 0.000000 0.000000
0.700000 0.000000 0.300000 0.000000
0.299999 0.299999 0.199998 0.199998
0.199999 0.199999 0.300000 0.300000
0.000000 0.299999 0.000000 0.699999
0.000000 0.000000 0.000000 0.999999
0.099999 0.799999 0.099999 0.000000
0.999999 0.000000 0.000000 0.000000
0.999999 0.000000 0.000000 0.000000
0.000000 0.949999 0.000000 0.049999

URL http://dx.doi.org/10.1093/nar/gkt523

MOTIF MosR_Mtuberculosis MarR_family

letter-probability matrix: alength= 4 w= 14 nsites= 6 E= 1.3e-004
0.083333 0.416667 0.250000 0.250000
0.083333 0.000000 0.916667 0.000000
0.083333 0.083333 0.000000 0.833333
0.000000 0.083333 0.750000 0.166667
0.000000 0.250000 0.083333 0.666667
0.916667 0.000000 0.083333 0.000000
0.083332 0.083332 0.833332 0.000000
0.000000 0.833333 0.083333 0.083333
0.000000 0.083332 0.000000 0.916666
0.666666 0.083332 0.249999 0.000000
0.166666 0.749999 0.083332 0.000000
0.833332 0.000000 0.083332 0.083332
0.000000 0.916666 0.000000 0.083332
0.249999 0.249999 0.416666 0.083332

URL http://dx.doi.org/10.1074/jbc.M112.388611

MOTIF MftR_Burkholderia MarR_family

letter-probability matrix: alength= 4 w= 24 nsites= 6 E= 6.3e-021 
 1.000000  0.000000  0.000000  0.000000 
 0.250000  0.250000  0.250000  0.250000 
 0.083333  0.250000  0.000000  0.666667 
 0.000000  0.000000  0.000000  1.000000 
 0.583333  0.000000  0.416667  0.000000 
 0.000000  0.083333  0.000000  0.916667 
 0.000000  1.000000  0.000000  0.000000 
 0.000000  0.000000  0.000000  1.000000 
 0.083333  0.333333  0.000000  0.583333 
 0.000000  0.083333  0.750000  0.166667 
 0.916667  0.000000  0.083333  0.000000 
 0.000000  0.749998  0.000000  0.249998 
 0.249999  0.000000  0.749999  0.000000 
 0.000000  0.083332  0.000000  0.916666 
 0.166666  0.749999  0.083332  0.000000 
 0.583332  0.000000  0.333332  0.083332 
 0.999999  0.000000  0.000000  0.000000 
 0.000000  0.000000  0.999999  0.000000 
 0.916666  0.000000  0.083332  0.000000 
 0.000000  0.416666  0.000000  0.583332 
 0.999999  0.000000  0.000000  0.000000 
 0.666666  0.000000  0.249999  0.083332 
 0.249999  0.249999  0.249999  0.249999 
 0.000000  0.000000  0.000000  0.999999 

URL http://dx.doi.org/10.1039/c0mb00086h

MOTIF OhrR_Bacillaceae MarR_family

letter-probability matrix: alength= 4 w= 27 nsites= 6 E= 1.5e-023 
 1.000000  0.000000  0.000000  0.000000 
 0.000000  0.000000  0.000000  1.000000 
 0.000000  0.000000  0.000000  1.000000 
 0.083333  0.000000  0.583333  0.333333 
 0.083333  0.000000  0.000000  0.916667 
 0.333333  0.166667  0.500000  0.000000 
 0.083333  0.166667  0.000000  0.750000 
 1.000000  0.000000  0.000000  0.000000 
 0.000000  1.000000  0.000000  0.000000 
 1.000000  0.000000  0.000000  0.000000 
 1.000000  0.000000  0.000000  0.000000 
 0.000000  0.000000  0.000000  1.000000 
 0.083332  0.083332  0.000000  0.833332 
 0.249998  0.249998  0.249999  0.249999 
 0.833333  0.000000  0.083333  0.083333 
 0.999999  0.000000  0.000000  0.000000 
 0.000000  0.000000  0.000000  0.999999 
 0.000000  0.000000  0.000000  0.999999 
 0.000000  0.000000  0.999999  0.000000 
 0.000000  0.000000  0.000000  0.999999 
 0.749999  0.000000  0.166666  0.083332 
 0.000000  0.499999  0.166666  0.333332 
 0.916666  0.000000  0.000000  0.083332 
 0.333332  0.583332  0.000000  0.083332 
 0.999999  0.000000  0.000000  0.000000 
 0.999999  0.000000  0.000000  0.000000 
 0.000000  0.000000  0.000000  0.999999 

URL http://dx.doi.org/10.1016/j.molcel.2005.09.013

MOTIF SlyA_Senterica MarR_family

letter-probability matrix: alength= 4 w= 16 nsites= 11 E= 4.8e-026
0.954545 0.000000 0.000000 0.045455
0.454545 0.363636 0.090909 0.090909
0.000000 0.045455 0.000000 0.954545
0.000000 0.000000 0.000000 1.000000
1.000000 0.000000 0.000000 0.000000
0.000000 0.000000 1.000000 0.000000
0.045455 0.954545 0.000000 0.000000
0.454544 0.000000 0.000000 0.545453
0.545454 0.000000 0.000000 0.454545
0.000000 0.000000 0.954544 0.045454
0.000000 0.999999 0.000000 0.000000
0.000000 0.000000 0.000000 0.999999
0.999999 0.000000 0.000000 0.000000
0.954544 0.000000 0.045454 0.000000
0.090908 0.090908 0.363635 0.454544
0.045454 0.000000 0.000000 0.954544

URL http://dx.doi.org/10.1074/jbc.M111.245258

MOTIF TamR_Scoelicolor MarR_family

letter-probability matrix: alength= 4 w= 18 nsites= 22 E= 3.6e-110
0.068182 0.045455 0.000000 0.886364
0.522727 0.272727 0.159091 0.045455
0.000000 0.000000 0.045455 0.954545
0.000000 1.000000 0.000000 0.000000
0.000000 0.000000 0.000000 1.000000
0.000000 0.431818 0.000000 0.568182
0.000000 0.022727 0.977273 0.000000
1.000000 0.000000 0.000000 0.000000
0.000000 0.545453 0.000000 0.454544
0.454545 0.000000 0.545454 0.000000
0.000000 0.000000 0.000000 0.999999
0.000000 0.977272 0.022726 0.000000
0.568181 0.000000 0.431817 0.000000
0.999999 0.000000 0.000000 0.000000
0.000000 0.000000 0.999999 0.000000
0.954544 0.045454 0.000000 0.000000
0.045454 0.159090 0.272726 0.522726
0.886363 0.000000 0.045454 0.068181

URL http://dx.doi.org/10.1111/mmi.12156

MOTIF TamR2_Scoelicolor MarR_family

letter-probability matrix: alength= 4 w= 21 nsites= 6 E= 3.7e-014
0.833333 0.000000 0.000000 0.166667
0.000000 0.000000 0.000000 1.000000
0.416667 0.166667 0.083333 0.333333
0.083333 0.000000 0.916667 0.000000
0.000000 0.000000 0.000000 1.000000
0.000000 0.000000 0.000000 1.000000
1.000000 0.000000 0.000000 0.000000
0.000000 0.000000 0.000000 1.000000
0.833333 0.000000 0.166667 0.000000
0.000000 0.249998 0.749998 0.000000
0.499999 0.000000 0.000000 0.500000
0.000000 0.749999 0.249999 0.000000
0.000000 0.166666 0.000000 0.833332
0.999999 0.000000 0.000000 0.000000
0.000000 0.000000 0.000000 0.999999
0.999999 0.000000 0.000000 0.000000
0.999999 0.000000 0.000000 0.000000
0.000000 0.916666 0.000000 0.083332
0.333332 0.083332 0.166666 0.416666
0.999999 0.000000 0.000000 0.000000
0.166666 0.000000 0.000000 0.833332

URL http://dx.doi.org/10.1128/JB.06817-11

MOTIF MarR_Enterobacteriales MarR_family

letter-probability matrix: alength= 4 w= 22 nsites= 12 E= 4.8e-032
0.375000 0.000000 0.000000 0.625000
0.625000 0.166667 0.083333 0.125000
0.041667 0.041667 0.000000 0.916667
0.458333 0.083333 0.208333 0.250000
0.291667 0.333333 0.250000 0.125000
0.000000 0.000000 0.000000 1.000000
0.000000 0.000000 0.000000 1.000000
0.000000 0.000000 0.958333 0.041667
0.000000 1.000000 0.000000 0.000000
0.041667 0.833333 0.000000 0.125000
0.166665 0.416665 0.041665 0.374999
0.375000 0.041666 0.416666 0.166666
0.124999 0.000000 0.833332 0.041666
0.000000 0.000000 0.999999 0.000000
0.041666 0.958332 0.000000 0.000000
0.999999 0.000000 0.000000 0.000000
0.999999 0.000000 0.000000 0.000000
0.124999 0.249999 0.333332 0.291666
0.249999 0.208332 0.083332 0.458332
0.916666 0.000000 0.041666 0.041666
0.124999 0.083332 0.166666 0.624999
0.624999 0.000000 0.000000 0.374999

URL https://www.ncbi.nlm.nih.gov/pmc/articles/PMC41713/

