MEME version 4

ALPHABET= ACGT

strands: + -

Background letter frequencies (from uniform background):
A 0.25000 C 0.25000 G 0.25000 T 0.25000 

MOTIF ModE_Ralstonia ModE-family

letter-probability matrix: alength= 4 w= 28 nsites= 8 E= 0
  0.250000	  0.250000	  0.375000	  0.125000	
  0.000000	  0.125000	  0.750000	  0.125000	
  0.000000	  1.000000	  0.000000	  0.000000	
  0.000000	  0.000000	  1.000000	  0.000000	
  0.000000	  0.500000	  0.000000	  0.500000	
  0.000000	  0.000000	  0.000000	  1.000000	
  1.000000	  0.000000	  0.000000	  0.000000	
  0.000000	  0.000000	  0.000000	  1.000000	
  1.000000	  0.000000	  0.000000	  0.000000	
  0.000000	  0.000000	  0.000000	  1.000000	
  0.625000	  0.375000	  0.000000	  0.000000	
  0.000000	  0.750000	  0.250000	  0.000000	
  0.500000	  0.125000	  0.375000	  0.000000	
  0.125000	  0.375000	  0.375000	  0.125000	
  0.250000	  0.375000	  0.250000	  0.125000	
  0.000000	  0.875000	  0.125000	  0.000000	
  0.000000	  0.125000	  0.500000	  0.375000	
  0.000000	  0.000000	  0.000000	  1.000000	
  1.000000	  0.000000	  0.000000	  0.000000	
  0.000000	  0.000000	  0.000000	  1.000000	
  1.000000	  0.000000	  0.000000	  0.000000	
  0.000000	  0.000000	  0.000000	  1.000000	
  0.000000	  0.000000	  0.000000	  1.000000	
  0.250000	  0.000000	  0.625000	  0.125000	
  0.000000	  1.000000	  0.000000	  0.000000	
  0.000000	  0.000000	  1.000000	  0.000000	
  0.250000	  0.625000	  0.125000	  0.000000	
  0.125000	  0.375000	  0.250000	  0.250000	

URL http://regprecise.lbl.gov/RegPrecise/regulog.jsp?regulog_id=1089

MOTIF ModE_Enterobacteriales ModE-family

letter-probability matrix: alength= 4 w= 24 nsites= 55 E= 0
  0.018182	  0.981818	  0.000000	  0.000000	
  0.054545	  0.000000	  0.927273	  0.018182	
  0.072727	  0.436364	  0.018182	  0.472727	
  0.036364	  0.018182	  0.000000	  0.945455	
  0.818182	  0.000000	  0.181818	  0.000000	
  0.000000	  0.000000	  0.000000	  1.000000	
  0.963636	  0.000000	  0.036364	  0.000000	
  0.000000	  0.000000	  0.000000	  1.000000	
  0.690909	  0.036364	  0.000000	  0.272727	
  0.509091	  0.127273	  0.018182	  0.345455	
  0.381818	  0.054545	  0.036364	  0.527273	
  0.272727	  0.181818	  0.036364	  0.509091	
  0.418182	  0.054545	  0.236364	  0.290909	
  0.490909	  0.090909	  0.072727	  0.345455	
  0.236364	  0.218182	  0.109091	  0.436364	
  0.000000	  0.000000	  0.018182	  0.981818	
  0.909091	  0.000000	  0.000000	  0.090909	
  0.018182	  0.200000	  0.036364	  0.745455	
  1.000000	  0.000000	  0.000000	  0.000000	
  0.000000	  0.109091	  0.000000	  0.890909	
  1.000000	  0.000000	  0.000000	  0.000000	
  0.490909	  0.000000	  0.400000	  0.109091	
  0.000000	  1.000000	  0.000000	  0.000000	
  0.000000	  0.036364	  0.945455	  0.018182	

URL http://regprecise.lbl.gov/RegPrecise/regulog.jsp?regulog_id=1154

MOTIF ModE_Pasteurellales ModE-family

letter-probability matrix: alength= 4 w= 28 nsites= 21 E= 0
  0.428571	  0.000000	  0.000000	  0.571429	
  0.238095	  0.095238	  0.095238	  0.571429	
  0.047619	  0.904762	  0.000000	  0.047619	
  0.333333	  0.000000	  0.666667	  0.000000	
  0.095238	  0.238095	  0.000000	  0.666667	
  0.000000	  0.000000	  0.000000	  1.000000	
  0.904762	  0.000000	  0.095238	  0.000000	
  0.000000	  0.000000	  0.000000	  1.000000	
  0.857143	  0.000000	  0.047619	  0.095238	
  0.095238	  0.047619	  0.000000	  0.857143	
  0.904762	  0.000000	  0.000000	  0.095238	
  0.571429	  0.095238	  0.000000	  0.333333	
  0.190476	  0.095238	  0.000000	  0.714286	
  0.190476	  0.095238	  0.000000	  0.714286	
  0.238095	  0.000000	  0.142857	  0.619048	
  0.428571	  0.000000	  0.142857	  0.428571	
  0.285714	  0.047619	  0.095238	  0.571429	
  0.000000	  0.000000	  0.095238	  0.904762	
  0.904762	  0.047619	  0.047619	  0.000000	
  0.095238	  0.047619	  0.000000	  0.857143	
  1.000000	  0.000000	  0.000000	  0.000000	
  0.000000	  0.000000	  0.000000	  1.000000	
  1.000000	  0.000000	  0.000000	  0.000000	
  0.666667	  0.000000	  0.047619	  0.285714	
  0.142857	  0.238095	  0.047619	  0.571429	
  0.000000	  0.047619	  0.523810	  0.428571	
  0.571429	  0.047619	  0.238095	  0.142857	
  0.666667	  0.000000	  0.047619	  0.285714	

URL http://regprecise.lbl.gov/RegPrecise/regulog.jsp?regulog_id=2294

MOTIF ModE_Pseudomonadaceae ModE-family

letter-probability matrix: alength= 4 w= 24 nsites= 9 E= 0
  0.000000	  1.000000	  0.000000	  0.000000	
  0.000000	  0.000000	  0.888889	  0.111111	
  0.000000	  0.888889	  0.000000	  0.111111	
  0.000000	  0.000000	  0.000000	  1.000000	
  1.000000	  0.000000	  0.000000	  0.000000	
  0.000000	  0.000000	  0.000000	  1.000000	
  1.000000	  0.000000	  0.000000	  0.000000	
  0.000000	  0.000000	  0.000000	  1.000000	
  0.777778	  0.111111	  0.000000	  0.111111	
  0.222222	  0.333333	  0.111111	  0.333333	
  0.333333	  0.111111	  0.000000	  0.555556	
  0.444444	  0.222222	  0.000000	  0.333333	
  0.444444	  0.333333	  0.111111	  0.111111	
  0.666667	  0.000000	  0.222222	  0.111111	
  0.333333	  0.444444	  0.222222	  0.000000	
  0.222222	  0.000000	  0.555556	  0.222222	
  0.666667	  0.333333	  0.000000	  0.000000	
  0.000000	  0.333333	  0.000000	  0.666667	
  1.000000	  0.000000	  0.000000	  0.000000	
  0.111111	  0.000000	  0.000000	  0.888889	
  1.000000	  0.000000	  0.000000	  0.000000	
  0.444444	  0.000000	  0.444444	  0.111111	
  0.222222	  0.777778	  0.000000	  0.000000	
  0.000000	  0.000000	  0.888889	  0.111111	

URL http://regprecise.lbl.gov/RegPrecise/regulog.jsp?regulog_id=2298

MOTIF ModE_Burkholderia ModE-family

letter-probability matrix: alength= 4 w= 24 nsites= 8 E= 0
  0.000000	  1.000000	  0.000000	  0.000000	
  0.000000	  0.000000	  1.000000	  0.000000	
  0.000000	  0.125000	  0.000000	  0.875000	
  0.000000	  0.000000	  0.000000	  1.000000	
  0.875000	  0.000000	  0.125000	  0.000000	
  0.000000	  0.125000	  0.000000	  0.875000	
  0.875000	  0.000000	  0.125000	  0.000000	
  0.875000	  0.000000	  0.000000	  0.125000	
  0.000000	  1.000000	  0.000000	  0.000000	
  0.000000	  0.875000	  0.125000	  0.000000	
  0.125000	  0.125000	  0.125000	  0.625000	
  0.000000	  0.375000	  0.375000	  0.250000	
  0.125000	  0.500000	  0.250000	  0.125000	
  0.125000	  0.750000	  0.125000	  0.000000	
  0.250000	  0.375000	  0.250000	  0.125000	
  0.000000	  0.000000	  0.000000	  1.000000	
  0.875000	  0.000000	  0.000000	  0.125000	
  0.000000	  0.125000	  0.000000	  0.875000	
  1.000000	  0.000000	  0.000000	  0.000000	
  0.000000	  0.125000	  0.000000	  0.875000	
  0.125000	  0.000000	  0.000000	  0.875000	
  1.000000	  0.000000	  0.000000	  0.000000	
  0.000000	  1.000000	  0.000000	  0.000000	
  0.000000	  0.000000	  1.000000	  0.000000	

URL http://regprecise.lbl.gov/RegPrecise/regulog.jsp?regulog_id=2302

MOTIF ModE_Comamonadaceae ModE-family

letter-probability matrix: alength= 4 w= 23 nsites= 10 E= 0
  0.000000	  1.000000	  0.000000	  0.000000	
  0.000000	  0.000000	  1.000000	  0.000000	
  0.000000	  1.000000	  0.000000	  0.000000	
  0.000000	  0.000000	  0.000000	  1.000000	
  1.000000	  0.000000	  0.000000	  0.000000	
  0.000000	  0.000000	  0.000000	  1.000000	
  0.000000	  0.000000	  0.000000	  1.000000	
  0.000000	  1.000000	  0.000000	  0.000000	
  0.500000	  0.400000	  0.000000	  0.100000	
  0.300000	  0.100000	  0.200000	  0.400000	
  0.300000	  0.200000	  0.000000	  0.500000	
  0.300000	  0.300000	  0.100000	  0.300000	
  0.400000	  0.000000	  0.300000	  0.300000	
  0.500000	  0.100000	  0.100000	  0.300000	
  0.100000	  0.000000	  0.300000	  0.600000	
  0.000000	  0.000000	  1.000000	  0.000000	
  1.000000	  0.000000	  0.000000	  0.000000	
  1.000000	  0.000000	  0.000000	  0.000000	
  0.000000	  0.000000	  0.000000	  1.000000	
  1.000000	  0.000000	  0.000000	  0.000000	
  0.000000	  0.000000	  1.000000	  0.000000	
  0.000000	  1.000000	  0.000000	  0.000000	
  0.000000	  0.000000	  1.000000	  0.000000	

URL http://regprecise.lbl.gov/RegPrecise/regulog.jsp?regulog_id=2303

MOTIF ModE_Rhizobiales ModE-family

letter-probability matrix: alength= 4 w= 22 nsites= 12 E= 0
  0.166667	  0.000000	  0.833333	  0.000000	
  0.166667	  0.166667	  0.000000	  0.666667	
  0.000000	  0.000000	  0.000000	  1.000000	
  0.750000	  0.000000	  0.250000	  0.000000	
  0.000000	  0.000000	  0.000000	  1.000000	
  1.000000	  0.000000	  0.000000	  0.000000	
  0.000000	  0.000000	  0.000000	  1.000000	
  0.250000	  0.083333	  0.000000	  0.666667	
  0.000000	  0.500000	  0.000000	  0.500000	
  0.166667	  0.250000	  0.333333	  0.250000	
  0.250000	  0.166667	  0.000000	  0.583333	
  0.250000	  0.166667	  0.333333	  0.250000	
  0.083333	  0.333333	  0.333333	  0.250000	
  0.250000	  0.166667	  0.583333	  0.000000	
  0.500000	  0.000000	  0.500000	  0.000000	
  0.916667	  0.000000	  0.083333	  0.000000	
  0.000000	  0.083333	  0.000000	  0.916667	
  1.000000	  0.000000	  0.000000	  0.000000	
  0.000000	  0.166667	  0.000000	  0.833333	
  0.833333	  0.000000	  0.000000	  0.166667	
  0.166667	  0.083333	  0.250000	  0.500000	
  0.000000	  0.916667	  0.000000	  0.083333	

URL http://regprecise.lbl.gov/RegPrecise/regulog.jsp?regulog_id=2305

MOTIF ModE2_Desulfovibrionales ModE-family

letter-probability matrix: alength= 4 w= 22 nsites= 48 E= 0
  0.354167	  0.166667	  0.250000	  0.229167	
  0.270833	  0.104167	  0.062500	  0.562500	
  0.020833	  0.000000	  0.020833	  0.958333	
  0.645833	  0.083333	  0.270833	  0.000000	
  0.020833	  0.000000	  0.020833	  0.958333	
  0.104167	  0.000000	  0.895833	  0.000000	
  0.000000	  0.375000	  0.000000	  0.625000	
  0.041667	  0.458333	  0.000000	  0.500000	
  0.520833	  0.083333	  0.000000	  0.395833	
  0.354167	  0.041667	  0.125000	  0.479167	
  0.375000	  0.083333	  0.041667	  0.500000	
  0.375000	  0.145833	  0.020833	  0.458333	
  0.312500	  0.125000	  0.041667	  0.520833	
  0.250000	  0.062500	  0.104167	  0.583333	
  0.437500	  0.041667	  0.500000	  0.020833	
  0.625000	  0.020833	  0.354167	  0.000000	
  0.000000	  0.958333	  0.000000	  0.041667	
  0.833333	  0.041667	  0.000000	  0.125000	
  0.041667	  0.041667	  0.104167	  0.812500	
  0.916667	  0.000000	  0.083333	  0.000000	
  0.458333	  0.020833	  0.125000	  0.395833	
  0.145833	  0.145833	  0.270833	  0.437500	

URL http://regprecise.lbl.gov/RegPrecise/regulog.jsp?regulog_id=3036

MOTIF ModE_Chlorobiales ModE-family

letter-probability matrix: alength= 4 w= 30 nsites= 25 E= 0
  0.240000	  0.160000	  0.120000	  0.480000	
  0.400000	  0.000000	  0.120000	  0.480000	
  0.120000	  0.280000	  0.160000	  0.440000	
  0.000000	  1.000000	  0.000000	  0.000000	
  0.000000	  0.000000	  1.000000	  0.000000	
  0.120000	  0.080000	  0.080000	  0.720000	
  0.080000	  0.000000	  0.000000	  0.920000	
  0.920000	  0.000000	  0.080000	  0.000000	
  0.000000	  0.000000	  0.000000	  1.000000	
  0.640000	  0.040000	  0.080000	  0.240000	
  0.160000	  0.160000	  0.000000	  0.680000	
  0.320000	  0.320000	  0.000000	  0.360000	
  0.240000	  0.440000	  0.000000	  0.320000	
  0.160000	  0.000000	  0.160000	  0.680000	
  0.280000	  0.160000	  0.120000	  0.440000	
  0.640000	  0.000000	  0.080000	  0.280000	
  0.760000	  0.080000	  0.000000	  0.160000	
  0.360000	  0.040000	  0.200000	  0.400000	
  0.200000	  0.120000	  0.200000	  0.480000	
  0.720000	  0.000000	  0.040000	  0.240000	
  0.120000	  0.480000	  0.000000	  0.400000	
  1.000000	  0.000000	  0.000000	  0.000000	
  0.000000	  0.080000	  0.000000	  0.920000	
  0.960000	  0.000000	  0.000000	  0.040000	
  0.960000	  0.000000	  0.000000	  0.040000	
  0.000000	  0.960000	  0.040000	  0.000000	
  0.000000	  0.000000	  1.000000	  0.000000	
  0.680000	  0.160000	  0.120000	  0.040000	
  0.680000	  0.080000	  0.080000	  0.160000	
  0.440000	  0.120000	  0.000000	  0.440000	

URL http://regprecise.lbl.gov/RegPrecise/regulog.jsp?regulog_id=5907

MOTIF ModE_Rhodospirillales ModE-family

letter-probability matrix: alength= 4 w= 27 nsites= 7 E= 0
  0.000000	  0.142857	  0.000000	  0.857143	
  0.000000	  1.000000	  0.000000	  0.000000	
  0.000000	  0.000000	  1.000000	  0.000000	
  0.142857	  0.428571	  0.142857	  0.285714	
  0.285714	  0.142857	  0.000000	  0.571429	
  1.000000	  0.000000	  0.000000	  0.000000	
  0.000000	  0.000000	  0.000000	  1.000000	
  0.714286	  0.000000	  0.142857	  0.142857	
  0.000000	  0.000000	  0.000000	  1.000000	
  0.857143	  0.000000	  0.000000	  0.142857	
  0.000000	  0.285714	  0.571429	  0.142857	
  0.142857	  0.285714	  0.000000	  0.571429	
  0.000000	  0.142857	  0.285714	  0.571429	
  0.000000	  0.428571	  0.285714	  0.285714	
  0.571429	  0.000000	  0.428571	  0.000000	
  0.428571	  0.142857	  0.285714	  0.142857	
  0.285714	  0.571429	  0.142857	  0.000000	
  0.142857	  0.000000	  0.000000	  0.857143	
  1.000000	  0.000000	  0.000000	  0.000000	
  0.142857	  0.571429	  0.000000	  0.285714	
  1.000000	  0.000000	  0.000000	  0.000000	
  0.000000	  0.000000	  0.000000	  1.000000	
  0.428571	  0.000000	  0.285714	  0.285714	
  0.285714	  0.142857	  0.285714	  0.285714	
  0.000000	  1.000000	  0.000000	  0.000000	
  0.000000	  0.000000	  1.000000	  0.000000	
  0.714286	  0.000000	  0.142857	  0.142857	

URL http://regprecise.lbl.gov/RegPrecise/regulog.jsp?regulog_id=5915

MOTIF FdsR_Ralstonia ModE-family

letter-probability matrix: alength= 4 w= 20 nsites= 14 E= 0
  1.000000	  0.000000	  0.000000	  0.000000	
  0.000000	  0.000000	  0.000000	  1.000000	
  1.000000	  0.000000	  0.000000	  0.000000	
  0.214286	  0.000000	  0.214286	  0.571429	
  0.000000	  0.000000	  1.000000	  0.000000	
  0.285714	  0.571429	  0.000000	  0.142857	
  0.428571	  0.000000	  0.071429	  0.500000	
  0.714286	  0.071429	  0.214286	  0.000000	
  0.500000	  0.000000	  0.000000	  0.500000	
  0.500000	  0.000000	  0.000000	  0.500000	
  0.500000	  0.000000	  0.000000	  0.500000	
  0.500000	  0.000000	  0.000000	  0.500000	
  0.000000	  0.214286	  0.071429	  0.714286	
  0.500000	  0.071429	  0.000000	  0.428571	
  0.142857	  0.000000	  0.571429	  0.285714	
  0.000000	  1.000000	  0.000000	  0.000000	
  0.571429	  0.214286	  0.000000	  0.214286	
  0.000000	  0.000000	  0.000000	  1.000000	
  1.000000	  0.000000	  0.000000	  0.000000	
  0.000000	  0.000000	  0.000000	  1.000000	

URL http://regprecise.lbl.gov/RegPrecise/regulog.jsp?regulog_id=5983

MOTIF ModE3_Ralstonia ModE-family

letter-probability matrix: alength= 4 w= 20 nsites= 12 E= 0
  0.000000	  0.000000	  0.000000	  1.000000	
  0.000000	  0.166667	  0.000000	  0.833333	
  0.916667	  0.000000	  0.083333	  0.000000	
  0.000000	  0.000000	  0.000000	  1.000000	
  0.000000	  0.000000	  1.000000	  0.000000	
  0.000000	  0.166667	  0.000000	  0.833333	
  0.166667	  0.333333	  0.000000	  0.500000	
  0.000000	  0.083333	  0.333333	  0.583333	
  0.083333	  0.333333	  0.333333	  0.250000	
  0.333333	  0.166667	  0.166667	  0.333333	
  0.333333	  0.166667	  0.166667	  0.333333	
  0.250000	  0.333333	  0.333333	  0.083333	
  0.583333	  0.333333	  0.083333	  0.000000	
  0.500000	  0.000000	  0.333333	  0.166667	
  0.833333	  0.000000	  0.166667	  0.000000	
  0.000000	  1.000000	  0.000000	  0.000000	
  1.000000	  0.000000	  0.000000	  0.000000	
  0.000000	  0.083333	  0.000000	  0.916667	
  0.833333	  0.000000	  0.166667	  0.000000	
  1.000000	  0.000000	  0.000000	  0.000000	

URL http://regprecise.lbl.gov/RegPrecise/regulog.jsp?regulog_id=5984

MOTIF FdsR_Alcaligenaceae ModE-family

letter-probability matrix: alength= 4 w= 20 nsites= 9 E= 0
  1.000000	  0.000000	  0.000000	  0.000000	
  0.000000	  0.000000	  0.000000	  1.000000	
  1.000000	  0.000000	  0.000000	  0.000000	
  0.000000	  0.000000	  0.000000	  1.000000	
  0.000000	  0.000000	  1.000000	  0.000000	
  0.000000	  0.111111	  0.000000	  0.888889	
  0.222222	  0.222222	  0.000000	  0.555556	
  0.555556	  0.111111	  0.111111	  0.222222	
  0.222222	  0.000000	  0.000000	  0.777778	
  0.111111	  0.000000	  0.111111	  0.777778	
  0.555556	  0.111111	  0.000000	  0.333333	
  0.666667	  0.111111	  0.000000	  0.222222	
  0.222222	  0.111111	  0.111111	  0.555556	
  0.444444	  0.000000	  0.000000	  0.555556	
  0.555556	  0.000000	  0.222222	  0.222222	
  0.000000	  1.000000	  0.000000	  0.000000	
  0.777778	  0.000000	  0.000000	  0.222222	
  0.000000	  0.000000	  0.000000	  1.000000	
  1.000000	  0.000000	  0.000000	  0.000000	
  0.000000	  0.000000	  0.000000	  1.000000	

URL http://regprecise.lbl.gov/RegPrecise/regulog.jsp?regulog_id=5986

MOTIF FdsR_Burkholderia ModE-family

letter-probability matrix: alength= 4 w= 21 nsites= 27 E= 0
  0.703704	  0.000000	  0.000000	  0.296296	
  0.000000    0.000000	  0.000000	  1.000000	
  1.000000	  0.000000	  0.000000	  0.000000	
  0.037037	  0.000000	  0.222222	  0.740741	
  0.000000	  0.000000	  1.000000	  0.000000	
  0.444444	  0.481481	  0.000000	  0.074074	
  0.777778	  0.000000	  0.185185	  0.037037	
  0.333333	  0.407407	  0.037037	  0.222222	
  0.037037	  0.222222	  0.037037	  0.703704	
  0.222222	  0.333333	  0.148148	  0.296296	
  0.111111	  0.407407	  0.407407	  0.074074	
  0.259259	  0.148148	  0.333333	  0.259259	
  0.666667	  0.037037	  0.259259	  0.037037	
  0.259259	  0.037037	  0.370370	  0.333333	
  0.037037	  0.148148	  0.000000	  0.814815	
  0.074074	  0.000000	  0.444444	  0.481481	
  0.000000	  1.000000	  0.000000	  0.000000	
  0.740741	  0.222222	  0.000000	  0.037037	
  0.000000	  0.000000	  0.000000	  1.000000	
  1.000000	  0.000000	  0.000000	  0.000000	
  0.296296	  0.000000	  0.000000	  0.703704	

URL http://regprecise.lbl.gov/RegPrecise/regulog.jsp?regulog_id=5990

MOTIF ModE3_Comamonadaceae ModE-family

letter-probability matrix: alength= 4 w= 20 nsites= 12 E= 0
  0.083333	  0.833333	  0.083333	  0.000000	
  0.000000	  0.000000	  0.000000	  1.000000	
  1.000000	  0.000000	  0.000000	  0.000000	
  0.000000	  0.000000	  0.000000	  1.000000	
  0.000000	  0.000000	  1.000000	  0.000000	
  0.000000	  1.000000	  0.000000	  0.000000	
  1.000000	  0.000000	  0.000000	  0.000000	
  0.583333	  0.166667	  0.166667	  0.083333	
  0.750000	  0.000000	  0.250000	  0.000000	
  0.166667	  0.416667	  0.083333	  0.333333	
  0.166667	  0.416667	  0.166667	  0.250000	
  0.166667	  0.250000	  0.333333	  0.250000	
  0.166667	  0.166667	  0.166667	  0.500000	
  0.000000	  0.000000	  0.000000	  1.000000	
  0.000000	  0.000000	  0.416667	  0.583333	
  0.000000	  1.000000	  0.000000	  0.000000	
  1.000000	  0.000000	  0.000000	  0.000000	
  0.000000	  0.000000	  0.000000	  1.000000	
  0.916667	  0.000000	  0.083333	  0.000000	
  0.250000	  0.083333	  0.416667	  0.250000	

URL http://regprecise.lbl.gov/RegPrecise/regulog.jsp?regulog_id=5991

MOTIF ModE2_Burkholderia ModE-family

letter-probability matrix: alength= 4 w= 24 nsites= 10 E= 0
  0.000000	  1.000000	  0.000000	  0.000000	
  0.000000	  0.000000	  1.000000	  0.000000	
  0.000000	  0.000000	  0.000000	  1.000000	
  0.800000	  0.000000	  0.000000	  0.200000	
  0.900000	  0.000000	  0.100000	  0.000000	
  0.000000	  0.000000	  0.000000	  1.000000	
  0.900000	  0.100000	  0.000000	  0.000000	
  0.200000	  0.000000	  0.000000	  0.800000	
  0.900000	  0.100000	  0.000000	  0.000000	
  0.000000	  0.800000	  0.200000	  0.000000	
  0.100000	  0.300000	  0.500000	  0.100000	
  0.000000	  0.200000	  0.200000	  0.600000	
  0.600000	  0.300000	  0.100000	  0.000000	
  0.500000	  0.200000	  0.100000	  0.200000	
  0.000000	  0.700000	  0.300000	  0.000000	
  0.000000	  0.000000	  0.200000	  0.800000	
  0.400000	  0.000000	  0.000000	  0.600000	
  0.100000	  0.600000	  0.000000	  0.300000	
  1.000000	  0.000000	  0.000000	  0.000000	
  0.000000	  0.200000	  0.000000	  0.800000	
  0.900000	  0.000000	  0.000000	  0.100000	
  1.000000	  0.000000	  0.000000	  0.000000	
  0.000000	  1.000000	  0.000000	  0.000000	
  0.000000	  0.000000	  1.000000	  0.000000	

URL http://regprecise.lbl.gov/RegPrecise/regulog.jsp?regulog_id=5995

MOTIF ModE2_Comamonadaceae ModE-family

letter-probability matrix: alength= 4 w= 28 nsites= 8 E= 0
  0.125000	  0.125000	  0.000000	  0.750000	
  0.250000	  0.000000	  0.250000	  0.500000	
  0.000000	  0.875000	  0.000000	  0.125000	
  0.125000	  0.000000	  0.875000	  0.000000	
  0.000000	  0.375000	  0.000000	  0.625000	
  0.000000	  0.250000	  0.000000	  0.750000	
  0.500000	  0.000000	  0.500000	  0.000000	
  0.000000	  0.000000	  0.000000	  1.000000	
  1.000000	  0.000000	  0.000000	  0.000000	
  0.000000	  0.000000	  0.125000	  0.875000	
  0.125000	  0.250000	  0.000000	  0.625000	
  0.000000	  0.500000	  0.125000	  0.375000	
  0.250000	  0.375000	  0.250000	  0.125000	
  0.625000	  0.125000	  0.125000	  0.125000	
  0.125000	  0.250000	  0.000000	  0.625000	
  0.000000	  0.375000	  0.250000	  0.375000	
  0.375000	  0.000000	  0.625000	  0.000000	
  0.750000	  0.000000	  0.125000	  0.125000	
  0.875000	  0.000000	  0.125000	  0.000000	
  0.000000	  0.125000	  0.000000	  0.875000	
  1.000000	  0.000000	  0.000000	  0.000000	
  0.000000	  0.125000	  0.000000	  0.875000	
  0.500000	  0.000000	  0.250000	  0.250000	
  0.375000	  0.000000	  0.375000	  0.250000	
  0.000000	  1.000000	  0.000000	  0.000000	
  0.250000	  0.000000	  0.750000	  0.000000	
  0.500000	  0.125000	  0.000000	  0.375000	
  0.750000	  0.000000	  0.125000	  0.125000	

URL http://regprecise.lbl.gov/RegPrecise/regulog.jsp?regulog_id=5998

MOTIF ModE_Shewanellaceae ModE-family

letter-probability matrix: alength= 4 w= 28 nsites= 10 E= 0
  0.900000	  0.100000	  0.000000	  0.000000	
  0.000000	  0.100000	  0.000000	  0.900000	
  0.000000	  1.000000	  0.000000	  0.000000	
  0.000000	  0.000000	  1.000000	  0.000000	
  0.600000	  0.000000	  0.000000	  0.400000	
  0.000000	  0.000000	  0.000000	  1.000000	
  1.000000	  0.000000	  0.000000	  0.000000	
  0.000000	  0.000000	  0.000000	  1.000000	
  1.000000	  0.000000	  0.000000	  0.000000	
  0.000000	  0.000000	  0.000000	  1.000000	
  1.000000	  0.000000	  0.000000	  0.000000	
  0.000000	  0.500000	  0.500000	  0.000000	
  0.500000	  0.500000	  0.000000	  0.000000	
  0.500000	  0.000000	  0.000000	  0.500000	
  0.500000	  0.000000	  0.000000	  0.500000	
  0.000000	  0.000000	  0.500000	  0.500000	
  0.000000	  0.500000	  0.500000	  0.000000	
  0.000000	  0.000000	  0.000000	  1.000000	
  1.000000	  0.000000	  0.000000	  0.000000	
  0.000000	  0.000000	  0.000000	  1.000000	
  1.000000	  0.000000	  0.000000	  0.000000	
  0.000000	  0.000000	  0.000000	  1.000000	
  1.000000	  0.000000	  0.000000	  0.000000	
  0.400000	  0.000000	  0.000000	  0.600000	
  0.000000	  1.000000	  0.000000	  0.000000	
  0.000000	  0.000000	  1.000000	  0.000000	
  0.900000	  0.000000	  0.100000	  0.000000	
  0.000000	  0.000000	  0.100000	  0.900000	

URL http://regprecise.lbl.gov/RegPrecise/regulog.jsp?regulog_id=603


