Converted 6 motifs.
0 conversion errors.
MEME version 4

ALPHABET= ACGT

strands: + -

Background letter frequencies (from uniform background):
A 0.25000 C 0.25000 G 0.25000 T 0.25000 

MOTIF NiaR_Streptococcaceae NiaR-family

letter-probability matrix: alength= 4 w= 22 nsites= 23 E= 0
  0.173913	  0.000000	  0.173913	  0.652174	
  0.782609	  0.086957	  0.000000	  0.130435	
  0.000000	  0.739130	  0.000000	  0.260870	
  0.652174	  0.000000	  0.000000	  0.347826	
  0.478261	  0.000000	  0.478261	  0.043478	
  0.086957	  0.130435	  0.565217	  0.217391	
  0.000000	  0.043478	  0.000000	  0.956522	
  0.000000	  0.000000	  1.000000	  0.000000	
  0.000000	  0.000000	  0.000000	  1.000000	
  0.260870	  0.739130	  0.000000	  0.000000	
  0.086957	  0.000000	  0.000000	  0.913043	
  0.260870	  0.000000	  0.000000	  0.739130	
  0.000000	  0.000000	  0.739130	  0.260870	
  0.956522	  0.000000	  0.043478	  0.000000	
  0.000000	  0.913043	  0.000000	  0.086957	
  1.000000	  0.000000	  0.000000	  0.000000	
  0.043478	  0.565217	  0.347826	  0.043478	
  0.217391	  0.434783	  0.000000	  0.347826	
  0.043478	  0.000000	  0.000000	  0.956522	
  0.260870	  0.000000	  0.739130	  0.000000	
  0.260870	  0.000000	  0.043478	  0.695652	
  0.608696	  0.217391	  0.043478	  0.130435	

URL http://regprecise.lbl.gov/RegPrecise/regulog.jsp?regulog_id=3495

MOTIF NiaR_Lactobacillaceae NiaR-family

letter-probability matrix: alength= 4 w= 22 nsites= 7 E= 0
  0.142857	  0.285714	  0.000000	  0.571429	
  0.428571	  0.000000	  0.000000	  0.571429	
  0.428571	  0.142857	  0.000000	  0.428571	
  0.571429	  0.000000	  0.285714	  0.142857	
  0.285714	  0.000000	  0.714286	  0.000000	
  0.285714	  0.000000	  0.714286	  0.000000	
  0.000000	  0.000000	  0.000000	  1.000000	
  0.000000	  0.000000	  1.000000	  0.000000	
  0.000000	  0.000000	  0.000000	  1.000000	
  0.000000	  0.857143	  0.142857	  0.000000	
  0.571429	  0.000000	  0.000000	  0.428571	
  0.571429	  0.000000	  0.000000	  0.428571	
  0.000000	  0.000000	  1.000000	  0.000000	
  1.000000	  0.000000	  0.000000	  0.000000	
  0.000000	  1.000000	  0.000000	  0.000000	
  1.000000	  0.000000	  0.000000	  0.000000	
  0.000000	  0.714286	  0.000000	  0.285714	
  0.000000	  0.714286	  0.000000	  0.285714	
  0.142857	  0.142857	  0.000000	  0.714286	
  0.571429	  0.000000	  0.285714	  0.142857	
  0.428571	  0.000000	  0.000000	  0.571429	
  0.571429	  0.000000	  0.142857	  0.285714	

URL http://regprecise.lbl.gov/RegPrecise/regulog.jsp?regulog_id=3497

MOTIF NiaR_Clostridia-3 NiaR-family

letter-probability matrix: alength= 4 w= 22 nsites= 18 E= 0
  0.388889	  0.166667	  0.111111	  0.333333	
  0.555556	  0.111111	  0.166667	  0.166667	
  0.000000	  0.833333	  0.000000	  0.166667	
  0.888889	  0.000000	  0.000000	  0.111111	
  0.444444	  0.000000	  0.166667	  0.388889	
  0.111111	  0.444444	  0.333333	  0.111111	
  0.000000	  0.000000	  0.000000	  1.000000	
  0.000000	  0.000000	  1.000000	  0.000000	
  0.388889	  0.000000	  0.000000	  0.611111	
  0.000000	  1.000000	  0.000000	  0.000000	
  0.388889	  0.000000	  0.000000	  0.611111	
  0.333333	  0.000000	  0.000000	  0.666667	
  0.000000	  0.000000	  0.944444	  0.055556	
  0.388889	  0.000000	  0.000000	  0.611111	
  0.000000	  1.000000	  0.000000	  0.000000	
  1.000000	  0.000000	  0.000000	  0.000000	
  0.000000	  0.666667	  0.222222	  0.111111	
  0.500000	  0.222222	  0.000000	  0.277778	
  0.000000	  0.000000	  0.000000	  1.000000	
  0.000000	  0.000000	  1.000000	  0.000000	
  0.111111	  0.000000	  0.000000	  0.888889	
  0.888889	  0.111111	  0.000000	  0.000000	

URL http://regprecise.lbl.gov/RegPrecise/regulog.jsp?regulog_id=4782

MOTIF NiaR_Clostridia-1 NiaR-family

letter-probability matrix: alength= 4 w= 22 nsites= 13 E= 0
  0.153846	  0.076923	  0.000000	  0.769231	
  0.769231	  0.000000	  0.000000	  0.230769	
  0.307692	  0.538462	  0.000000	  0.153846	
  0.307692	  0.000000	  0.000000	  0.692308	
  0.538462	  0.000000	  0.384615	  0.076923	
  0.461538	  0.076923	  0.461538	  0.000000	
  0.000000	  0.000000	  0.000000	  1.000000	
  0.000000	  0.000000	  1.000000	  0.000000	
  0.000000	  0.000000	  0.000000	  1.000000	
  1.000000	  0.000000	  0.000000	  0.000000	
  0.000000	  0.000000	  0.000000	  1.000000	
  1.000000	  0.000000	  0.000000	  0.000000	
  0.000000	  0.000000	  0.000000	  1.000000	
  1.000000	  0.000000	  0.000000	  0.000000	
  0.000000	  1.000000	  0.000000	  0.000000	
  1.000000	  0.000000	  0.000000	  0.000000	
  0.000000	  0.538462	  0.230769	  0.230769	
  0.230769	  0.230769	  0.076923	  0.461538	
  0.307692	  0.000000	  0.000000	  0.692308	
  0.076923	  0.000000	  0.923077	  0.000000	
  0.230769	  0.000000	  0.000000	  0.769231	
  0.692308	  0.076923	  0.076923	  0.153846	

URL http://regprecise.lbl.gov/RegPrecise/regulog.jsp?regulog_id=4793

MOTIF NiaR_Thermotogales NiaR-family

letter-probability matrix: alength= 4 w= 17 nsites= 13 E= 0
  0.000000	  0.000000	  0.000000	  1.000000	
  0.000000	  0.000000	  0.000000	  1.000000	
  0.000000	  0.000000	  0.153846	  0.846154	
  1.000000	  0.000000	  0.000000	  0.000000	
  0.000000	  1.000000	  0.000000	  0.000000	
  1.000000	  0.000000	  0.000000	  0.000000	
  0.000000	  0.000000	  0.846154	  0.153846	
  0.000000	  0.923077	  0.000000	  0.076923	
  0.846154	  0.000000	  0.000000	  0.153846	
  0.000000	  0.000000	  1.000000	  0.000000	
  0.000000	  0.153846	  0.846154	  0.000000	
  0.000000	  0.000000	  0.000000	  1.000000	
  0.000000	  0.000000	  1.000000	  0.000000	
  0.000000	  0.000000	  0.000000	  1.000000	
  0.923077	  0.000000	  0.000000	  0.076923	
  1.000000	  0.000000	  0.000000	  0.000000	
  1.000000	  0.000000	  0.000000	  0.000000	

URL http://regprecise.lbl.gov/RegPrecise/regulog.jsp?regulog_id=754

MOTIF NiaR_Bacillales NiaR-family

letter-probability matrix: alength= 4 w= 22 nsites= 26 E= 0
  0.192308	  0.038462	  0.115385	  0.653846	
  0.769231	  0.153846	  0.000000	  0.076923	
  0.269231	  0.307692	  0.038462	  0.384615	
  0.961538	  0.000000	  0.000000	  0.038462	
  0.153846	  0.153846	  0.346154	  0.346154	
  0.192308	  0.230769	  0.538462	  0.038462	
  0.000000	  0.000000	  0.000000	  1.000000	
  0.038462	  0.000000	  0.961538	  0.000000	
  0.038462	  0.000000	  0.000000	  0.961538	
  0.192308	  0.807692	  0.000000	  0.000000	
  0.538462	  0.000000	  0.000000	  0.461538	
  0.538462	  0.000000	  0.000000	  0.461538	
  0.000000	  0.000000	  0.923077	  0.076923	
  0.884615	  0.000000	  0.000000	  0.115385	
  0.000000	  0.961538	  0.000000	  0.038462	
  1.000000	  0.000000	  0.000000	  0.000000	
  0.038462	  0.346154	  0.384615	  0.230769	
  0.153846	  0.384615	  0.346154	  0.115385	
  0.038462	  0.000000	  0.038462	  0.923077	
  0.384615	  0.000000	  0.576923	  0.038462	
  0.076923	  0.000000	  0.076923	  0.846154	
  0.884615	  0.038462	  0.038462	  0.038462	

URL http://regprecise.lbl.gov/RegPrecise/regulog.jsp?regulog_id=782


