MEME version 4

ALPHABET= ACGT

strands: + -

Background letter frequencies (from uniform background):
A 0.25000 C 0.25000 G 0.25000 T 0.25000 

MOTIF NrdR_Ralstonia NrdR-family

letter-probability matrix: alength= 4 w= 16 nsites= 18 E= 0
  0.333333	  0.611111	  0.000000	  0.055556	
  0.055556	  0.944444	  0.000000	  0.000000	
  0.888889	  0.111111	  0.000000	  0.000000	
  0.000000	  1.000000	  0.000000	  0.000000	
  0.166667	  0.166667	  0.000000	  0.666667	
  0.944444	  0.000000	  0.055556	  0.000000	
  0.000000	  0.333333	  0.111111	  0.555556	
  0.944444	  0.055556	  0.000000	  0.000000	
  0.000000	  0.111111	  0.000000	  0.888889	
  0.166667	  0.388889	  0.277778	  0.166667	
  0.000000	  0.000000	  0.111111	  0.888889	
  0.888889	  0.000000	  0.055556	  0.055556	
  0.000000	  0.000000	  1.000000	  0.000000	
  0.000000	  0.055556	  0.055556	  0.888889	
  0.333333	  0.000000	  0.666667	  0.000000	
  0.000000	  0.388889	  0.388889	  0.222222	

URL http://regprecise.lbl.gov/RegPrecise/regulog.jsp?regulog_id=1078

MOTIF NrdR_Enterobacteriales NrdR-family

letter-probability matrix: alength= 4 w= 16 nsites= 70 E= 0
  0.328571	  0.285714	  0.071429	  0.314286	
  0.285714	  0.514286	  0.028571	  0.171429	
  0.357143	  0.414286	  0.057143	  0.171429	
  0.014286	  0.985714	  0.000000	  0.000000	
  0.228571	  0.157143	  0.000000	  0.614286	
  0.842857	  0.128571	  0.000000	  0.028571	
  0.000000	  0.371429	  0.000000	  0.628571	
  1.000000	  0.000000	  0.000000	  0.000000	
  0.000000	  0.000000	  0.014286	  0.985714	
  0.571429	  0.257143	  0.171429	  0.000000	
  0.000000	  0.000000	  0.014286	  0.985714	
  0.657143	  0.000000	  0.014286	  0.328571	
  0.000000	  0.000000	  0.971429	  0.028571	
  0.114286	  0.085714	  0.000000	  0.800000	
  0.442857	  0.042857	  0.428571	  0.085714	
  0.071429	  0.100000	  0.100000	  0.728571	

URL http://regprecise.lbl.gov/RegPrecise/regulog.jsp?regulog_id=1150

MOTIF NrdR_Bacillales NrdR-family

letter-probability matrix: alength= 4 w= 16 nsites= 27 E= 0
  0.555556	  0.222222	  0.074074	  0.148148	
  0.370370	  0.111111	  0.000000	  0.518519	
  0.777778	  0.037037	  0.000000	  0.185185	
  0.000000	  1.000000	  0.000000	  0.000000	
  0.444444	  0.037037	  0.037037	  0.481481	
  1.000000	  0.000000	  0.000000	  0.000000	
  0.000000	  0.111111	  0.037037	  0.851852	
  1.000000	  0.000000	  0.000000	  0.000000	
  0.000000	  0.000000	  0.000000	  1.000000	
  0.814815	  0.037037	  0.148148	  0.000000	
  0.000000	  0.000000	  0.000000	  1.000000	
  0.407407	  0.037037	  0.074074	  0.481481	
  0.000000	  0.000000	  1.000000	  0.000000	
  0.296296	  0.000000	  0.000000	  0.703704	
  0.259259	  0.000000	  0.592593	  0.148148	
  0.222222	  0.037037	  0.037037	  0.703704	

URL http://regprecise.lbl.gov/RegPrecise/regulog.jsp?regulog_id=1175

MOTIF NrdR_Corynebacteriaceae NrdR-family

letter-probability matrix: alength= 4 w= 16 nsites= 26 E= 0
  0.038462	  0.538462	  0.269231	  0.153846	
  0.038462	  0.576923	  0.038462	  0.346154	
  0.692308	  0.076923	  0.115385	  0.115385	
  0.000000	  1.000000	  0.000000	  0.000000	
  0.461538	  0.076923	  0.000000	  0.461538	
  1.000000	  0.000000	  0.000000	  0.000000	
  0.269231	  0.346154	  0.153846	  0.230769	
  0.807692	  0.000000	  0.192308	  0.000000	
  0.000000	  0.000000	  0.000000	  1.000000	
  0.384615	  0.192308	  0.423077	  0.000000	
  0.000000	  0.000000	  0.000000	  1.000000	
  0.653846	  0.000000	  0.076923	  0.269231	
  0.000000	  0.000000	  1.000000	  0.000000	
  0.076923	  0.038462	  0.076923	  0.807692	
  0.076923	  0.038462	  0.846154	  0.038462	
  0.038462	  0.269231	  0.346154	  0.346154	

URL http://regprecise.lbl.gov/RegPrecise/regulog.jsp?regulog_id=1472

MOTIF NrdR_Pasteurellales NrdR-family

letter-probability matrix: alength= 4 w= 16 nsites= 41 E= 0
  0.585366	  0.170732	  0.073171	  0.170732	
  0.268293	  0.634146	  0.000000	  0.097561	
  0.780488	  0.048780	  0.024390	  0.146341	
  0.000000	  1.000000	  0.000000	  0.000000	
  0.487805	  0.024390	  0.000000	  0.487805	
  0.853659	  0.048780	  0.000000	  0.097561	
  0.000000	  0.170732	  0.097561	  0.731707	
  1.000000	  0.000000	  0.000000	  0.000000	
  0.000000	  0.000000	  0.000000	  1.000000	
  0.585366	  0.365854	  0.048780	  0.000000	
  0.000000	  0.000000	  0.000000	  1.000000	
  0.414634	  0.000000	  0.024390	  0.560976	
  0.000000	  0.000000	  1.000000	  0.000000	
  0.024390	  0.000000	  0.097561	  0.878049	
  0.317073	  0.000000	  0.560976	  0.121951	
  0.073171	  0.073171	  0.292683	  0.560976	

URL http://regprecise.lbl.gov/RegPrecise/regulog.jsp?regulog_id=1663

MOTIF NrdR_Alteromonadales NrdR-family

letter-probability matrix: alength= 4 w= 16 nsites= 24 E= 0
  0.458333	  0.416667	  0.083333	  0.041667	
  0.041667	  0.833333	  0.000000	  0.125000	
  0.791667	  0.083333	  0.000000	  0.125000	
  0.000000	  1.000000	  0.000000	  0.000000	
  0.541667	  0.125000	  0.000000	  0.333333	
  0.666667	  0.208333	  0.000000	  0.125000	
  0.000000	  0.125000	  0.250000	  0.625000	
  1.000000	  0.000000	  0.000000	  0.000000	
  0.000000	  0.000000	  0.000000	  1.000000	
  0.541667	  0.416667	  0.041667	  0.000000	
  0.000000	  0.000000	  0.000000	  1.000000	
  0.208333	  0.041667	  0.041667	  0.708333	
  0.000000	  0.000000	  1.000000	  0.000000	
  0.000000	  0.000000	  0.041667	  0.958333	
  0.000000	  0.000000	  0.958333	  0.041667	
  0.250000	  0.166667	  0.208333	  0.375000	

URL http://regprecise.lbl.gov/RegPrecise/regulog.jsp?regulog_id=1664

MOTIF NrdR_Oceanospirillales/Alteromonadales NrdR-family

letter-probability matrix: alength= 4 w= 16 nsites= 39 E= 0
  0.410256	  0.410256	  0.102564	  0.076923	
  0.102564	  0.717949	  0.076923	  0.102564	
  0.538462	  0.282051	  0.179487	  0.000000	
  0.000000	  1.000000	  0.000000	  0.000000	
  0.230769	  0.307692	  0.000000	  0.461538	
  0.820513	  0.051282	  0.025641	  0.102564	
  0.000000	  0.282051	  0.051282	  0.666667	
  1.000000	  0.000000	  0.000000	  0.000000	
  0.000000	  0.000000	  0.051282	  0.948718	
  0.538462	  0.282051	  0.153846	  0.025641	
  0.000000	  0.076923	  0.000000	  0.923077	
  0.512821	  0.000000	  0.102564	  0.384615	
  0.000000	  0.000000	  1.000000	  0.000000	
  0.000000	  0.000000	  0.205128	  0.794872	
  0.153846	  0.000000	  0.717949	  0.128205	
  0.230769	  0.102564	  0.179487	  0.487179	

URL http://regprecise.lbl.gov/RegPrecise/regulog.jsp?regulog_id=1666

MOTIF NrdR_Pseudomonadaceae NrdR-family

letter-probability matrix: alength= 4 w= 16 nsites= 35 E= 0
  0.285714	  0.571429	  0.028571	  0.114286	
  0.028571	  0.971429	  0.000000	  0.000000	
  0.800000	  0.142857	  0.057143	  0.000000	
  0.000000	  1.000000	  0.000000	  0.000000	
  0.285714	  0.085714	  0.000000	  0.628571	
  0.885714	  0.028571	  0.000000	  0.085714	
  0.000000	  0.314286	  0.228571	  0.457143	
  0.971429	  0.000000	  0.028571	  0.000000	
  0.000000	  0.000000	  0.000000	  1.000000	
  0.571429	  0.142857	  0.285714	  0.000000	
  0.057143	  0.057143	  0.000000	  0.885714	
  0.457143	  0.000000	  0.057143	  0.485714	
  0.000000	  0.000000	  1.000000	  0.000000	
  0.028571	  0.285714	  0.314286	  0.371429	
  0.171429	  0.000000	  0.714286	  0.114286	
  0.085714	  0.085714	  0.371429	  0.457143	

URL http://regprecise.lbl.gov/RegPrecise/regulog.jsp?regulog_id=1667

MOTIF NrdR_Burkholderia NrdR-family

letter-probability matrix: alength= 4 w= 16 nsites= 20 E= 0
  0.150000	  0.350000	  0.350000	  0.150000	
  0.000000	  0.750000	  0.000000	  0.250000	
  1.000000	  0.000000	  0.000000	  0.000000	
  0.000000	  1.000000	  0.000000	  0.000000	
  0.150000	  0.100000	  0.000000	  0.750000	
  1.000000	  0.000000	  0.000000	  0.000000	
  0.000000	  0.250000	  0.350000	  0.400000	
  1.000000	  0.000000	  0.000000	  0.000000	
  0.000000	  0.400000	  0.000000	  0.600000	
  0.300000	  0.150000	  0.050000	  0.500000	
  0.000000	  0.000000	  0.000000	  1.000000	
  0.350000	  0.050000	  0.350000	  0.250000	
  0.000000	  0.000000	  1.000000	  0.000000	
  0.000000	  0.000000	  0.100000	  0.900000	
  0.100000	  0.000000	  0.900000	  0.000000	
  0.000000	  0.500000	  0.000000	  0.500000	

URL http://regprecise.lbl.gov/RegPrecise/regulog.jsp?regulog_id=1671

MOTIF NrdR_Comamonadaceae NrdR-family

letter-probability matrix: alength= 4 w= 16 nsites= 28 E= 0
  0.750000	  0.142857	  0.107143	  0.000000	
  0.035714	  0.964286	  0.000000	  0.000000	
  0.714286	  0.142857	  0.142857	  0.000000	
  0.000000	  1.000000	  0.000000	  0.000000	
  0.000000	  0.107143	  0.000000	  0.892857	
  1.000000	  0.000000	  0.000000	  0.000000	
  0.000000	  0.571429	  0.250000	  0.178571	
  0.571429	  0.392857	  0.035714	  0.000000	
  0.000000	  0.035714	  0.285714	  0.678571	
  0.357143	  0.178571	  0.428571	  0.035714	
  0.000000	  0.000000	  0.000000	  1.000000	
  1.000000	  0.000000	  0.000000	  0.000000	
  0.000000	  0.000000	  1.000000	  0.000000	
  0.035714	  0.035714	  0.000000	  0.928571	
  0.000000	  0.000000	  1.000000	  0.000000	
  0.000000	  0.250000	  0.178571	  0.571429	

URL http://regprecise.lbl.gov/RegPrecise/regulog.jsp?regulog_id=1672

MOTIF  NrdR-family

letter-probability matrix: alength= 4 w= 16 nsites= 20 E= 0
  0.400000	  0.250000	  0.150000	  0.200000	
  0.200000	  0.550000	  0.000000	  0.250000	
  0.850000	  0.050000	  0.050000	  0.050000	
  0.000000	  0.950000	  0.050000	  0.000000	
  0.700000	  0.000000	  0.000000	  0.300000	
  0.950000	  0.050000	  0.000000	  0.000000	
  0.000000	  0.450000	  0.050000	  0.500000	
  1.000000	  0.000000	  0.000000	  0.000000	
  0.050000	  0.000000	  0.000000	  0.950000	
  0.550000	  0.300000	  0.150000	  0.000000	
  0.000000	  0.000000	  0.000000	  1.000000	
  0.450000	  0.000000	  0.000000	  0.550000	
  0.000000	  0.000000	  1.000000	  0.000000	
  0.050000	  0.050000	  0.000000	  0.900000	
  0.150000	  0.050000	  0.750000	  0.050000	
  0.050000	  0.250000	  0.250000	  0.450000	

URL http://regprecise.lbl.gov/RegPrecise/regulog.jsp?regulog_id=1673

MOTIF NrdR_Rhizobiales NrdR-family

letter-probability matrix: alength= 4 w= 16 nsites= 39 E= 0
  0.410256	  0.410256	  0.076923	  0.102564	
  0.000000	  0.589744	  0.000000	  0.410256	
  0.871795	  0.051282	  0.025641	  0.051282	
  0.000000	  0.974359	  0.025641	  0.000000	
  0.333333	  0.230769	  0.025641	  0.410256	
  1.000000	  0.000000	  0.000000	  0.000000	
  0.051282	  0.076923	  0.256410	  0.615385	
  1.000000	  0.000000	  0.000000	  0.000000	
  0.000000	  0.000000	  0.000000	  1.000000	
  0.333333	  0.153846	  0.179487	  0.333333	
  0.000000	  0.128205	  0.000000	  0.871795	
  0.743590	  0.000000	  0.102564	  0.153846	
  0.000000	  0.000000	  1.000000	  0.000000	
  0.025641	  0.205128	  0.179487	  0.589744	
  0.307692	  0.025641	  0.666667	  0.000000	
  0.076923	  0.102564	  0.256410	  0.564103	

URL http://regprecise.lbl.gov/RegPrecise/regulog.jsp?regulog_id=1674

MOTIF NrdR_Rhodobacterales NrdR-family

letter-probability matrix: alength= 4 w= 16 nsites= 17 E= 0
  0.058824	  0.705882	  0.235294	  0.000000	
  0.000000	  0.882353	  0.000000	  0.117647	
  1.000000	  0.000000	  0.000000	  0.000000	
  0.000000	  1.000000	  0.000000	  0.000000	
  0.470588	  0.235294	  0.000000	  0.294118	
  0.941176	  0.000000	  0.000000	  0.058824	
  0.058824	  0.294118	  0.176471	  0.470588	
  1.000000	  0.000000	  0.000000	  0.000000	
  0.000000	  0.000000	  0.000000	  1.000000	
  0.294118	  0.470588	  0.235294	  0.000000	
  0.000000	  0.000000	  0.000000	  1.000000	
  0.352941	  0.058824	  0.235294	  0.352941	
  0.000000	  0.000000	  1.000000	  0.000000	
  0.058824	  0.117647	  0.117647	  0.705882	
  0.117647	  0.000000	  0.764706	  0.117647	
  0.058824	  0.000000	  0.529412	  0.411765	

URL http://regprecise.lbl.gov/RegPrecise/regulog.jsp?regulog_id=1675

MOTIF NrdR_Rhodospirillales NrdR-family

letter-probability matrix: alength= 4 w= 16 nsites= 21 E= 0
  0.285714	  0.571429	  0.095238	  0.047619	
  0.047619	  0.952381	  0.000000	  0.000000	
  0.714286	  0.142857	  0.095238	  0.047619	
  0.047619	  0.952381	  0.000000	  0.000000	
  0.428571	  0.000000	  0.142857	  0.428571	
  0.904762	  0.000000	  0.095238	  0.000000	
  0.047619	  0.047619	  0.428571	  0.476190	
  1.000000	  0.000000	  0.000000	  0.000000	
  0.095238	  0.000000	  0.000000	  0.904762	
  0.285714	  0.333333	  0.333333	  0.047619	
  0.095238	  0.142857	  0.047619	  0.714286	
  0.285714	  0.095238	  0.238095	  0.380952	
  0.000000	  0.000000	  1.000000	  0.000000	
  0.000000	  0.047619	  0.285714	  0.666667	
  0.047619	  0.000000	  0.904762	  0.047619	
  0.095238	  0.142857	  0.523810	  0.238095	

URL http://regprecise.lbl.gov/RegPrecise/regulog.jsp?regulog_id=1676

MOTIF NrdR_Caulobacterales NrdR-family

letter-probability matrix: alength= 4 w= 16 nsites= 21 E= 0
  0.190476	  0.761905	  0.000000	  0.047619	
  0.000000	  0.761905	  0.047619	  0.190476	
  0.476190	  0.190476	  0.095238	  0.238095	
  0.000000	  1.000000	  0.000000	  0.000000	
  0.666667	  0.047619	  0.047619	  0.238095	
  0.952381	  0.047619	  0.000000	  0.000000	
  0.000000	  0.523810	  0.380952	  0.095238	
  1.000000	  0.000000	  0.000000	  0.000000	
  0.000000	  0.000000	  0.000000	  1.000000	
  0.095238	  0.476190	  0.428571	  0.000000	
  0.047619	  0.095238	  0.000000	  0.857143	
  0.428571	  0.000000	  0.142857	  0.428571	
  0.000000	  0.047619	  0.761905	  0.190476	
  0.000000	  0.333333	  0.095238	  0.571429	
  0.000000	  0.047619	  0.952381	  0.000000	
  0.190476	  0.047619	  0.619048	  0.142857	

URL http://regprecise.lbl.gov/RegPrecise/regulog.jsp?regulog_id=1678

MOTIF NrdR_Desulfuromonadales NrdR-family

letter-probability matrix: alength= 4 w= 16 nsites= 21 E= 0
  0.333333	  0.285714	  0.333333	  0.047619	
  0.142857	  0.809524	  0.000000	  0.047619	
  0.476190	  0.428571	  0.000000	  0.095238	
  0.333333	  0.666667	  0.000000	  0.000000	
  0.333333	  0.047619	  0.047619	  0.571429	
  0.952381	  0.047619	  0.000000	  0.000000	
  0.190476	  0.333333	  0.047619	  0.428571	
  0.952381	  0.047619	  0.000000	  0.000000	
  0.000000	  0.000000	  0.000000	  1.000000	
  0.380952	  0.142857	  0.476190	  0.000000	
  0.000000	  0.000000	  0.000000	  1.000000	
  0.142857	  0.000000	  0.142857	  0.714286	
  0.000000	  0.095238	  0.857143	  0.047619	
  0.000000	  0.000000	  0.000000	  1.000000	
  0.190476	  0.000000	  0.809524	  0.000000	
  0.095238	  0.095238	  0.428571	  0.380952	

URL http://regprecise.lbl.gov/RegPrecise/regulog.jsp?regulog_id=1679

MOTIF NrdR_Chlamydiales NrdR-family

letter-probability matrix: alength= 4 w= 16 nsites= 14 E= 0
  0.000000	  0.214286	  0.000000	  0.785714	
  0.000000	  0.428571	  0.000000	  0.571429	
  0.571429	  0.285714	  0.000000	  0.142857	
  0.071429	  0.928571	  0.000000	  0.000000	
  0.285714	  0.000000	  0.000000	  0.714286	
  1.000000	  0.000000	  0.000000	  0.000000	
  0.000000	  0.285714	  0.071429	  0.642857	
  1.000000	  0.000000	  0.000000	  0.000000	
  0.071429	  0.000000	  0.000000	  0.928571	
  0.785714	  0.214286	  0.000000	  0.000000	
  0.000000	  0.000000	  0.000000	  1.000000	
  0.000000	  0.000000	  0.428571	  0.571429	
  0.000000	  0.071429	  0.928571	  0.000000	
  0.000000	  0.000000	  0.428571	  0.571429	
  0.500000	  0.000000	  0.500000	  0.000000	
  0.000000	  0.000000	  0.071429	  0.928571	

URL http://regprecise.lbl.gov/RegPrecise/regulog.jsp?regulog_id=4333

MOTIF NrdR_Mycobacteriaceae NrdR-family

letter-probability matrix: alength= 4 w= 16 nsites= 43 E= 0
  0.348837	  0.395349	  0.000000	  0.255814	
  0.000000	  1.000000	  0.000000	  0.000000	
  0.720930	  0.255814	  0.000000	  0.023256	
  0.000000	  0.744186	  0.255814	  0.000000	
  0.488372	  0.162791	  0.023256	  0.325581	
  1.000000	  0.000000	  0.000000	  0.000000	
  0.046512	  0.511628	  0.418605	  0.023256	
  0.441860	  0.000000	  0.372093	  0.186047	
  0.023256	  0.023256	  0.116279	  0.837209	
  0.000000	  0.441860	  0.558140	  0.000000	
  0.000000	  0.000000	  0.000000	  1.000000	
  0.534884	  0.093023	  0.023256	  0.348837	
  0.000000	  0.000000	  1.000000	  0.000000	
  0.000000	  0.023256	  0.093023	  0.883721	
  0.279070	  0.000000	  0.720930	  0.000000	
  0.023256	  0.000000	  0.093023	  0.883721	

URL http://regprecise.lbl.gov/RegPrecise/regulog.jsp?regulog_id=4336

MOTIF NrdR_Streptococcaceae NrdR-family

letter-probability matrix: alength= 4 w= 16 nsites= 63 E= 0
  0.714286	  0.126984	  0.095238	  0.063492	
  0.222222	  0.682540	  0.000000	  0.095238	
  0.746032	  0.031746	  0.015873	  0.206349	
  0.000000	  1.000000	  0.000000	  0.000000	
  0.730159	  0.015873	  0.000000	  0.253968	
  0.968254	  0.000000	  0.031746	  0.000000	
  0.047619	  0.031746	  0.206349	  0.714286	
  1.000000	  0.000000	  0.000000	  0.000000	
  0.000000	  0.015873	  0.000000	  0.984127	
  0.650794	  0.206349	  0.047619	  0.095238	
  0.000000	  0.000000	  0.000000	  1.000000	
  0.190476	  0.000000	  0.015873	  0.793651	
  0.000000	  0.000000	  1.000000	  0.000000	
  0.206349	  0.000000	  0.031746	  0.761905	
  0.095238	  0.047619	  0.587302	  0.269841	
  0.047619	  0.047619	  0.079365	  0.825397	

URL http://regprecise.lbl.gov/RegPrecise/regulog.jsp?regulog_id=4356

MOTIF NrdR_Lactobacillaceae NrdR-family

letter-probability matrix: alength= 4 w= 16 nsites= 81 E= 0
  0.382716	  0.333333	  0.209877	  0.074074	
  0.111111	  0.506173	  0.000000	  0.382716	
  0.864198	  0.111111	  0.000000	  0.024691	
  0.037037	  0.925926	  0.037037	  0.000000	
  0.469136	  0.160494	  0.024691	  0.345679	
  0.950617	  0.037037	  0.012346	  0.000000	
  0.049383	  0.135802	  0.197531	  0.617284	
  0.975309	  0.012346	  0.000000	  0.012346	
  0.012346	  0.000000	  0.012346	  0.975309	
  0.543210	  0.234568	  0.160494	  0.061728	
  0.024691	  0.000000	  0.037037	  0.938272	
  0.209877	  0.037037	  0.148148	  0.604938	
  0.012346	  0.000000	  0.975309	  0.012346	
  0.061728	  0.037037	  0.012346	  0.888889	
  0.518519	  0.024691	  0.419753	  0.037037	
  0.086420	  0.037037	  0.209877	  0.666667	

URL http://regprecise.lbl.gov/RegPrecise/regulog.jsp?regulog_id=4357

MOTIF NrdR_Streptomycetaceae NrdR-family

letter-probability matrix: alength= 4 w= 16 nsites= 16 E= 0
  0.500000	  0.125000	  0.312500	  0.062500	
  0.000000	  0.750000	  0.250000	  0.000000	
  0.437500	  0.562500	  0.000000	  0.000000	
  0.000000	  1.000000	  0.000000	  0.000000	
  0.375000	  0.437500	  0.000000	  0.187500	
  1.000000	  0.000000	  0.000000	  0.000000	
  0.000000	  0.562500	  0.437500	  0.000000	
  1.000000	  0.000000	  0.000000	  0.000000	
  0.250000	  0.000000	  0.000000	  0.750000	
  0.000000	  0.250000	  0.750000	  0.000000	
  0.000000	  0.000000	  0.000000	  1.000000	
  0.500000	  0.000000	  0.250000	  0.250000	
  0.000000	  0.000000	  0.750000	  0.250000	
  0.000000	  0.000000	  0.500000	  0.500000	
  0.000000	  0.250000	  0.750000	  0.000000	
  0.000000	  0.062500	  0.687500	  0.250000	

URL http://regprecise.lbl.gov/RegPrecise/regulog.jsp?regulog_id=5898

MOTIF NrdR_Micrococcineae NrdR-family

letter-probability matrix: alength= 4 w= 16 nsites= 44 E= 0
  0.295455	  0.522727	  0.113636	  0.068182	
  0.090909	  0.681818	  0.045455	  0.181818	
  0.795455	  0.068182	  0.068182	  0.068182	
  0.000000	  0.954545	  0.045455	  0.000000	
  0.227273	  0.113636	  0.045455	  0.613636	
  0.795455	  0.022727	  0.045455	  0.136364	
  0.000000	  0.590909	  0.250000	  0.159091	
  0.886364	  0.000000	  0.113636	  0.000000	
  0.000000	  0.000000	  0.000000	  1.000000	
  0.250000	  0.295455	  0.454545	  0.000000	
  0.000000	  0.000000	  0.000000	  1.000000	
  0.636364	  0.022727	  0.159091	  0.181818	
  0.000000	  0.022727	  0.954545	  0.022727	
  0.000000	  0.000000	  0.227273	  0.772727	
  0.295455	  0.022727	  0.613636	  0.068182	
  0.159091	  0.113636	  0.500000	  0.227273	

URL http://regprecise.lbl.gov/RegPrecise/regulog.jsp?regulog_id=5900

MOTIF NrdR_Nocardiaceae NrdR-family

letter-probability matrix: alength= 4 w= 16 nsites= 10 E= 0
  0.200000	  0.400000	  0.000000	  0.400000	
  0.000000	  1.000000	  0.000000	  0.000000	
  0.900000	  0.000000	  0.100000	  0.000000	
  0.000000	  1.000000	  0.000000	  0.000000	
  0.600000	  0.000000	  0.000000	  0.400000	
  1.000000	  0.000000	  0.000000	  0.000000	
  0.000000	  0.600000	  0.400000	  0.000000	
  0.500000	  0.000000	  0.500000	  0.000000	
  0.100000	  0.100000	  0.000000	  0.800000	
  0.000000	  0.400000	  0.600000	  0.000000	
  0.000000	  0.000000	  0.000000	  1.000000	
  0.500000	  0.400000	  0.000000	  0.100000	
  0.000000	  0.000000	  1.000000	  0.000000	
  0.000000	  0.100000	  0.200000	  0.700000	
  0.000000	  0.000000	  1.000000	  0.000000	
  0.000000	  0.000000	  0.000000	  1.000000	

URL http://regprecise.lbl.gov/RegPrecise/regulog.jsp?regulog_id=5902

MOTIF NrdR_Frankineae/Propionibacterineae/Pseudonocardiaceae NrdR-family

letter-probability matrix: alength= 4 w= 16 nsites= 17 E= 0
  0.294118	  0.529412	  0.117647	  0.058824	
  0.000000	  0.882353	  0.058824	  0.058824	
  0.529412	  0.470588	  0.000000	  0.000000	
  0.000000	  1.000000	  0.000000	  0.000000	
  0.352941	  0.294118	  0.000000	  0.352941	
  0.882353	  0.000000	  0.000000	  0.117647	
  0.000000	  0.647059	  0.176471	  0.176471	
  1.000000	  0.000000	  0.000000	  0.000000	
  0.058824	  0.000000	  0.000000	  0.941176	
  0.058824	  0.529412	  0.411765	  0.000000	
  0.000000	  0.000000	  0.000000	  1.000000	
  0.647059	  0.000000	  0.058824	  0.294118	
  0.000000	  0.000000	  1.000000	  0.000000	
  0.058824	  0.000000	  0.117647	  0.823529	
  0.352941	  0.058824	  0.588235	  0.000000	
  0.058824	  0.235294	  0.411765	  0.294118	

URL http://regprecise.lbl.gov/RegPrecise/regulog.jsp?regulog_id=5903

MOTIF NrdR_Listeriaceae NrdR-family

letter-probability matrix: alength= 4 w= 16 nsites= 17 E= 0
  0.823529	  0.176471	  0.000000	  0.000000	
  0.235294	  0.352941	  0.000000	  0.411765	
  1.000000	  0.000000	  0.000000	  0.000000	
  0.000000	  1.000000	  0.000000	  0.000000	
  0.235294	  0.000000	  0.000000	  0.764706	
  0.764706	  0.000000	  0.000000	  0.235294	
  0.176471	  0.117647	  0.000000	  0.705882	
  1.000000	  0.000000	  0.000000	  0.000000	
  0.117647	  0.000000	  0.000000	  0.882353	
  0.705882	  0.176471	  0.117647	  0.000000	
  0.000000	  0.000000	  0.000000	  1.000000	
  0.764706	  0.000000	  0.000000	  0.235294	
  0.000000	  0.000000	  1.000000	  0.000000	
  0.117647	  0.000000	  0.000000	  0.882353	
  0.352941	  0.000000	  0.352941	  0.294118	
  0.294118	  0.000000	  0.176471	  0.529412	

URL http://regprecise.lbl.gov/RegPrecise/regulog.jsp?regulog_id=5905

MOTIF NrdR_Shewanellaceae NrdR-family

letter-probability matrix: alength= 4 w= 16 nsites= 64 E= 0
  0.546875	  0.156250	  0.171875	  0.125000	
  0.015625	  0.890625	  0.078125	  0.015625	
  0.515625	  0.125000	  0.140625	  0.218750	
  0.062500	  0.937500	  0.000000	  0.000000	
  0.250000	  0.281250	  0.000000	  0.468750	
  0.781250	  0.203125	  0.015625	  0.000000	
  0.000000	  0.203125	  0.046875	  0.750000	
  1.000000	  0.000000	  0.000000	  0.000000	
  0.000000	  0.000000	  0.000000	  1.000000	
  0.453125	  0.359375	  0.171875	  0.015625	
  0.000000	  0.000000	  0.062500	  0.937500	
  0.312500	  0.000000	  0.046875	  0.640625	
  0.000000	  0.000000	  0.984375	  0.015625	
  0.015625	  0.000000	  0.000000	  0.984375	
  0.187500	  0.000000	  0.796875	  0.015625	
  0.062500	  0.078125	  0.015625	  0.843750	

URL http://regprecise.lbl.gov/RegPrecise/regulog.jsp?regulog_id=610

MOTIF NrdR_Clostridia-1 NrdR-family

letter-probability matrix: alength= 4 w= 16 nsites= 31 E= 0
  0.774194	  0.064516	  0.096774	  0.064516	
  0.096774	  0.161290	  0.000000	  0.741935	
  0.741935	  0.000000	  0.258065	  0.000000	
  0.000000	  1.000000	  0.000000	  0.000000	
  0.387097	  0.000000	  0.096774	  0.516129	
  0.967742	  0.000000	  0.000000	  0.032258	
  0.032258	  0.096774	  0.096774	  0.774194	
  1.000000	  0.000000	  0.000000	  0.000000	
  0.000000	  0.032258	  0.000000	  0.967742	
  0.580645	  0.000000	  0.387097	  0.032258	
  0.000000	  0.000000	  0.000000	  1.000000	
  0.354839	  0.000000	  0.000000	  0.645161	
  0.000000	  0.000000	  1.000000	  0.000000	
  0.032258	  0.000000	  0.000000	  0.967742	
  0.354839	  0.000000	  0.612903	  0.032258	
  0.290323	  0.096774	  0.322581	  0.290323	

URL http://regprecise.lbl.gov/RegPrecise/regulog.jsp?regulog_id=6632

MOTIF NrdR_Thermoanaerobacterales NrdR-family

letter-probability matrix: alength= 4 w= 16 nsites= 18 E= 0
  0.833333	  0.166667	  0.000000	  0.000000	
  0.000000	  0.611111	  0.000000	  0.388889	
  1.000000	  0.000000	  0.000000	  0.000000	
  0.000000	  0.888889	  0.000000	  0.111111	
  0.666667	  0.000000	  0.000000	  0.333333	
  1.000000	  0.000000	  0.000000	  0.000000	
  0.388889	  0.055556	  0.055556	  0.500000	
  1.000000	  0.000000	  0.000000	  0.000000	
  0.166667	  0.000000	  0.000000	  0.833333	
  0.833333	  0.000000	  0.000000	  0.166667	
  0.166667	  0.000000	  0.000000	  0.833333	
  0.222222	  0.000000	  0.000000	  0.777778	
  0.000000	  0.000000	  1.000000	  0.000000	
  0.055556	  0.000000	  0.166667	  0.777778	
  0.333333	  0.000000	  0.666667	  0.000000	
  0.000000	  0.055556	  0.388889	  0.555556	

URL http://regprecise.lbl.gov/RegPrecise/regulog.jsp?regulog_id=6634

MOTIF NrdR_Clostridia-3 NrdR-family

letter-probability matrix: alength= 4 w= 16 nsites= 49 E= 0
  0.673469	  0.102041	  0.081633	  0.142857	
  0.204082	  0.448980	  0.040816	  0.306122	
  0.816327	  0.061224	  0.061224	  0.061224	
  0.000000	  0.959184	  0.020408	  0.020408	
  0.571429	  0.020408	  0.000000	  0.408163	
  0.938776	  0.020408	  0.000000	  0.040816	
  0.081633	  0.122449	  0.102041	  0.693878	
  0.959184	  0.020408	  0.000000	  0.020408	
  0.061224	  0.000000	  0.020408	  0.918367	
  0.530612	  0.122449	  0.142857	  0.204082	
  0.000000	  0.020408	  0.000000	  0.979592	
  0.306122	  0.081633	  0.081633	  0.530612	
  0.020408	  0.000000	  0.979592	  0.000000	
  0.081633	  0.020408	  0.040816	  0.857143	
  0.489796	  0.000000	  0.306122	  0.204082	
  0.122449	  0.122449	  0.285714	  0.469388	

URL http://regprecise.lbl.gov/RegPrecise/regulog.jsp?regulog_id=6635

MOTIF NrdR_Bifidobacteriaceae NrdR-family

letter-probability matrix: alength= 4 w= 16 nsites= 31 E= 0
  0.322581	  0.354839	  0.225806	  0.096774	
  0.096774	  0.838710	  0.000000	  0.064516	
  0.870968	  0.129032	  0.000000	  0.000000	
  0.000000	  1.000000	  0.000000	  0.000000	
  0.064516	  0.032258	  0.032258	  0.870968	
  1.000000	  0.000000	  0.000000	  0.000000	
  0.000000	  0.290323	  0.290323	  0.419355	
  0.903226	  0.032258	  0.032258	  0.032258	
  0.129032	  0.032258	  0.032258	  0.806452	
  0.548387	  0.225806	  0.193548	  0.032258	
  0.000000	  0.032258	  0.000000	  0.967742	
  0.903226	  0.000000	  0.000000	  0.096774	
  0.000000	  0.000000	  1.000000	  0.000000	
  0.000000	  0.000000	  0.354839	  0.645161	
  0.000000	  0.032258	  0.677419	  0.290323	
  0.064516	  0.354839	  0.322581	  0.258065	

URL http://regprecise.lbl.gov/RegPrecise/regulog.jsp?regulog_id=6844

MOTIF NrdR_Staphylococcaceae NrdR-family

letter-probability matrix: alength= 4 w= 16 nsites= 30 E= 0
  0.766667	  0.133333	  0.033333	  0.066667	
  0.000000	  0.700000	  0.000000	  0.300000	
  1.000000	  0.000000	  0.000000	  0.000000	
  0.000000	  1.000000	  0.000000	  0.000000	
  0.400000	  0.066667	  0.000000	  0.533333	
  0.800000	  0.000000	  0.100000	  0.100000	
  0.166667	  0.100000	  0.000000	  0.733333	
  1.000000	  0.000000	  0.000000	  0.000000	
  0.000000	  0.000000	  0.000000	  1.000000	
  0.800000	  0.033333	  0.166667	  0.000000	
  0.000000	  0.000000	  0.000000	  1.000000	
  0.733333	  0.000000	  0.000000	  0.266667	
  0.000000	  0.000000	  1.000000	  0.000000	
  0.066667	  0.066667	  0.033333	  0.833333	
  0.300000	  0.000000	  0.700000	  0.000000	
  0.233333	  0.000000	  0.266667	  0.500000	

URL http://regprecise.lbl.gov/RegPrecise/regulog.jsp?regulog_id=688

MOTIF NrdR_Thermotogales NrdR-family

letter-probability matrix: alength= 4 w= 16 nsites= 60 E= 0
  0.633333	  0.283333	  0.016667	  0.066667	
  0.116667	  0.316667	  0.000000	  0.566667	
  0.916667	  0.033333	  0.000000	  0.050000	
  0.000000	  1.000000	  0.000000	  0.000000	
  0.666667	  0.100000	  0.000000	  0.233333	
  0.983333	  0.000000	  0.000000	  0.016667	
  0.050000	  0.316667	  0.000000	  0.633333	
  0.883333	  0.000000	  0.000000	  0.116667	
  0.200000	  0.016667	  0.000000	  0.783333	
  0.600000	  0.000000	  0.333333	  0.066667	
  0.066667	  0.066667	  0.000000	  0.866667	
  0.150000	  0.000000	  0.250000	  0.600000	
  0.000000	  0.000000	  1.000000	  0.000000	
  0.283333	  0.000000	  0.016667	  0.700000	
  0.416667	  0.016667	  0.450000	  0.116667	
  0.183333	  0.066667	  0.233333	  0.516667	

URL http://regprecise.lbl.gov/RegPrecise/regulog.jsp?regulog_id=755


