MEME version 4

ALPHABET= ACGT

strands: + -

Background letter frequencies (from uniform background):
A 0.25000 C 0.25000 G 0.25000 T 0.25000 

MOTIF SphR_Cyanobacteria OmpR-family

letter-probability matrix: alength= 4 w= 30 nsites= 76 E= 0
  0.250000	  0.263158	  0.184211	  0.302632	
  0.131579	  0.013158	  0.013158	  0.842105	
  0.052632	  0.000000	  0.000000	  0.947368	
  0.789474	  0.000000	  0.052632	  0.157895	
  0.855263	  0.013158	  0.052632	  0.078947	
  0.263158	  0.368421	  0.078947	  0.289474	
  0.171053	  0.552632	  0.065789	  0.210526	
  0.289474	  0.105263	  0.026316	  0.578947	
  0.250000	  0.250000	  0.250000	  0.250000	
  0.250000	  0.250000	  0.250000	  0.250000	
  0.250000	  0.250000	  0.250000	  0.250000	
  0.078947	  0.368421	  0.289474	  0.263158	
  0.236842	  0.026316	  0.013158	  0.723684	
  0.039474	  0.026316	  0.013158	  0.921053	
  0.552632	  0.000000	  0.026316	  0.421053	
  0.789474	  0.013158	  0.092105	  0.105263	
  0.302632	  0.394737	  0.026316	  0.276316	
  0.039474	  0.500000	  0.092105	  0.368421	
  0.197368	  0.078947	  0.052632	  0.671053	
  0.250000	  0.250000	  0.250000	  0.250000	
  0.250000	  0.250000	  0.250000	  0.250000	
  0.250000	  0.250000	  0.250000	  0.250000	
  0.157895	  0.447368	  0.236842	  0.157895	
  0.078947	  0.065789	  0.000000	  0.855263	
  0.026316	  0.039474	  0.000000	  0.934211	
  0.644737	  0.026316	  0.039474	  0.289474	
  0.828947	  0.000000	  0.078947	  0.092105	
  0.223684	  0.460526	  0.078947	  0.236842	
  0.144737	  0.407895	  0.026316	  0.421053	
  0.210526	  0.144737	  0.026316	  0.618421	

URL http://regprecise.lbl.gov/RegPrecise/regulog.jsp?regulog_id=1103

MOTIF BceR_Bacillales OmpR-family

letter-probability matrix: alength= 4 w= 17 nsites= 7 E= 0
  0.000000	  0.000000	  0.000000	  1.000000	
  0.000000	  0.000000	  1.000000	  0.000000	
  0.000000	  0.000000	  0.000000	  1.000000	
  0.000000	  0.000000	  1.000000	  0.000000	
  1.000000	  0.000000	  0.000000	  0.000000	
  0.000000	  1.000000	  0.000000	  0.000000	
  0.250000	  0.250000	  0.250000	  0.250000	
  0.250000	  0.250000	  0.250000	  0.250000	
  0.250000	  0.250000	  0.250000	  0.250000	
  0.250000	  0.250000	  0.250000	  0.250000	
  0.250000	  0.250000	  0.250000	  0.250000	
  0.000000	  0.000000	  0.000000	  1.000000	
  0.000000	  0.000000	  1.000000	  0.000000	
  0.000000	  0.000000	  0.000000	  1.000000	
  0.000000	  1.000000	  0.000000	  0.000000	
  1.000000	  0.000000	  0.000000	  0.000000	
  0.000000	  1.000000	  0.000000	  0.000000	

URL http://regprecise.lbl.gov/RegPrecise/regulog.jsp?regulog_id=1339

MOTIF PhoB_Thermotogales OmpR-family

letter-probability matrix: alength= 4 w= 17 nsites= 11 E= 0
  0.090909	  0.818182	  0.090909	  0.000000	
  0.000000	  0.000000	  0.000000	  1.000000	
  0.090909	  0.000000	  0.000000	  0.909091	
  1.000000	  0.000000	  0.000000	  0.000000	
  1.000000	  0.000000	  0.000000	  0.000000	
  0.181818	  0.636364	  0.000000	  0.181818	
  1.000000	  0.000000	  0.000000	  0.000000	
  0.250000	  0.250000	  0.250000	  0.250000	
  0.250000	  0.250000	  0.250000	  0.250000	
  0.250000	  0.250000	  0.250000	  0.250000	
  0.000000	  0.909091	  0.000000	  0.090909	
  0.000000	  0.090909	  0.000000	  0.909091	
  0.000000	  0.000000	  0.000000	  1.000000	
  0.909091	  0.000000	  0.090909	  0.000000	
  1.000000	  0.000000	  0.000000	  0.000000	
  0.000000	  0.545455	  0.000000	  0.454545	
  0.909091	  0.000000	  0.090909	  0.000000	

URL http://regprecise.lbl.gov/RegPrecise/regulog.jsp?regulog_id=1353

MOTIF HssR_Staphylococcaceae OmpR-family

letter-probability matrix: alength= 4 w= 20 nsites= 7 E= 0
  0.000000	  0.000000	  1.000000	  0.000000	
  0.000000	  0.000000	  0.000000	  1.000000	
  0.000000	  0.000000	  0.000000	  1.000000	
  0.000000	  1.000000	  0.000000	  0.000000	
  1.000000	  0.000000	  0.000000	  0.000000	
  0.000000	  0.000000	  0.000000	  1.000000	
  1.000000	  0.000000	  0.000000	  0.000000	
  0.000000	  0.000000	  0.000000	  1.000000	
  0.000000	  0.000000	  0.000000	  1.000000	
  0.250000	  0.250000	  0.250000	  0.250000	
  0.250000	  0.250000	  0.250000	  0.250000	
  0.000000	  0.000000	  1.000000	  0.000000	
  0.000000	  0.000000	  0.000000	  1.000000	
  0.000000	  0.000000	  0.000000	  1.000000	
  0.000000	  1.000000	  0.000000	  0.000000	
  1.000000	  0.000000	  0.000000	  0.000000	
  0.000000	  0.285714	  0.000000	  0.714286	
  1.000000	  0.000000	  0.000000	  0.000000	
  0.142857	  0.000000	  0.000000	  0.857143	
  0.142857	  0.000000	  0.000000	  0.857143	

URL http://regprecise.lbl.gov/RegPrecise/regulog.jsp?regulog_id=676

MOTIF SaeR_Staphylococcaceae OmpR-family

letter-probability matrix: alength= 4 w= 16 nsites= 45 E= 0
  0.244444	  0.000000	  0.533333	  0.222222	
  0.000000	  0.000000	  0.000000	  1.000000	
  0.000000	  0.000000	  0.000000	  1.000000	
  0.955556	  0.022222	  0.022222	  0.000000	
  0.977778	  0.000000	  0.000000	  0.022222	
  0.111111	  0.000000	  0.088889	  0.800000	
  0.622222	  0.044444	  0.111111	  0.222222	
  0.688889	  0.088889	  0.066667	  0.155556	
  0.533333	  0.000000	  0.022222	  0.444444	
  0.133333	  0.133333	  0.022222	  0.711111	
  0.733333	  0.000000	  0.022222	  0.244444	
  0.066667	  0.022222	  0.688889	  0.222222	
  0.000000	  0.000000	  0.000000	  1.000000	
  0.000000	  0.000000	  0.000000	  1.000000	
  0.955556	  0.000000	  0.022222	  0.022222	
  0.977778	  0.000000	  0.022222	  0.000000	

URL http://regprecise.lbl.gov/RegPrecise/regulog.jsp?regulog_id=696

MOTIF PhoB_Desulfovibrionales OmpR-family

letter-probability matrix: alength= 4 w= 18 nsites= 95 E= 0
  0.126316	  0.210526	  0.252632	  0.410526	
  0.031579	  0.421053	  0.010526	  0.536842	
  0.000000	  0.021053	  0.947368	  0.031579	
  0.094737	  0.084211	  0.000000	  0.821053	
  0.157895	  0.652632	  0.084211	  0.105263	
  0.936842	  0.000000	  0.063158	  0.000000	
  0.010526	  0.842105	  0.000000	  0.147368	
  0.442105	  0.294737	  0.178947	  0.084211	
  0.189474	  0.305263	  0.336842	  0.168421	
  0.263158	  0.231579	  0.210526	  0.294737	
  0.400000	  0.115789	  0.200000	  0.284211	
  0.105263	  0.431579	  0.042105	  0.421053	
  0.010526	  0.389474	  0.000000	  0.600000	
  0.000000	  0.000000	  0.978947	  0.021053	
  0.031579	  0.052632	  0.010526	  0.905263	
  0.368421	  0.442105	  0.126316	  0.063158	
  0.915789	  0.000000	  0.042105	  0.042105	
  0.021053	  0.905263	  0.010526	  0.063158	

URL http://regprecise.lbl.gov/RegPrecise/regulog.jsp?regulog_id=812

MOTIF CssR_Bacillales OmpR-family

letter-probability matrix: alength= 4 w= 15 nsites= 14 E= 1.9e-038
0.000000 0.000000 0.000000 1.000000
0.000000 0.000000 0.000000 1.000000
0.285714 0.000000 0.000000 0.714286
0.071429 0.714286 0.071429 0.142857
1.000000 0.000000 0.000000 0.000000
0.000000 0.428571 0.000000 0.571429
0.785714 0.000000 0.000000 0.214286
0.777361 0.044068 0.044068 0.134503
0.000000 0.000000 0.000000 1.000000
0.000000 0.000000 0.000000 1.000000
0.214286 0.000000 0.000000 0.785714
0.000000 0.500000 0.142857 0.357143
0.357143 0.500000 0.000000 0.142857
0.000000 1.000000 0.000000 0.000000
0.642857 0.357143 0.000000 0.000000

URL http://regprecise.lbl.gov/RegPrecise/regulog.jsp?regulog_id=1345

MOTIF ChvI_Rhodobacterales OmpR-family

letter-probability matrix: alength= 4 w= 24 nsites= 9 E= 5.9e-026
0.000000 0.000000 1.000000 0.000000
1.000000 0.000000 0.000000 0.000000
0.000000 0.000000 0.111111 0.888889
0.000000 0.000000 0.000000 1.000000
0.000000 1.000000 0.000000 0.000000
0.000000 0.000000 1.000000 0.000000
0.252273 0.247727 0.247727 0.252273
0.252273 0.247727 0.247727 0.252273
0.252273 0.247727 0.247727 0.252273
0.252273 0.247727 0.247727 0.252273
0.252273 0.247727 0.247727 0.252273
0.252273 0.247727 0.247727 0.252273
0.252273 0.247727 0.247727 0.252273
0.252273 0.247727 0.247727 0.252273
0.252273 0.247727 0.247727 0.252273
0.252273 0.247727 0.247727 0.252273
0.252273 0.247727 0.247727 0.252273
0.252273 0.247727 0.247727 0.252273
0.000000 0.000000 1.000000 0.000000
1.000000 0.000000 0.000000 0.000000
0.000000 0.000000 0.000000 1.000000
0.000000 0.000000 0.000000 1.000000
0.000000 0.888889 0.111111 0.000000
0.000000 0.111111 0.666667 0.222222

URL http://regprecise.lbl.gov/RegPrecise/regulog.jsp?regulog_id=5570

MOTIF CtrA_Ccrescentus OmpR-family

letter-probability matrix: alength= 4 w= 18 nsites= 50 E= 8.5e-108
0.000000 0.040000 0.080000 0.880000
0.020000 0.100000 0.000000 0.880000
0.800000 0.140000 0.020000 0.040000
0.880000 0.000000 0.080000 0.040000
0.060000 0.460000 0.260000 0.220000
0.120000 0.540000 0.260000 0.080000
0.360000 0.300000 0.180000 0.160000
0.000000 0.260000 0.280000 0.460000
0.140000 0.160000 0.320000 0.380000
0.080000 0.420000 0.160000 0.340000
0.180000 0.160000 0.380000 0.280000
0.000000 0.000000 0.060000 0.940000
0.080000 0.140000 0.000000 0.780000
0.600000 0.140000 0.140000 0.120000
0.720000 0.040000 0.220000 0.020000
0.060000 0.520000 0.300000 0.120000
0.120000 0.460000 0.220000 0.200000

URL http://doi.org/10.1371/journal.pgen.1004831

MOTIF YvcP_Bacillales OmpR-family

letter-probability matrix: alength= 4 w= 15 nsites= 4 E= 5.2e-006
0.000000 0.000000 0.000000 1.000000
0.000000 0.000000 1.000000 0.000000
1.000000 0.000000 0.000000 0.000000
0.000000 1.000000 0.000000 0.000000
1.000000 0.000000 0.000000 0.000000
0.750000 0.000000 0.250000 0.000000
0.500000 0.500000 0.000000 0.000000
0.286765 0.213235 0.213235 0.286765
0.286765 0.213235 0.213235 0.286765
0.000000 0.250000 0.000000 0.750000
0.000000 0.000000 1.000000 0.000000
0.000000 0.000000 0.000000 1.000000
0.750000 0.250000 0.000000 0.000000
1.000000 0.000000 0.000000 0.000000
0.000000 0.250000 0.750000 0.000000

URL http://regprecise.lbl.gov/RegPrecise/regulog.jsp?regulog_id=4661

MOTIF MepA_Corynebacterium_glutamicum OmpR-family

letter-probability matrix: alength= 4 w= 19 nsites= 19 E= 2.9e-051
0.526316 0.000000 0.473684 0.000000
0.000000 0.000000 0.000000 1.000000
0.631579 0.315789 0.000000 0.052632
0.894737 0.000000 0.000000 0.105263
0.000000 0.947368 0.052632 0.000000
0.736842 0.052632 0.210526 0.000000
0.473684 0.000000 0.157895 0.368421
0.263158 0.052632 0.105263 0.578947
0.263158 0.157895 0.052632 0.526316
0.052632 0.421053 0.052632 0.473684
0.105263 0.105263 0.421053 0.368421
0.631579 0.000000 0.368421 0.000000
0.105263 0.000000 0.000000 0.894737
0.578947 0.157895 0.000000 0.263158
0.684211 0.052632 0.052632 0.210526
0.000000 1.000000 0.000000 0.000000
0.578947 0.000000 0.315789 0.105263
0.631579 0.105263 0.210526 0.052632
0.281218 0.060887 0.008255 0.649640

URL http://doi.org/10.1128/JB.01032-10


