MEME version 4

ALPHABET= ACGT

strands: + -

Background letter frequencies (from uniform background):
A 0.25000 C 0.25000 G 0.25000 T 0.25000 

MOTIF NagC_Enterobacteriales ROK-family

letter-probability matrix: alength= 4 w= 23 nsites= 68 E= 0
  0.323529	  0.382353	  0.058824	  0.235294	
  0.147059	  0.014706	  0.000000	  0.838235	
  0.029412	  0.000000	  0.000000	  0.970588	
  0.661765	  0.000000	  0.014706	  0.323529	
  0.397059	  0.000000	  0.000000	  0.602941	
  0.000000	  0.000000	  0.000000	  1.000000	
  0.000000	  0.000000	  0.000000	  1.000000	
  0.058824	  0.411765	  0.000000	  0.529412	
  0.367647	  0.014706	  0.485294	  0.132353	
  0.102941	  0.367647	  0.044118	  0.485294	
  0.279412	  0.117647	  0.352941	  0.250000	
  0.455882	  0.058824	  0.147059	  0.338235	
  0.191176	  0.294118	  0.088235	  0.426471	
  0.264706	  0.147059	  0.397059	  0.191176	
  0.132353	  0.617647	  0.000000	  0.250000	
  0.647059	  0.000000	  0.338235	  0.014706	
  1.000000	  0.000000	  0.000000	  0.000000	
  1.000000	  0.000000	  0.000000	  0.000000	
  0.661765	  0.000000	  0.000000	  0.338235	
  0.220588	  0.014706	  0.000000	  0.764706	
  0.955882	  0.000000	  0.014706	  0.029412	
  0.705882	  0.000000	  0.000000	  0.294118	
  0.220588	  0.191176	  0.176471	  0.411765	

URL http://regprecise.lbl.gov/RegPrecise/regulog.jsp?regulog_id=1238

MOTIF NagC_Vibrionales ROK-family

letter-probability matrix: alength= 4 w= 23 nsites= 199 E= 0
  0.105528	  0.321608	  0.150754	  0.422111	
  0.120603	  0.010050	  0.010050	  0.859296	
  0.115578	  0.010050	  0.005025	  0.869347	
  0.658291	  0.000000	  0.080402	  0.261307	
  0.286432	  0.015075	  0.015075	  0.683417	
  0.010050	  0.020101	  0.000000	  0.969849	
  0.005025	  0.000000	  0.000000	  0.994975	
  0.030151	  0.165829	  0.015075	  0.788945	
  0.311558	  0.040201	  0.316583	  0.331658	
  0.331658	  0.306533	  0.020101	  0.341709	
  0.391960	  0.060302	  0.376884	  0.170854	
  0.311558	  0.216080	  0.221106	  0.251256	
  0.160804	  0.396985	  0.050251	  0.391960	
  0.361809	  0.030151	  0.351759	  0.256281	
  0.351759	  0.281407	  0.060302	  0.306533	
  0.703518	  0.010050	  0.246231	  0.040201	
  0.989950	  0.005025	  0.000000	  0.005025	
  0.974874	  0.000000	  0.005025	  0.020101	
  0.638191	  0.025126	  0.040201	  0.296482	
  0.185930	  0.035176	  0.000000	  0.778894	
  0.798995	  0.000000	  0.010050	  0.190955	
  0.824121	  0.000000	  0.005025	  0.170854	
  0.361809	  0.175879	  0.321608	  0.140704	

URL http://regprecise.lbl.gov/RegPrecise/regulog.jsp?regulog_id=1990

MOTIF NagC_Pasteurellales ROK-family

letter-probability matrix: alength= 4 w= 21 nsites= 16 E= 0
  0.000000	  0.000000	  0.000000	  1.000000	
  0.000000	  0.000000	  0.000000	  1.000000	
  0.812500	  0.000000	  0.000000	  0.187500	
  0.000000	  0.000000	  0.000000	  1.000000	
  0.000000	  0.000000	  0.000000	  1.000000	
  0.000000	  0.000000	  0.000000	  1.000000	
  0.000000	  0.000000	  0.000000	  1.000000	
  0.250000	  0.062500	  0.125000	  0.562500	
  0.062500	  0.500000	  0.062500	  0.375000	
  0.687500	  0.062500	  0.125000	  0.125000	
  0.312500	  0.062500	  0.250000	  0.375000	
  0.250000	  0.125000	  0.000000	  0.625000	
  0.500000	  0.062500	  0.250000	  0.187500	
  0.500000	  0.125000	  0.062500	  0.312500	
  0.812500	  0.125000	  0.000000	  0.062500	
  1.000000	  0.000000	  0.000000	  0.000000	
  1.000000	  0.000000	  0.000000	  0.000000	
  0.937500	  0.000000	  0.000000	  0.062500	
  0.312500	  0.000000	  0.000000	  0.687500	
  1.000000	  0.000000	  0.000000	  0.000000	
  1.000000	  0.000000	  0.000000	  0.000000	

URL http://regprecise.lbl.gov/RegPrecise/regulog.jsp?regulog_id=1991

MOTIF NagC_Psychromonadaceae/Aeromonadales ROK-family

letter-probability matrix: alength= 4 w= 21 nsites= 16 E= 0
  0.000000	  0.062500	  0.000000	  0.937500	
  0.062500	  0.000000	  0.000000	  0.937500	
  0.625000	  0.000000	  0.125000	  0.250000	
  0.375000	  0.062500	  0.000000	  0.562500	
  0.000000	  0.000000	  0.000000	  1.000000	
  0.062500	  0.000000	  0.000000	  0.937500	
  0.000000	  0.125000	  0.000000	  0.875000	
  0.687500	  0.062500	  0.000000	  0.250000	
  0.187500	  0.687500	  0.000000	  0.125000	
  0.562500	  0.000000	  0.312500	  0.125000	
  0.125000	  0.312500	  0.187500	  0.375000	
  0.000000	  0.187500	  0.000000	  0.812500	
  0.312500	  0.000000	  0.562500	  0.125000	
  0.125000	  0.062500	  0.000000	  0.812500	
  0.812500	  0.000000	  0.187500	  0.000000	
  0.937500	  0.000000	  0.000000	  0.062500	
  1.000000	  0.000000	  0.000000	  0.000000	
  0.625000	  0.000000	  0.000000	  0.375000	
  0.250000	  0.125000	  0.000000	  0.625000	
  0.937500	  0.000000	  0.000000	  0.062500	
  1.000000	  0.000000	  0.000000	  0.000000	

URL http://regprecise.lbl.gov/RegPrecise/regulog.jsp?regulog_id=1993

MOTIF XylR_Rhizobiales ROK-family

letter-probability matrix: alength= 4 w= 23 nsites= 19 E= 0
  0.578947	  0.052632	  0.052632	  0.315789	
  0.105263	  0.000000	  0.000000	  0.894737	
  0.000000	  0.000000	  0.000000	  1.000000	
  0.052632	  0.000000	  0.052632	  0.894737	
  0.052632	  0.052632	  0.000000	  0.894737	
  0.000000	  0.473684	  0.000000	  0.526316	
  0.000000	  0.052632	  0.000000	  0.947368	
  0.000000	  1.000000	  0.000000	  0.000000	
  0.052632	  0.000000	  0.947368	  0.000000	
  0.894737	  0.105263	  0.000000	  0.000000	
  0.052632	  0.473684	  0.421053	  0.052632	
  0.263158	  0.210526	  0.210526	  0.315789	
  0.052632	  0.421053	  0.473684	  0.052632	
  0.000000	  0.052632	  0.105263	  0.842105	
  0.000000	  0.947368	  0.000000	  0.052632	
  0.000000	  0.000000	  1.000000	  0.000000	
  0.947368	  0.000000	  0.052632	  0.000000	
  0.526316	  0.000000	  0.473684	  0.000000	
  0.894737	  0.000000	  0.052632	  0.052632	
  0.894737	  0.000000	  0.000000	  0.105263	
  1.000000	  0.000000	  0.000000	  0.000000	
  0.894737	  0.000000	  0.000000	  0.105263	
  0.368421	  0.052632	  0.052632	  0.526316	

URL http://regprecise.lbl.gov/RegPrecise/regulog.jsp?regulog_id=3146

MOTIF XylR_Lactobacillaceae ROK-family

letter-probability matrix: alength= 4 w= 23 nsites= 15 E= 0
  0.000000	  0.066667	  0.933333	  0.000000	
  0.066667	  0.000000	  0.000000	  0.933333	
  0.066667	  0.000000	  0.000000	  0.933333	
  0.266667	  0.000000	  0.533333	  0.200000	
  0.066667	  0.000000	  0.933333	  0.000000	
  0.000000	  0.000000	  0.000000	  1.000000	
  0.066667	  0.000000	  0.000000	  0.933333	
  0.133333	  0.000000	  0.666667	  0.200000	
  0.200000	  0.200000	  0.400000	  0.200000	
  0.000000	  0.133333	  0.200000	  0.666667	
  0.133333	  0.000000	  0.200000	  0.666667	
  0.200000	  0.266667	  0.200000	  0.333333	
  0.666667	  0.266667	  0.000000	  0.066667	
  0.666667	  0.133333	  0.200000	  0.000000	
  0.133333	  0.266667	  0.133333	  0.466667	
  0.333333	  0.400000	  0.133333	  0.133333	
  0.933333	  0.000000	  0.000000	  0.066667	
  1.000000	  0.000000	  0.000000	  0.000000	
  0.000000	  0.800000	  0.000000	  0.200000	
  0.200000	  0.333333	  0.000000	  0.466667	
  0.933333	  0.000000	  0.000000	  0.066667	
  0.866667	  0.000000	  0.000000	  0.133333	
  0.000000	  0.733333	  0.133333	  0.133333	

URL http://regprecise.lbl.gov/RegPrecise/regulog.jsp?regulog_id=3501

MOTIF CelQ_Streptococcaceae ROK-family

letter-probability matrix: alength= 4 w= 23 nsites= 10 E= 0
  0.000000	  0.000000	  0.000000	  1.000000	
  0.000000	  0.000000	  0.000000	  1.000000	
  0.100000	  0.000000	  0.000000	  0.900000	
  0.500000	  0.000000	  0.400000	  0.100000	
  0.100000	  0.000000	  0.000000	  0.900000	
  0.000000	  0.000000	  0.000000	  1.000000	
  0.100000	  0.000000	  0.000000	  0.900000	
  0.800000	  0.000000	  0.000000	  0.200000	
  0.200000	  0.200000	  0.000000	  0.600000	
  0.800000	  0.000000	  0.000000	  0.200000	
  0.600000	  0.000000	  0.000000	  0.400000	
  0.500000	  0.000000	  0.000000	  0.500000	
  0.400000	  0.000000	  0.000000	  0.600000	
  0.200000	  0.000000	  0.000000	  0.800000	
  0.600000	  0.000000	  0.200000	  0.200000	
  0.200000	  0.000000	  0.000000	  0.800000	
  0.900000	  0.000000	  0.000000	  0.100000	
  1.000000	  0.000000	  0.000000	  0.000000	
  0.900000	  0.000000	  0.000000	  0.100000	
  0.100000	  0.400000	  0.000000	  0.500000	
  0.900000	  0.000000	  0.000000	  0.100000	
  1.000000	  0.000000	  0.000000	  0.000000	
  1.000000	  0.000000	  0.000000	  0.000000	

URL http://regprecise.lbl.gov/RegPrecise/regulog.jsp?regulog_id=4626

MOTIF NanR_Bacteroidaceae ROK-family

letter-probability matrix: alength= 4 w= 23 nsites= 59 E= 0
  0.406780	  0.000000	  0.016949	  0.576271	
  0.338983	  0.016949	  0.000000	  0.644068	
  0.745763	  0.016949	  0.033898	  0.203390	
  0.559322	  0.050847	  0.050847	  0.338983	
  0.016949	  0.033898	  0.000000	  0.949153	
  0.983051	  0.016949	  0.000000	  0.000000	
  0.949153	  0.016949	  0.000000	  0.033898	
  0.423729	  0.067797	  0.050847	  0.457627	
  0.627119	  0.118644	  0.000000	  0.254237	
  0.661017	  0.000000	  0.000000	  0.338983	
  0.881356	  0.000000	  0.000000	  0.118644	
  0.525424	  0.050847	  0.016949	  0.406780	
  0.152542	  0.000000	  0.016949	  0.830508	
  0.491525	  0.050847	  0.000000	  0.457627	
  0.355932	  0.000000	  0.000000	  0.644068	
  0.508475	  0.000000	  0.000000	  0.491525	
  0.033898	  0.016949	  0.050847	  0.898305	
  0.118644	  0.033898	  0.000000	  0.847458	
  0.881356	  0.033898	  0.000000	  0.084746	
  0.372881	  0.000000	  0.084746	  0.542373	
  0.118644	  0.152542	  0.033898	  0.694915	
  0.440678	  0.016949	  0.050847	  0.491525	
  0.491525	  0.000000	  0.016949	  0.491525	

URL http://regprecise.lbl.gov/RegPrecise/regulog.jsp?regulog_id=4676

MOTIF SsuR_Corynebacteriaceae ROK-family

letter-probability matrix: alength= 4 w= 17 nsites= 6 E= 0
  0.666667	  0.000000	  0.000000	  0.333333	
  0.000000	  0.166667	  0.166667	  0.666667	
  0.666667	  0.000000	  0.000000	  0.333333	
  0.000000	  0.000000	  0.000000	  1.000000	
  0.166667	  0.333333	  0.000000	  0.500000	
  0.000000	  1.000000	  0.000000	  0.000000	
  1.000000	  0.000000	  0.000000	  0.000000	
  0.333333	  0.333333	  0.333333	  0.000000	
  0.000000	  0.333333	  0.500000	  0.166667	
  0.166667	  0.333333	  0.333333	  0.166667	
  0.000000	  0.166667	  0.000000	  0.833333	
  0.000000	  0.000000	  1.000000	  0.000000	
  0.500000	  0.000000	  0.333333	  0.166667	
  0.833333	  0.000000	  0.000000	  0.166667	
  0.500000	  0.000000	  0.000000	  0.500000	
  0.500000	  0.000000	  0.500000	  0.000000	
  0.500000	  0.166667	  0.000000	  0.333333	

URL http://regprecise.lbl.gov/RegPrecise/regulog.jsp?regulog_id=5708

MOTIF FruR_Bifidobacteriaceae ROK-family

letter-probability matrix: alength= 4 w= 23 nsites= 11 E= 0
  0.727273	  0.000000	  0.000000	  0.272727	
  0.000000	  0.000000	  0.181818	  0.818182	
  0.272727	  0.181818	  0.181818	  0.363636	
  0.272727	  0.090909	  0.363636	  0.272727	
  0.909091	  0.000000	  0.090909	  0.000000	
  0.000000	  0.000000	  0.000000	  1.000000	
  0.090909	  0.000000	  0.000000	  0.909091	
  1.000000	  0.000000	  0.000000	  0.000000	
  1.000000	  0.000000	  0.000000	  0.000000	
  0.000000	  1.000000	  0.000000	  0.000000	
  0.545455	  0.000000	  0.090909	  0.363636	
  0.090909	  0.000000	  0.727273	  0.181818	
  0.090909	  0.727273	  0.000000	  0.181818	
  0.000000	  0.000000	  1.000000	  0.000000	
  0.000000	  0.000000	  0.000000	  1.000000	
  0.000000	  0.000000	  0.000000	  1.000000	
  1.000000	  0.000000	  0.000000	  0.000000	
  1.000000	  0.000000	  0.000000	  0.000000	
  0.000000	  0.090909	  0.000000	  0.909091	
  1.000000	  0.000000	  0.000000	  0.000000	
  0.000000	  0.181818	  0.000000	  0.818182	
  0.636364	  0.363636	  0.000000	  0.000000	
  0.000000	  0.000000	  0.000000	  1.000000	

URL http://regprecise.lbl.gov/RegPrecise/regulog.jsp?regulog_id=6760

MOTIF RafR_Bifidobacteriaceae ROK-family

letter-probability matrix: alength= 4 w= 23 nsites= 17 E= 0
  0.000000	  0.000000	  0.058824	  0.941176	
  0.764706	  0.000000	  0.000000	  0.235294	
  0.000000	  0.294118	  0.176471	  0.529412	
  0.176471	  0.000000	  0.000000	  0.823529	
  0.000000	  0.000000	  0.000000	  1.000000	
  0.117647	  0.000000	  0.000000	  0.882353	
  0.000000	  0.470588	  0.470588	  0.058824	
  0.058824	  0.470588	  0.000000	  0.470588	
  0.117647	  0.117647	  0.529412	  0.235294	
  0.647059	  0.000000	  0.000000	  0.352941	
  0.176471	  0.117647	  0.176471	  0.529412	
  0.529412	  0.000000	  0.117647	  0.352941	
  0.647059	  0.176471	  0.176471	  0.000000	
  0.352941	  0.058824	  0.000000	  0.588235	
  0.411765	  0.352941	  0.058824	  0.176471	
  0.588235	  0.000000	  0.294118	  0.117647	
  0.058824	  0.529412	  0.411765	  0.000000	
  0.882353	  0.000000	  0.000000	  0.117647	
  1.000000	  0.000000	  0.000000	  0.000000	
  0.823529	  0.000000	  0.000000	  0.176471	
  0.588235	  0.235294	  0.117647	  0.058824	
  0.352941	  0.000000	  0.000000	  0.647059	
  0.705882	  0.235294	  0.000000	  0.058824	

URL http://regprecise.lbl.gov/RegPrecise/regulog.jsp?regulog_id=6765

MOTIF BLA_0357_Bifidobacteriaceae ROK-family

letter-probability matrix: alength= 4 w= 23 nsites= 15 E= 0
  0.066667	  0.000000	  0.000000	  0.933333	
  0.000000	  0.000000	  0.000000	  1.000000	
  0.066667	  0.200000	  0.000000	  0.733333	
  0.000000	  0.000000	  0.000000	  1.000000	
  0.266667	  0.133333	  0.400000	  0.200000	
  0.133333	  0.333333	  0.266667	  0.266667	
  1.000000	  0.000000	  0.000000	  0.000000	
  1.000000	  0.000000	  0.000000	  0.000000	
  1.000000	  0.000000	  0.000000	  0.000000	
  0.266667	  0.000000	  0.400000	  0.333333	
  0.000000	  0.266667	  0.066667	  0.666667	
  0.400000	  0.000000	  0.066667	  0.533333	
  0.266667	  0.333333	  0.333333	  0.066667	
  0.066667	  0.066667	  0.333333	  0.533333	
  0.000000	  0.000000	  0.000000	  1.000000	
  0.000000	  0.000000	  0.000000	  1.000000	
  0.066667	  0.000000	  0.066667	  0.866667	
  0.200000	  0.333333	  0.200000	  0.266667	
  0.333333	  0.266667	  0.066667	  0.333333	
  0.666667	  0.000000	  0.000000	  0.333333	
  1.000000	  0.000000	  0.000000	  0.000000	
  1.000000	  0.000000	  0.000000	  0.000000	
  0.933333	  0.000000	  0.066667	  0.000000	

URL http://regprecise.lbl.gov/RegPrecise/regulog.jsp?regulog_id=6775

MOTIF BDP_2071_Bifidobacteriaceae ROK-family

letter-probability matrix: alength= 4 w= 23 nsites= 4 E= 0
  0.000000	  0.000000	  0.000000	  1.000000	
  0.000000	  0.000000	  0.000000	  1.000000	
  0.000000	  0.000000	  1.000000	  0.000000	
  0.750000	  0.250000	  0.000000	  0.000000	
  0.000000	  0.000000	  1.000000	  0.000000	
  0.000000	  0.000000	  0.000000	  1.000000	
  0.000000	  0.000000	  0.000000	  1.000000	
  0.250000	  0.250000	  0.000000	  0.500000	
  0.500000	  0.000000	  0.500000	  0.000000	
  0.500000	  0.000000	  0.500000	  0.000000	
  0.000000	  0.500000	  0.000000	  0.500000	
  0.500000	  0.000000	  0.000000	  0.500000	
  0.500000	  0.000000	  0.500000	  0.000000	
  0.000000	  0.500000	  0.000000	  0.500000	
  0.000000	  0.500000	  0.000000	  0.500000	
  0.500000	  0.000000	  0.250000	  0.250000	
  1.000000	  0.000000	  0.000000	  0.000000	
  1.000000	  0.000000	  0.000000	  0.000000	
  0.000000	  1.000000	  0.000000	  0.000000	
  0.000000	  0.000000	  0.250000	  0.750000	
  0.000000	  1.000000	  0.000000	  0.000000	
  1.000000	  0.000000	  0.000000	  0.000000	
  1.000000	  0.000000	  0.000000	  0.000000	

URL http://regprecise.lbl.gov/RegPrecise/regulog.jsp?regulog_id=6797

MOTIF NagR_Bifidobacteriaceae ROK-family

letter-probability matrix: alength= 4 w= 23 nsites= 28 E= 0
  0.821429	  0.035714	  0.035714	  0.107143	
  0.357143	  0.000000	  0.000000	  0.642857	
  0.107143	  0.071429	  0.035714	  0.785714	
  0.142857	  0.000000	  0.035714	  0.821429	
  0.000000	  0.000000	  1.000000	  0.000000	
  0.035714	  0.000000	  0.000000	  0.964286	
  0.142857	  0.000000	  0.107143	  0.750000	
  0.928571	  0.000000	  0.035714	  0.035714	
  0.535714	  0.035714	  0.357143	  0.071429	
  0.000000	  0.035714	  0.392857	  0.571429	
  0.464286	  0.035714	  0.250000	  0.250000	
  0.392857	  0.035714	  0.107143	  0.464286	
  0.428571	  0.142857	  0.107143	  0.321429	
  0.464286	  0.285714	  0.250000	  0.000000	
  0.071429	  0.214286	  0.035714	  0.678571	
  0.000000	  0.000000	  0.035714	  0.964286	
  0.535714	  0.142857	  0.250000	  0.071429	
  0.892857	  0.000000	  0.000000	  0.107143	
  0.000000	  0.964286	  0.000000	  0.035714	
  0.857143	  0.035714	  0.000000	  0.107143	
  0.857143	  0.000000	  0.071429	  0.071429	
  0.535714	  0.000000	  0.000000	  0.464286	
  0.321429	  0.035714	  0.035714	  0.607143	

URL http://regprecise.lbl.gov/RegPrecise/regulog.jsp?regulog_id=6801

MOTIF XylR_Bifidobacteriaceae ROK-family

letter-probability matrix: alength= 4 w= 23 nsites= 24 E= 0
  0.333333	  0.166667	  0.000000	  0.500000	
  0.625000	  0.000000	  0.000000	  0.375000	
  0.083333	  0.000000	  0.000000	  0.916667	
  1.000000	  0.000000	  0.000000	  0.000000	
  0.125000	  0.000000	  0.875000	  0.000000	
  0.000000	  0.000000	  0.125000	  0.875000	
  0.083333	  0.000000	  0.000000	  0.916667	
  0.375000	  0.208333	  0.000000	  0.416667	
  0.625000	  0.000000	  0.333333	  0.041667	
  0.666667	  0.000000	  0.000000	  0.333333	
  0.000000	  0.250000	  0.000000	  0.750000	
  0.000000	  0.500000	  0.500000	  0.000000	
  0.750000	  0.000000	  0.250000	  0.000000	
  0.333333	  0.000000	  0.000000	  0.666667	
  0.000000	  0.250000	  0.000000	  0.750000	
  0.291667	  0.000000	  0.041667	  0.666667	
  0.541667	  0.000000	  0.166667	  0.291667	
  1.000000	  0.000000	  0.000000	  0.000000	
  0.000000	  0.791667	  0.000000	  0.208333	
  0.166667	  0.041667	  0.000000	  0.791667	
  0.916667	  0.000000	  0.000000	  0.083333	
  0.333333	  0.000000	  0.000000	  0.666667	
  0.333333	  0.166667	  0.125000	  0.375000	

URL http://regprecise.lbl.gov/RegPrecise/regulog.jsp?regulog_id=6802

MOTIF XylR_Clostridia-1 ROK-family

letter-probability matrix: alength= 4 w= 25 nsites= 20 E= 0
  0.900000	  0.050000	  0.050000	  0.000000	
  0.200000	  0.750000	  0.050000	  0.000000	
  0.050000	  0.000000	  0.000000	  0.950000	
  0.000000	  0.000000	  0.000000	  1.000000	
  0.600000	  0.000000	  0.000000	  0.400000	
  0.100000	  0.000000	  0.000000	  0.900000	
  0.100000	  0.050000	  0.000000	  0.850000	
  1.000000	  0.000000	  0.000000	  0.000000	
  1.000000	  0.000000	  0.000000	  0.000000	
  1.000000	  0.000000	  0.000000	  0.000000	
  0.400000	  0.100000	  0.250000	  0.250000	
  0.300000	  0.050000	  0.300000	  0.350000	
  0.800000	  0.000000	  0.050000	  0.150000	
  0.350000	  0.400000	  0.000000	  0.250000	
  0.600000	  0.150000	  0.000000	  0.250000	
  0.000000	  0.000000	  0.050000	  0.950000	
  0.050000	  0.000000	  0.050000	  0.900000	
  0.000000	  0.000000	  0.100000	  0.900000	
  0.700000	  0.000000	  0.000000	  0.300000	
  0.850000	  0.000000	  0.000000	  0.150000	
  0.850000	  0.000000	  0.100000	  0.050000	
  1.000000	  0.000000	  0.000000	  0.000000	
  0.950000	  0.000000	  0.050000	  0.000000	
  0.000000	  0.050000	  0.700000	  0.250000	
  0.350000	  0.000000	  0.100000	  0.550000	

URL http://regprecise.lbl.gov/RegPrecise/regulog.jsp?regulog_id=6897

MOTIF BglR_Thermotogales ROK-family

letter-probability matrix: alength= 4 w= 23 nsites= 7 E= 0
  0.857143	  0.000000	  0.000000	  0.142857	
  1.000000	  0.000000	  0.000000	  0.000000	
  0.285714	  0.000000	  0.000000	  0.714286	
  0.285714	  0.000000	  0.000000	  0.714286	
  0.000000	  0.142857	  0.000000	  0.857143	
  0.000000	  1.000000	  0.000000	  0.000000	
  0.000000	  0.000000	  0.000000	  1.000000	
  0.000000	  0.000000	  0.000000	  1.000000	
  0.000000	  0.000000	  0.000000	  1.000000	
  0.000000	  0.714286	  0.000000	  0.285714	
  0.000000	  0.000000	  0.000000	  1.000000	
  0.000000	  0.142857	  0.714286	  0.142857	
  1.000000	  0.000000	  0.000000	  0.000000	
  0.000000	  0.000000	  1.000000	  0.000000	
  0.285714	  0.000000	  0.714286	  0.000000	
  1.000000	  0.000000	  0.000000	  0.000000	
  1.000000	  0.000000	  0.000000	  0.000000	
  0.000000	  0.000000	  1.000000	  0.000000	
  1.000000	  0.000000	  0.000000	  0.000000	
  0.000000	  0.000000	  0.000000	  1.000000	
  1.000000	  0.000000	  0.000000	  0.000000	
  0.285714	  0.000000	  0.571429	  0.142857	
  0.714286	  0.000000	  0.000000	  0.285714	

URL http://regprecise.lbl.gov/RegPrecise/regulog.jsp?regulog_id=742

MOTIF GluR_Thermotogales ROK-family

letter-probability matrix: alength= 4 w= 23 nsites= 7 E= 0
  1.000000	  0.000000	  0.000000	  0.000000	
  0.000000	  0.000000	  0.000000	  1.000000	
  0.000000	  0.000000	  0.000000	  1.000000	
  0.000000	  0.000000	  0.000000	  1.000000	
  0.285714	  0.000000	  0.714286	  0.000000	
  1.000000	  0.000000	  0.000000	  0.000000	
  0.000000	  0.000000	  0.000000	  1.000000	
  0.000000	  0.000000	  0.000000	  1.000000	
  0.571429	  0.428571	  0.000000	  0.000000	
  0.000000	  0.571429	  0.000000	  0.428571	
  0.571429	  0.000000	  0.142857	  0.285714	
  0.428571	  0.142857	  0.000000	  0.428571	
  0.000000	  0.571429	  0.000000	  0.428571	
  0.000000	  0.000000	  1.000000	  0.000000	
  0.000000	  0.000000	  0.428571	  0.571429	
  0.428571	  0.571429	  0.000000	  0.000000	
  1.000000	  0.000000	  0.000000	  0.000000	
  0.428571	  0.000000	  0.142857	  0.428571	
  0.000000	  0.000000	  0.000000	  1.000000	
  0.000000	  0.000000	  0.000000	  1.000000	
  1.000000	  0.000000	  0.000000	  0.000000	
  1.000000	  0.000000	  0.000000	  0.000000	
  0.000000	  0.285714	  0.000000	  0.714286	

URL http://regprecise.lbl.gov/RegPrecise/regulog.jsp?regulog_id=743

MOTIF ChiR_Thermotogales ROK-family

letter-probability matrix: alength= 4 w= 23 nsites= 8 E= 0
  0.500000	  0.000000	  0.000000	  0.500000	
  1.000000	  0.000000	  0.000000	  0.000000	
  0.000000	  0.000000	  1.000000	  0.000000	
  0.000000	  0.000000	  0.000000	  1.000000	
  0.000000	  0.000000	  0.000000	  1.000000	
  0.000000	  0.000000	  1.000000	  0.000000	
  0.250000	  0.250000	  0.000000	  0.500000	
  0.125000	  0.000000	  0.000000	  0.875000	
  0.000000	  0.000000	  0.125000	  0.875000	
  0.000000	  0.000000	  0.875000	  0.125000	
  0.375000	  0.625000	  0.000000	  0.000000	
  0.625000	  0.000000	  0.250000	  0.125000	
  0.250000	  0.000000	  0.750000	  0.000000	
  0.000000	  1.000000	  0.000000	  0.000000	
  1.000000	  0.000000	  0.000000	  0.000000	
  0.375000	  0.125000	  0.000000	  0.500000	
  0.000000	  0.125000	  0.750000	  0.125000	
  0.000000	  1.000000	  0.000000	  0.000000	
  1.000000	  0.000000	  0.000000	  0.000000	
  1.000000	  0.000000	  0.000000	  0.000000	
  0.000000	  1.000000	  0.000000	  0.000000	
  0.000000	  0.000000	  0.000000	  1.000000	
  1.000000	  0.000000	  0.000000	  0.000000	

URL http://regprecise.lbl.gov/RegPrecise/regulog.jsp?regulog_id=744

MOTIF ManR_Thermotogales ROK-family

letter-probability matrix: alength= 4 w= 23 nsites= 9 E= 0
  0.555556	  0.000000	  0.222222	  0.222222	
  0.777778	  0.000000	  0.000000	  0.222222	
  1.000000	  0.000000	  0.000000	  0.000000	
  0.000000	  0.000000	  0.000000	  1.000000	
  0.777778	  0.000000	  0.000000	  0.222222	
  1.000000	  0.000000	  0.000000	  0.000000	
  0.000000	  0.000000	  0.777778	  0.222222	
  0.000000	  0.000000	  0.000000	  1.000000	
  1.000000	  0.000000	  0.000000	  0.000000	
  0.666667	  0.333333	  0.000000	  0.000000	
  0.555556	  0.000000	  0.222222	  0.222222	
  0.000000	  0.222222	  0.555556	  0.222222	
  0.111111	  0.000000	  0.222222	  0.666667	
  0.000000	  0.000000	  0.000000	  1.000000	
  0.000000	  0.222222	  0.000000	  0.777778	
  1.000000	  0.000000	  0.000000	  0.000000	
  0.000000	  0.777778	  0.000000	  0.222222	
  0.000000	  0.000000	  0.000000	  1.000000	
  0.555556	  0.000000	  0.000000	  0.444444	
  0.777778	  0.222222	  0.000000	  0.000000	
  0.000000	  0.000000	  0.222222	  0.777778	
  0.000000	  0.000000	  0.000000	  1.000000	
  0.777778	  0.000000	  0.000000	  0.222222	

URL http://regprecise.lbl.gov/RegPrecise/regulog.jsp?regulog_id=753

MOTIF TreR_Thermotogales ROK-family

letter-probability matrix: alength= 4 w= 23 nsites= 19 E= 0
  0.684211	  0.052632	  0.000000	  0.263158	
  0.000000	  0.000000	  0.000000	  1.000000	
  0.368421	  0.000000	  0.000000	  0.631579	
  0.473684	  0.000000	  0.000000	  0.526316	
  0.631579	  0.000000	  0.000000	  0.368421	
  0.000000	  0.000000	  0.000000	  1.000000	
  0.000000	  0.000000	  0.000000	  1.000000	
  0.000000	  0.947368	  0.000000	  0.052632	
  0.631579	  0.000000	  0.368421	  0.000000	
  0.736842	  0.000000	  0.000000	  0.263158	
  0.368421	  0.000000	  0.368421	  0.263158	
  0.315789	  0.000000	  0.000000	  0.684211	
  0.263158	  0.105263	  0.000000	  0.631579	
  0.578947	  0.000000	  0.000000	  0.421053	
  0.000000	  0.894737	  0.000000	  0.105263	
  0.052632	  0.000000	  0.947368	  0.000000	
  1.000000	  0.000000	  0.000000	  0.000000	
  0.947368	  0.052632    0.000000	  0.000000	
  0.473684	  0.052632	  0.000000	  0.473684	
  0.842105	  0.000000	  0.000000	  0.157895	
  0.842105	  0.000000	  0.000000	  0.157895	
  1.000000	  0.000000	  0.000000	  0.000000	
  0.263158	  0.000000	  0.052632	  0.684211	

URL http://regprecise.lbl.gov/RegPrecise/regulog.jsp?regulog_id=761

MOTIF XylR_Thermotogales ROK-family

letter-probability matrix: alength= 4 w= 23 nsites= 39 E= 0
  0.692308	  0.000000	  0.282051	  0.025641	
  0.307692	  0.000000	  0.000000	  0.692308	
  0.256410	  0.000000	  0.000000	  0.743590	
  0.641026	  0.000000	  0.000000	  0.358974	
  0.025641	  0.000000	  0.025641	  0.948718	
  0.000000	  0.000000	  0.000000	  1.000000	
  0.000000	  0.000000	  0.153846	  0.846154	
  0.128205	  0.743590	  0.000000	  0.128205	
  0.000000	  0.435897	  0.051282	  0.512821	
  0.025641	  0.230769	  0.025641	  0.717949	
  0.025641	  0.025641	  0.564103	  0.384615	
  0.461538	  0.153846	  0.102564	  0.282051	
  0.410256	  0.282051	  0.128205	  0.179487	
  0.641026	  0.000000	  0.153846	  0.205128	
  0.435897	  0.000000	  0.564103	  0.000000	
  0.333333	  0.000000	  0.512821	  0.153846	
  1.000000	  0.000000	  0.000000	  0.000000	
  1.000000	  0.000000	  0.000000	  0.000000	
  0.871795	  0.000000	  0.000000	  0.128205	
  0.512821	  0.000000	  0.000000	  0.487179	
  1.000000	  0.000000	  0.000000	  0.000000	
  0.743590	  0.000000	  0.000000	  0.256410	
  0.025641	  0.179487	  0.025641	  0.769231	

URL http://regprecise.lbl.gov/RegPrecise/regulog.jsp?regulog_id=764

MOTIF XylR_Bacillales ROK-family

letter-probability matrix: alength= 4 w= 25 nsites= 28 E= 0
  0.928571	  0.000000	  0.000000	  0.071429	
  0.035714	  0.428571	  0.535714	  0.000000	
  0.000000	  0.000000	  0.000000	  1.000000	
  0.000000	  0.000000	  0.000000	  1.000000	
  0.428571	  0.000000	  0.000000	  0.571429	
  0.000000	  0.000000	  1.000000	  0.000000	
  0.000000	  0.000000	  0.000000	  1.000000	
  0.035714	  0.107143	  0.000000	  0.857143	
  0.035714	  0.035714	  0.107143	  0.821429	
  0.642857	  0.035714	  0.285714	  0.035714	
  0.250000	  0.107143	  0.071429	  0.571429	
  0.107143	  0.178571	  0.000000	  0.714286	
  0.250000	  0.214286	  0.250000	  0.285714	
  0.500000	  0.035714	  0.392857	  0.071429	
  0.642857	  0.000000	  0.107143	  0.250000	
  0.071429	  0.250000	  0.035714	  0.642857	
  0.678571	  0.214286	  0.035714	  0.071429	
  0.821429	  0.000000	  0.142857	  0.035714	
  1.000000	  0.000000	  0.000000	  0.000000	
  0.000000	  0.964286	  0.000000	  0.035714	
  0.607143	  0.000000	  0.000000	  0.392857	
  1.000000	  0.000000	  0.000000	  0.000000	
  0.964286	  0.000000	  0.000000	  0.035714	
  0.000000	  0.678571	  0.321429	  0.000000	
  0.321429	  0.035714	  0.000000	  0.642857	

URL http://regprecise.lbl.gov/RegPrecise/regulog.jsp?regulog_id=787


