Converted 4 motifs.
0 conversion errors.
MEME version 4

ALPHABET= ACGT

strands: + -

Background letter frequencies (from uniform background):
A 0.25000 C 0.25000 G 0.25000 T 0.25000 

MOTIF SdaR_Enterobacteriales SdaR-family

letter-probability matrix: alength= 4 w= 20 nsites= 31 E= 0
  0.096774	  0.451613	  0.096774	  0.354839	
  0.258065	  0.032258	  0.129032	  0.580645	
  0.129032	  0.032258	  0.000000	  0.838710	
  0.129032	  0.096774	  0.032258	  0.741935	
  0.193548	  0.000000	  0.741935	  0.064516	
  0.193548	  0.000000	  0.322581	  0.483871	
  0.000000	  0.000000	  0.935484	  0.064516	
  0.032258	  0.967742	  0.000000	  0.000000	
  0.838710	  0.000000	  0.064516	  0.096774	
  0.322581	  0.032258	  0.032258	  0.612903	
  0.548387	  0.000000	  0.032258	  0.419355	
  0.032258	  0.161290	  0.000000	  0.806452	
  0.000000	  0.000000	  1.000000	  0.000000	
  0.032258	  0.967742	  0.000000	  0.000000	
  0.451613	  0.354839	  0.000000	  0.193548	
  0.161290	  0.774194	  0.000000	  0.064516	
  0.677419	  0.129032	  0.064516	  0.129032	
  0.806452	  0.032258	  0.000000	  0.161290	
  0.451613	  0.064516	  0.032258	  0.451613	
  0.387097	  0.064516	  0.419355	  0.129032	

URL http://regprecise.lbl.gov/RegPrecise/regulog.jsp?regulog_id=1137

MOTIF SdaR_Shewanellaceae SdaR-family

letter-probability matrix: alength= 4 w= 20 nsites= 14 E= 0
  0.285714	  0.000000	  0.000000	  0.714286	
  0.285714	  0.000000	  0.071429	  0.642857	
  0.000000	  0.142857	  0.000000	  0.857143	
  0.000000	  0.000000	  0.000000	  1.000000	
  0.000000	  0.000000	  1.000000	  0.000000	
  0.000000	  0.000000	  0.071429	  0.928571	
  0.000000	  0.000000	  1.000000	  0.000000	
  0.000000	  1.000000	  0.000000	  0.000000	
  0.428571	  0.000000	  0.500000	  0.071429	
  0.071429	  0.642857	  0.000000	  0.285714	
  0.714286	  0.000000	  0.285714	  0.000000	
  0.142857	  0.714286	  0.000000	  0.142857	
  0.000000	  0.000000	  1.000000	  0.000000	
  0.000000	  1.000000	  0.000000	  0.000000	
  1.000000	  0.000000	  0.000000	  0.000000	
  0.000000	  1.000000	  0.000000	  0.000000	
  1.000000	  0.000000	  0.000000	  0.000000	
  1.000000	  0.000000	  0.000000	  0.000000	
  0.857143	  0.000000	  0.000000	  0.142857	
  0.785714	  0.000000	  0.000000	  0.214286	

URL http://regprecise.lbl.gov/RegPrecise/regulog.jsp?regulog_id=622

MOTIF SdaR_Vibrionales SdaR-family

letter-probability matrix: alength= 4 w= 20 nsites= 7 E= 0
  0.571429	  0.142857	  0.142857	  0.142857	
  0.714286	  0.000000	  0.000000	  0.285714	
  0.000000	  0.000000	  0.000000	  1.000000	
  0.000000	  0.000000	  0.000000	  1.000000	
  0.000000	  0.000000	  1.000000	  0.000000	
  0.000000	  0.000000	  0.000000	  1.000000	
  0.000000	  0.000000	  1.000000	  0.000000	
  0.000000	  1.000000	  0.000000	  0.000000	
  1.000000	  0.000000	  0.000000	  0.000000	
  0.428571	  0.000000	  0.142857	  0.428571	
  0.285714	  0.285714	  0.142857	  0.285714	
  0.000000	  0.000000	  0.000000	  1.000000	
  0.142857	  0.000000	  0.857143	  0.000000	
  0.000000	  1.000000	  0.000000	  0.000000	
  1.000000	  0.000000	  0.000000	  0.000000	
  0.000000	  1.000000	  0.000000	  0.000000	
  1.000000	  0.000000	  0.000000	  0.000000	
  0.857143	  0.000000	  0.142857	  0.000000	
  0.285714	  0.000000	  0.000000	  0.714286	
  0.571429	  0.000000	  0.142857	  0.285714	

URL http://regprecise.lbl.gov/RegPrecise/regulog.jsp?regulog_id=6444

MOTIF SdaR_Pseudomonadaceae SdaR-family

letter-probability matrix: alength= 4 w= 20 nsites= 13 E= 0
  0.000000	  0.692308	  0.230769	  0.076923	
  0.076923	  0.153846	  0.461538	  0.307692	
  0.000000	  0.384615	  0.000000	  0.615385	
  0.000000	  0.000000	  0.000000	  1.000000	
  0.000000	  0.000000	  1.000000	  0.000000	
  0.000000	  0.000000	  0.000000	  1.000000	
  0.000000	  0.000000	  0.923077	  0.076923	
  0.000000	  1.000000	  0.000000	  0.000000	
  0.461538	  0.153846	  0.230769	  0.153846	
  0.307692	  0.076923	  0.307692	  0.307692	
  0.230769	  0.153846	  0.153846	  0.461538	
  0.153846	  0.307692	  0.153846	  0.384615	
  0.076923	  0.000000	  0.923077	  0.000000	
  0.153846	  0.846154	  0.000000	  0.000000	
  1.000000	  0.000000	  0.000000	  0.000000	
  0.000000	  1.000000	  0.000000	  0.000000	
  1.000000	  0.000000	  0.000000	  0.000000	
  0.538462	  0.000000	  0.461538	  0.000000	
  0.384615	  0.461538	  0.076923	  0.076923	
  0.230769	  0.153846	  0.615385	  0.000000	

URL http://regprecise.lbl.gov/RegPrecise/regulog.jsp?regulog_id=6567


