MEME version 4

ALPHABET= ACGT

strands: + -

Background letter frequencies (from uniform background):
A 0.25000 C 0.25000 G 0.25000 T 0.25000 

MOTIF LiuQ_Ralstonia TetR-family

letter-probability matrix: alength= 4 w= 15 nsites= 14 E= 0
  0.000000	  0.000000	  0.071429	  0.928571	
  0.000000	  0.000000	  0.000000	  1.000000	
  0.000000	  0.000000	  1.000000	  0.000000	
  1.000000	  0.000000	  0.000000	  0.000000	
  0.071429	  0.071429	  0.857143	  0.000000	
  0.000000	  0.285714	  0.000000	  0.714286	
  0.428571	  0.071429	  0.285714	  0.214286	
  0.500000	  0.000000	  0.071429	  0.428571	
  0.214286	  0.285714	  0.000000	  0.500000	
  0.571429	  0.071429	  0.357143	  0.000000	
  0.000000	  0.857143	  0.071429	  0.071429	
  0.000000	  0.000000	  0.000000	  1.000000	
  0.000000	  1.000000	  0.000000	  0.000000	
  1.000000	  0.000000	  0.000000	  0.000000	
  0.928571	  0.071429	  0.000000	  0.000000	

URL http://regprecise.lbl.gov/RegPrecise/regulog.jsp?regulog_id=1091

MOTIF FadP_Ralstonia TetR-family

letter-probability matrix: alength= 4 w= 16 nsites= 85 E= 0
  0.223529	  0.058824	  0.047059	  0.670588	
  0.447059	  0.411765	  0.000000	  0.141176	
  0.000000	  0.000000	  1.000000	  0.000000	
  0.705882	  0.129412	  0.000000	  0.164706	
  1.000000	  0.000000	  0.000000	  0.000000	
  0.000000	  1.000000	  0.000000	  0.000000	
  0.000000	  0.000000	  1.000000	  0.000000	
  0.811765	  0.035294	  0.152941	  0.000000	
  0.000000	  0.482353	  0.000000	  0.517647	
  0.000000	  0.929412	  0.000000	  0.070588	
  0.070588	  0.000000	  0.929412	  0.000000	
  0.000000	  0.000000	  0.000000	  1.000000	
  0.000000	  0.011765	  0.188235	  0.800000	
  0.000000	  0.988235	  0.000000	  0.011765	
  0.376471	  0.047059	  0.329412	  0.247059	
  0.423529	  0.223529	  0.200000	  0.152941	

URL http://regprecise.lbl.gov/RegPrecise/regulog.jsp?regulog_id=1100

MOTIF PsrA_Ralstonia TetR-family

letter-probability matrix: alength= 4 w= 20 nsites= 9 E= 0
  0.111111	  0.555556	  0.111111	  0.222222	
  0.444444	  0.000000	  0.000000	  0.555556	
  0.000000	  0.000000	  0.000000	  1.000000	
  0.222222	  0.777778	  0.000000	  0.000000	
  0.666667	  0.000000	  0.333333	  0.000000	
  0.777778	  0.000000	  0.000000	  0.222222	
  0.888889	  0.000000	  0.111111	  0.000000	
  0.000000	  1.000000	  0.000000	  0.000000	
  0.444444	  0.000000	  0.555556	  0.000000	
  0.000000	  0.444444	  0.333333	  0.222222	
  0.000000	  0.444444	  0.555556	  0.000000	
  0.000000	  0.222222	  0.444444	  0.333333	
  0.111111	  0.000000	  0.888889	  0.000000	
  0.000000	  0.000000	  0.000000	  1.000000	
  0.444444	  0.000000	  0.000000	  0.555556	
  0.000000	  0.333333	  0.000000	  0.666667	
  0.000000	  0.444444	  0.555556	  0.000000	
  0.777778	  0.000000	  0.000000	  0.222222	
  0.555556	  0.000000	  0.000000	  0.444444	
  0.222222	  0.000000	  0.666667	  0.111111	

URL http://regprecise.lbl.gov/RegPrecise/regulog.jsp?regulog_id=1102

MOTIF FabR_Enterobacteriales TetR-family

letter-probability matrix: alength= 4 w= 18 nsites= 40 E= 0
  0.775000	  0.000000	  0.200000	  0.025000	
  0.025000	  0.000000	  0.975000	  0.000000	
  0.000000	  0.900000	  0.000000	  0.100000	
  0.025000	  0.000000	  0.700000	  0.275000	
  0.225000	  0.025000	  0.000000	  0.750000	
  1.000000	  0.000000	  0.000000	  0.000000	
  0.000000	  1.000000	  0.000000	  0.000000	
  1.000000	  0.000000	  0.000000	  0.000000	
  0.350000	  0.325000	  0.275000	  0.050000	
  0.000000	  0.275000	  0.725000	  0.000000	
  0.000000	  0.000000	  0.000000	  1.000000	
  0.000000	  0.000000	  1.000000	  0.000000	
  0.000000	  0.000000	  0.000000	  1.000000	
  0.725000	  0.000000	  0.000000	  0.275000	
  0.325000	  0.675000	  0.000000	  0.000000	
  0.225000	  0.000000	  0.725000	  0.050000	
  0.000000	  1.000000	  0.000000	  0.000000	
  0.000000	  0.000000	  0.000000	  1.000000	

URL http://regprecise.lbl.gov/RegPrecise/regulog.jsp?regulog_id=1148

MOTIF BetI_Enterobacteriales TetR-family

letter-probability matrix: alength= 4 w= 20 nsites= 14 E= 0
  0.000000	  0.000000	  0.000000	  1.000000	
  0.214286	  0.000000	  0.000000	  0.785714	
  0.142857	  0.000000	  0.500000	  0.357143	
  1.000000	  0.000000	  0.000000	  0.000000	
  0.000000	  0.000000	  0.000000	  1.000000	
  0.000000	  0.000000	  0.000000	  1.000000	
  0.000000	  0.000000	  1.000000	  0.000000	
  0.785714	  0.000000	  0.214286	  0.000000	
  1.000000	  0.000000	  0.000000	  0.000000	
  0.000000	  0.857143	  0.000000	  0.142857	
  0.071429	  0.000000	  0.928571	  0.000000	
  0.000000	  0.071429	  0.000000	  0.928571	
  0.000000	  0.214286	  0.071429	  0.714286	
  0.000000	  1.000000	  0.000000	  0.000000	
  1.000000	  0.000000	  0.000000	  0.000000	
  1.000000	  0.000000	  0.000000	  0.000000	
  0.000000	  0.000000	  0.000000	  1.000000	
  0.428571	  0.500000	  0.000000	  0.071429	
  0.714286	  0.000000	  0.000000	  0.285714	
  1.000000	  0.000000	  0.000000	  0.000000	

URL http://regprecise.lbl.gov/RegPrecise/regulog.jsp?regulog_id=1149

MOTIF RutR_Enterobacteriales TetR-family

letter-probability matrix: alength= 4 w= 20 nsites= 13 E= 0
  0.307692	  0.000000	  0.000000	  0.692308	
  0.076923	  0.000000	  0.153846	  0.769231	
  0.000000	  0.153846	  0.000000	  0.846154	
  0.076923	  0.000000	  0.153846	  0.769231	
  0.000000	  0.000000	  1.000000	  0.000000	
  1.000000	  0.000000	  0.000000	  0.000000	
  0.000000	  1.000000	  0.000000	  0.000000	
  0.000000	  0.846154	  0.000000	  0.153846	
  0.846154	  0.000000	  0.153846	  0.000000	
  0.230769	  0.000000	  0.076923	  0.692308	
  0.307692	  0.153846	  0.000000	  0.538462	
  0.000000	  0.230769	  0.000000	  0.769231	
  0.230769	  0.000000	  0.769231	  0.000000	
  0.000000	  0.000000	  1.000000	  0.000000	
  0.000000	  0.000000	  0.000000	  1.000000	
  0.000000	  1.000000	  0.000000	  0.000000	
  0.230769	  0.615385	  0.000000	  0.153846	
  0.846154	  0.000000	  0.153846	  0.000000	
  0.230769	  0.615385	  0.076923	  0.076923	
  0.230769	  0.000000	  0.000000	  0.769231	

URL http://regprecise.lbl.gov/RegPrecise/regulog.jsp?regulog_id=1170

MOTIF AcrR_Enterobacteriales TetR-family

letter-probability matrix: alength= 4 w= 24 nsites= 24 E= 0
  0.000000	  0.000000	  0.000000	  1.000000	
  1.000000	  0.000000	  0.000000	  0.000000	
  0.000000	  1.000000	  0.000000	  0.000000	
  1.000000	  0.000000	  0.000000	  0.000000	
  0.083333	  0.000000	  0.000000	  0.916667	
  0.958333	  0.000000	  0.041667	  0.000000	
  0.000000	  1.000000	  0.000000	  0.000000	
  1.000000	  0.000000	  0.000000	  0.000000	
  0.000000	  0.000000	  0.000000	  1.000000	
  0.166667	  0.083333	  0.000000	  0.750000	
  0.000000	  0.708333	  0.041667	  0.250000	
  0.583333	  0.000000	  0.375000	  0.041667	
  0.041667	  0.375000	  0.000000	  0.583333	
  0.250000	  0.041667	  0.708333	  0.000000	
  0.750000	  0.000000	  0.083333	  0.166667	
  1.000000	  0.000000	  0.000000	  0.000000	
  0.000000	  0.000000	  0.000000	  1.000000	
  0.000000	  0.000000	  1.000000	  0.000000	
  0.000000	  0.041667	  0.000000	  0.958333	
  0.916667	  0.000000	  0.000000	  0.083333	
  0.000000	  0.000000	  0.000000	  1.000000	
  0.000000	  0.000000	  1.000000	  0.000000	
  0.000000	  0.000000	  0.000000	  1.000000	
  1.000000	  0.000000	  0.000000	  0.000000	

URL http://regprecise.lbl.gov/RegPrecise/regulog.jsp?regulog_id=1185

MOTIF FadR_Bacillales TetR-family

letter-probability matrix: alength= 4 w= 20 nsites= 48 E= 0
  0.708333	  0.020833	  0.020833	  0.250000	
  0.020833	  0.000000	  0.000000	  0.979167	
  0.020833	  0.000000	  0.979167	  0.000000	
  1.000000	  0.000000	  0.000000	  0.000000	
  0.770833	  0.208333	  0.020833	  0.000000	
  0.000000	  0.000000	  0.000000	  1.000000	
  0.000000	  0.000000	  1.000000	  0.000000	
  0.916667	  0.000000	  0.062500	  0.020833	
  0.458333	  0.145833	  0.187500	  0.208333	
  0.000000	  0.208333	  0.041667	  0.750000	
  0.812500	  0.000000	  0.187500	  0.000000	
  0.104167	  0.270833	  0.062500	  0.562500	
  0.000000	  0.020833	  0.000000	  0.979167	
  0.000000	  1.000000	  0.000000	  0.000000	
  1.000000	  0.000000	  0.000000	  0.000000	
  0.000000	  0.041667	  0.020833	  0.937500	
  0.000000	  0.000000	  0.000000	  1.000000	
  0.000000	  0.979167	  0.000000	  0.020833	
  0.916667	  0.000000	  0.041667	  0.041667	
  0.229167	  0.041667	  0.062500	  0.666667	

URL http://regprecise.lbl.gov/RegPrecise/regulog.jsp?regulog_id=1260

MOTIF QdoR_Bacillales TetR-family

letter-probability matrix: alength= 4 w= 18 nsites= 7 E= 0
  0.571429	  0.000000	  0.000000	  0.428571	
  0.000000	  0.000000	  0.000000	  1.000000	
  1.000000	  0.000000	  0.000000	  0.000000	
  0.000000	  0.000000	  0.428571	  0.571429	
  1.000000	  0.000000	  0.000000	  0.000000	
  0.000000	  0.428571	  0.000000	  0.571429	
  0.428571	  0.571429	  0.000000	  0.000000	
  0.571429	  0.000000	  0.428571	  0.000000	
  0.571429	  0.000000	  0.428571	  0.000000	
  0.142857	  0.142857	  0.000000	  0.714286	
  0.000000	  0.714286	  0.000000	  0.285714	
  0.428571	  0.000000	  0.571429	  0.000000	
  0.000000	  0.428571	  0.571429	  0.000000	
  0.000000	  0.000000	  0.000000	  1.000000	
  0.428571	  0.571429	  0.000000	  0.000000	
  0.000000	  0.000000	  0.000000	  1.000000	
  1.000000	  0.000000	  0.000000	  0.000000	
  0.285714	  0.142857	  0.142857	  0.428571	

URL http://regprecise.lbl.gov/RegPrecise/regulog.jsp?regulog_id=1275

MOTIF FatR_Bacillales TetR-family

letter-probability matrix: alength= 4 w= 18 nsites= 5 E= 0
  0.000000	  0.000000	  1.000000	  0.000000	
  0.000000	  0.000000	  1.000000	  0.000000	
  1.000000	  0.000000	  0.000000	  0.000000	
  1.000000	  0.000000	  0.000000	  0.000000	
  0.000000	  0.000000	  0.000000	  1.000000	
  0.000000	  0.000000	  1.000000	  0.000000	
  1.000000	  0.000000	  0.000000	  0.000000	
  1.000000	  0.000000	  0.000000	  0.000000	
  0.000000	  0.200000	  0.000000	  0.800000	
  0.400000	  0.000000	  0.400000	  0.200000	
  0.000000	  0.000000	  0.000000	  1.000000	
  0.000000	  0.000000	  0.000000	  1.000000	
  0.000000	  1.000000	  0.000000	  0.000000	
  1.000000	  0.000000	  0.000000	  0.000000	
  0.000000	  0.000000	  0.000000	  1.000000	
  0.000000	  0.000000	  0.000000	  1.000000	
  0.000000	  1.000000	  0.000000	  0.000000	
  0.000000	  1.000000	  0.000000	  0.000000	

URL http://regprecise.lbl.gov/RegPrecise/regulog.jsp?regulog_id=1276

MOTIF YhgD_Bacillales TetR-family

letter-probability matrix: alength= 4 w= 23 nsites= 17 E= 0
  0.000000	  0.000000	  0.000000	  1.000000	
  0.000000	  0.000000	  1.000000	  0.000000	
  1.000000	  0.000000	  0.000000	  0.000000	
  0.000000	  1.000000	  0.000000	  0.000000	
  0.000000	  0.647059	  0.000000	  0.352941	
  0.764706	  0.000000	  0.235294	  0.000000	
  0.705882	  0.000000	  0.000000	  0.294118	
  0.882353	  0.000000	  0.000000	  0.117647	
  0.411765	  0.058824	  0.000000	  0.529412	
  0.000000	  0.176471	  0.294118	  0.529412	
  0.294118	  0.000000	  0.647059	  0.058824	
  0.294118	  0.058824	  0.058824	  0.588235	
  0.117647	  0.470588	  0.058824	  0.352941	
  0.411765	  0.470588	  0.000000	  0.117647	
  0.882353	  0.000000	  0.000000	  0.117647	
  0.470588	  0.000000	  0.000000	  0.529412	
  0.235294	  0.000000	  0.058824	  0.705882	
  0.000000	  0.235294	  0.058824	  0.705882	
  0.411765	  0.000000	  0.588235	  0.000000	
  0.000000	  0.000000	  1.000000	  0.000000	
  0.000000	  0.000000	  0.000000	  1.000000	
  0.000000	  1.000000	  0.000000	  0.000000	
  1.000000	  0.000000	  0.000000	  0.000000	

URL http://regprecise.lbl.gov/RegPrecise/regulog.jsp?regulog_id=1431

MOTIF BioQ_Corynebacteriaceae TetR-family

letter-probability matrix: alength= 4 w= 17 nsites= 24 E= 0
  0.500000	  0.291667	  0.166667	  0.041667	
  0.041667	  0.166667	  0.000000	  0.791667	
  0.000000	  0.041667	  0.000000	  0.958333	
  0.125000	  0.000000	  0.833333	  0.041667	
  1.000000	  0.000000	  0.000000	  0.000000	
  1.000000	  0.000000	  0.000000	  0.000000	
  0.041667	  0.958333	  0.000000	  0.000000	
  0.666667	  0.000000	  0.333333	  0.000000	
  0.000000	  0.458333	  0.500000	  0.041667	
  0.000000	  0.166667	  0.000000	  0.833333	
  0.000000	  0.000000	  1.000000	  0.000000	
  0.000000	  0.041667	  0.000000	  0.958333	
  0.000000	  0.000000	  0.000000	  1.000000	
  0.041667	  0.916667	  0.000000	  0.041667	
  1.000000	  0.000000	  0.000000	  0.000000	
  0.833333	  0.000000	  0.166667	  0.000000	
  0.166667	  0.083333	  0.333333	  0.416667	

URL http://regprecise.lbl.gov/RegPrecise/regulog.jsp?regulog_id=1466

MOTIF FabR_Oceanospirillales/Alteromonadales TetR-family

letter-probability matrix: alength= 4 w= 18 nsites= 8 E= 0
  0.375000	  0.000000	  0.500000	  0.125000	
  0.000000	  0.000000	  1.000000	  0.000000	
  0.000000	  1.000000	  0.000000	  0.000000	
  0.000000	  0.000000	  0.500000	  0.500000	
  0.375000	  0.000000	  0.000000	  0.625000	
  1.000000	  0.000000	  0.000000	  0.000000	
  0.000000	  1.000000	  0.000000	  0.000000	
  1.000000	  0.000000	  0.000000	  0.000000	
  0.125000	  0.625000	  0.000000	  0.250000	
  0.000000	  0.250000	  0.250000	  0.500000	
  0.000000	  0.000000	  0.000000	  1.000000	
  0.000000	  0.000000	  1.000000	  0.000000	
  0.000000	  0.000000	  0.000000	  1.000000	
  0.625000	  0.000000	  0.375000	  0.000000	
  0.000000	  1.000000	  0.000000	  0.000000	
  0.000000	  0.000000	  1.000000	  0.000000	
  0.000000	  1.000000	  0.000000	  0.000000	
  0.000000	  0.250000	  0.000000	  0.750000	

URL http://regprecise.lbl.gov/RegPrecise/regulog.jsp?regulog_id=1543

MOTIF DesT_Pseudomonadaceae TetR-family

letter-probability matrix: alength= 4 w= 18 nsites= 13 E= 0
  0.923077	  0.000000	  0.000000	  0.076923	
  0.000000	  0.000000	  1.000000	  0.000000	
  0.076923	  0.000000	  0.000000	  0.923077	
  0.000000	  0.000000	  1.000000	  0.000000	
  0.307692	  0.538462	  0.000000	  0.153846	
  1.000000	  0.000000	  0.000000	  0.000000	
  0.000000	  1.000000	  0.000000	  0.000000	
  0.846154	  0.000000	  0.153846	  0.000000	
  0.307692	  0.461538	  0.076923	  0.153846	
  0.000000	  0.692308	  0.230769	  0.076923	
  0.000000	  0.307692	  0.000000	  0.692308	
  0.000000	  0.000000	  1.000000	  0.000000	
  0.000000	  0.000000	  0.000000	  1.000000	
  0.692308	  0.000000	  0.000000	  0.307692	
  0.000000	  0.846154	  0.153846	  0.000000	
  0.615385	  0.000000	  0.076923	  0.307692	
  0.000000	  0.769231	  0.000000	  0.230769	
  0.076923	  0.153846	  0.000000	  0.769231	

URL http://regprecise.lbl.gov/RegPrecise/regulog.jsp?regulog_id=1544

MOTIF FabR_Moraxellaceae TetR-family

letter-probability matrix: alength= 4 w= 18 nsites= 6 E= 0
  0.500000	  0.000000	  0.000000	  0.500000	
  0.333333	  0.333333	  0.000000	  0.333333	
  0.000000	  0.000000	  0.000000	  1.000000	
  1.000000	  0.000000	  0.000000	  0.000000	
  0.000000	  0.000000	  0.000000	  1.000000	
  1.000000	  0.000000	  0.000000	  0.000000	
  0.000000	  1.000000	  0.000000	  0.000000	
  1.000000	  0.000000	  0.000000	  0.000000	
  0.166667	  0.333333	  0.000000	  0.500000	
  0.333333	  0.166667	  0.333333	  0.166667	
  0.000000	  0.000000	  0.000000	  1.000000	
  0.000000	  0.000000	  1.000000	  0.000000	
  0.000000	  0.000000	  0.000000	  1.000000	
  1.000000	  0.000000	  0.000000	  0.000000	
  0.000000	  0.000000	  0.000000	  1.000000	
  0.666667	  0.000000	  0.000000	  0.333333	
  0.333333	  0.000000	  0.000000	  0.666667	
  0.333333	  0.000000	  0.000000	  0.666667	

URL http://regprecise.lbl.gov/RegPrecise/regulog.jsp?regulog_id=1545

MOTIF PsrA_Vibrionales TetR-family

letter-probability matrix: alength= 4 w= 20 nsites= 49 E= 0
  0.632653	  0.000000	  0.020408	  0.346939	
  0.122449	  0.000000	  0.183673	  0.693878	
  0.020408	  0.020408	  0.163265	  0.795918	
  0.040816	  0.224490	  0.000000	  0.734694	
  1.000000	  0.000000	  0.000000	  0.000000	
  0.918367	  0.000000	  0.000000	  0.081633	
  0.979592	  0.000000	  0.020408	  0.000000	
  0.000000	  0.979592	  0.000000	  0.020408	
  0.714286	  0.000000	  0.285714	  0.000000	
  0.285714	  0.428571	  0.204082	  0.081633	
  0.163265	  0.142857	  0.204082	  0.489796	
  0.020408	  0.061224	  0.000000	  0.918367	
  0.000000	  0.000000	  1.000000	  0.000000	
  0.020408	  0.000000	  0.000000	  0.979592	
  0.000000	  0.000000	  0.000000	  1.000000	
  0.000000	  0.000000	  0.020408	  0.979592	
  0.326531	  0.000000	  0.571429	  0.102041	
  1.000000	  0.000000	  0.000000	  0.000000	
  0.448980	  0.000000	  0.142857	  0.408163	
  0.632653	  0.061224	  0.000000	  0.306122	

URL http://regprecise.lbl.gov/RegPrecise/regulog.jsp?regulog_id=3093

MOTIF PsrA_Alteromonadales TetR-family

letter-probability matrix: alength= 4 w= 20 nsites= 26 E= 0
  0.653846	  0.000000	  0.076923	  0.269231	
  0.346154	  0.000000	  0.076923	  0.576923	
  0.038462	  0.038462	  0.038462	  0.884615	
  0.115385	  0.461538	  0.038462	  0.384615	
  1.000000	  0.000000	  0.000000	  0.000000	
  1.000000	  0.000000	  0.000000	  0.000000	
  1.000000	  0.000000	  0.000000	  0.000000	
  0.000000	  1.000000	  0.000000	  0.000000	
  0.500000	  0.000000	  0.461538	  0.038462	
  0.192308	  0.653846	  0.115385	  0.038462	
  0.230769	  0.269231	  0.269231	  0.230769	
  0.000000	  0.384615	  0.000000	  0.615385	
  0.000000	  0.000000	  1.000000	  0.000000	
  0.000000	  0.000000	  0.000000	  1.000000	
  0.000000	  0.000000	  0.000000	  1.000000	
  0.000000	  0.076923	  0.000000	  0.923077	
  0.538462	  0.000000	  0.346154	  0.115385	
  1.000000	  0.000000	  0.000000	  0.000000	
  0.846154	  0.000000	  0.000000	  0.153846	
  0.423077	  0.038462	  0.000000	  0.538462	

URL http://regprecise.lbl.gov/RegPrecise/regulog.jsp?regulog_id=3095

MOTIF PsrA_Psychromonadaceae/Aeromonadales TetR-family

letter-probability matrix: alength= 4 w= 20 nsites= 19 E= 0
  0.157895	  0.000000	  0.157895	  0.684211	
  0.105263	  0.000000	  0.157895	  0.736842	
  0.000000	  0.105263	  0.000000	  0.894737	
  0.105263	  0.421053	  0.052632	  0.421053	
  1.000000	  0.000000	  0.000000	  0.000000	
  0.947368	  0.000000	  0.000000	  0.052632	
  0.894737	  0.000000	  0.000000	  0.105263	
  0.052632	  0.736842	  0.000000	  0.210526	
  0.684211	  0.000000	  0.210526	  0.105263	
  0.368421	  0.000000	  0.263158	  0.368421	
  0.263158	  0.157895	  0.210526	  0.368421	
  0.000000	  0.421053	  0.000000	  0.578947	
  0.000000	  0.000000	  1.000000	  0.000000	
  0.052632	  0.000000	  0.000000	  0.947368	
  0.105263	  0.000000	  0.000000	  0.894737	
  0.000000	  0.000000	  0.157895	  0.842105	
  0.473684	  0.000000	  0.368421	  0.157895	
  0.947368	  0.052632	  0.000000	  0.000000	
  0.947368	  0.000000	  0.052632	  0.000000	
  0.578947	  0.000000	  0.052632	  0.368421	

URL http://regprecise.lbl.gov/RegPrecise/regulog.jsp?regulog_id=3096

MOTIF PsrA_Pseudomonadaceae TetR-family

letter-probability matrix: alength= 4 w= 20 nsites= 69 E= 0
  0.347826	  0.144928	  0.144928	  0.362319	
  0.173913	  0.144928	  0.014493	  0.666667	
  0.101449	  0.014493	  0.000000	  0.884058	
  0.000000	  0.826087	  0.086957	  0.086957	
  1.000000	  0.000000	  0.000000	  0.000000	
  1.000000	  0.000000	  0.000000	  0.000000	
  1.000000	  0.000000	  0.000000	  0.000000	
  0.000000	  1.000000	  0.000000	  0.000000	
  0.347826	  0.000000	  0.652174	  0.000000	
  0.318841	  0.188406	  0.260870	  0.231884	
  0.231884	  0.260870	  0.202899	  0.304348	
  0.115942	  0.347826	  0.000000	  0.536232	
  0.000000	  0.000000	  0.971014	  0.028986	
  0.000000	  0.000000	  0.000000	  1.000000	
  0.275362	  0.000000	  0.000000	  0.724638	
  0.000000	  0.014493	  0.000000	  0.985507	
  0.028986	  0.115942	  0.826087	  0.028986	
  0.710145	  0.000000	  0.014493	  0.275362	
  0.637681	  0.144928	  0.057971	  0.159420	
  0.246377	  0.188406	  0.028986	  0.536232	

URL http://regprecise.lbl.gov/RegPrecise/regulog.jsp?regulog_id=3098

MOTIF PsrA_Xanthomonadales TetR-family

letter-probability matrix: alength= 4 w= 20 nsites= 7 E= 0
  0.571429	  0.000000	  0.000000	  0.428571	
  0.285714	  0.285714	  0.000000	  0.428571	
  0.000000	  0.000000	  0.000000	  1.000000	
  0.142857	  0.857143	  0.000000	  0.000000	
  1.000000	  0.000000	  0.000000	  0.000000	
  1.000000	  0.000000	  0.000000	  0.000000	
  1.000000	  0.000000	  0.000000	  0.000000	
  0.000000	  1.000000	  0.000000	  0.000000	
  0.714286	  0.000000	  0.285714	  0.000000	
  0.857143	  0.000000	  0.000000	  0.142857	
  0.000000	  0.142857	  0.000000	  0.857143	
  0.000000	  0.857143	  0.000000	  0.142857	
  0.000000	  0.000000	  1.000000	  0.000000	
  0.142857	  0.000000	  0.000000	  0.857143	
  0.000000	  0.000000	  0.000000	  1.000000	
  0.000000	  0.000000	  0.000000	  1.000000	
  0.142857	  0.142857	  0.571429	  0.142857	
  0.857143	  0.000000	  0.142857	  0.000000	
  0.428571	  0.142857	  0.000000	  0.428571	
  0.428571	  0.142857	  0.000000	  0.428571	

URL http://regprecise.lbl.gov/RegPrecise/regulog.jsp?regulog_id=3100

MOTIF PsrA_Burkholderia TetR-family

letter-probability matrix: alength= 4 w= 20 nsites= 16 E= 0
  0.562500	  0.062500	  0.312500	  0.062500	
  0.625000	  0.000000	  0.000000	  0.375000	
  0.375000	  0.000000	  0.125000	  0.500000	
  0.500000	  0.500000	  0.000000	  0.000000	
  0.937500	  0.000000	  0.062500	  0.000000	
  1.000000	  0.000000	  0.000000	  0.000000	
  1.000000	  0.000000	  0.000000	  0.000000	
  0.000000	  1.000000	  0.000000	  0.000000	
  0.062500	  0.000000	  0.937500	  0.000000	
  0.062500	  0.562500	  0.375000	  0.000000	
  0.062500	  0.312500	  0.500000	  0.125000	
  0.000000	  0.187500	  0.500000	  0.312500	
  0.000000	  0.000000	  0.937500	  0.062500	
  0.000000	  0.000000	  0.000000	  1.000000	
  0.500000	  0.000000	  0.000000	  0.500000	
  0.000000	  0.000000	  0.000000	  1.000000	
  0.000000	  0.312500	  0.687500	  0.000000	
  1.000000	  0.000000	  0.000000	  0.000000	
  0.500000	  0.000000	  0.000000	  0.500000	
  0.125000	  0.000000	  0.500000	  0.375000	

URL http://regprecise.lbl.gov/RegPrecise/regulog.jsp?regulog_id=3101

MOTIF PsrA_Rhizobiales TetR-family

letter-probability matrix: alength= 4 w= 20 nsites= 12 E= 0
  0.166667	  0.083333	  0.000000	  0.750000	
  0.250000	  0.083333	  0.083333	  0.583333	
  0.000000	  0.000000	  0.000000	  1.000000	
  0.000000	  0.666667	  0.333333	  0.000000	
  1.000000	  0.000000	  0.000000	  0.000000	
  0.750000	  0.000000	  0.000000	  0.250000	
  1.000000	  0.000000	  0.000000	  0.000000	
  0.000000	  1.000000	  0.000000	  0.000000	
  0.583333	  0.000000	  0.166667	  0.250000	
  0.750000	  0.000000	  0.250000	  0.000000	
  0.000000	  0.250000	  0.000000	  0.750000	
  0.250000	  0.166667	  0.000000	  0.583333	
  0.000000	  0.000000	  1.000000	  0.000000	
  0.000000	  0.000000	  0.000000	  1.000000	
  0.250000	  0.000000	  0.000000	  0.750000	
  0.000000	  0.000000	  0.000000	  1.000000	
  0.000000	  0.333333	  0.666667	  0.000000	
  1.000000	  0.000000	  0.000000	  0.000000	
  0.583333	  0.083333	  0.083333	  0.250000	
  0.750000	  0.000000	  0.083333	  0.166667	

URL http://regprecise.lbl.gov/RegPrecise/regulog.jsp?regulog_id=3104

MOTIF PsrA_Caulobacterales TetR-family

letter-probability matrix: alength= 4 w= 20 nsites= 70 E= 0
  0.371429	  0.257143	  0.185714	  0.185714	
  0.128571	  0.128571	  0.200000	  0.542857	
  0.028571	  0.228571	  0.085714	  0.657143	
  0.114286	  0.871429	  0.014286	  0.000000	
  0.757143	  0.042857	  0.171429	  0.028571	
  0.957143	  0.000000	  0.000000	  0.042857	
  1.000000	  0.000000	  0.000000	  0.000000	
  0.000000	  1.000000	  0.000000	  0.000000	
  0.585714	  0.000000	  0.314286	  0.100000	
  0.614286	  0.214286	  0.142857	  0.028571	
  0.228571	  0.242857	  0.257143	  0.271429	
  0.000000	  0.585714	  0.000000	  0.414286	
  0.000000	  0.000000	  1.000000	  0.000000	
  0.000000	  0.000000	  0.000000	  1.000000	
  0.014286	  0.000000	  0.000000	  0.985714	
  0.071429	  0.242857	  0.000000	  0.685714	
  0.171429	  0.014286	  0.800000	  0.014286	
  0.728571	  0.085714	  0.185714	  0.000000	
  0.400000	  0.285714	  0.300000	  0.014286	
  0.285714	  0.157143	  0.242857	  0.314286	

URL http://regprecise.lbl.gov/RegPrecise/regulog.jsp?regulog_id=3108

MOTIF RutR_Alteromonadales TetR-family

letter-probability matrix: alength= 4 w= 20 nsites= 19 E= 0
  0.789474	  0.052632	  0.105263	  0.052632	
  0.263158	  0.421053	  0.210526	  0.105263	
  0.105263	  0.368421	  0.000000	  0.526316	
  0.157895	  0.000000	  0.000000	  0.842105	
  0.105263	  0.000000	  0.894737	  0.000000	
  0.947368	  0.000000	  0.000000	  0.052632	
  0.000000	  1.000000	  0.000000	  0.000000	
  0.052632	  0.842105	  0.000000	  0.105263	
  0.789474	  0.052632	  0.052632	  0.105263	
  0.315789	  0.052632	  0.157895	  0.473684	
  0.157895	  0.157895	  0.052632	  0.631579	
  0.000000	  0.105263	  0.052632	  0.842105	
  0.052632	  0.000000	  0.894737	  0.052632	
  0.000000	  0.000000	  1.000000	  0.000000	
  0.105263	  0.000000	  0.000000	  0.894737	
  0.000000	  0.894737	  0.052632	  0.052632	
  0.842105	  0.052632	  0.000000	  0.105263	
  0.526316	  0.000000	  0.473684	  0.000000	
  0.105263	  0.315789	  0.473684	  0.105263	
  0.210526	  0.052632	  0.000000	  0.736842	

URL http://regprecise.lbl.gov/RegPrecise/regulog.jsp?regulog_id=3183

MOTIF RutR_Pseudomonadaceae TetR-family

letter-probability matrix: alength= 4 w= 20 nsites= 29 E= 0
  0.586207	  0.000000	  0.103448	  0.310345	
  0.172414	  0.517241	  0.275862	  0.034483	
  0.000000	  0.965517	  0.000000	  0.034483	
  0.000000	  0.000000	  0.000000	  1.000000	
  0.000000	  0.000000	  1.000000	  0.000000	
  1.000000	  0.000000	  0.000000	  0.000000	
  0.000000	  0.862069	  0.068966	  0.068966	
  0.000000	  0.965517	  0.034483	  0.000000	
  0.448276	  0.206897	  0.275862	  0.068966	
  0.413793	  0.344828	  0.172414	  0.068966	
  0.241379	  0.206897	  0.068966	  0.482759	
  0.068966	  0.620690	  0.034483	  0.275862	
  0.413793	  0.000000	  0.586207	  0.000000	
  0.000000	  0.034483	  0.965517	  0.000000	
  0.379310	  0.206897	  0.206897	  0.206897	
  0.000000	  1.000000	  0.000000	  0.000000	
  0.965517	  0.000000	  0.000000	  0.034483	
  0.517241	  0.000000	  0.482759	  0.000000	
  0.034483	  0.413793	  0.413793	  0.137931	
  0.275862	  0.000000	  0.068966	  0.655172	

URL http://regprecise.lbl.gov/RegPrecise/regulog.jsp?regulog_id=3186

MOTIF RutR_Moraxellaceae TetR-family

letter-probability matrix: alength= 4 w= 20 nsites= 8 E= 0
  0.375000	  0.000000	  0.000000	  0.625000	
  0.125000	  0.000000	  0.000000	  0.875000	
  0.000000	  0.000000	  0.000000	  1.000000	
  0.125000	  0.000000	  0.000000	  0.875000	
  0.125000	  0.000000	  0.125000	  0.750000	
  0.750000	  0.250000	  0.000000	  0.000000	
  0.000000	  0.875000	  0.000000	  0.125000	
  0.125000	  0.625000	  0.000000	  0.250000	
  0.625000	  0.250000	  0.125000	  0.000000	
  0.750000	  0.000000	  0.000000	  0.250000	
  0.250000	  0.000000	  0.000000	  0.750000	
  0.000000	  0.250000	  0.125000	  0.625000	
  0.125000	  0.000000	  0.875000	  0.000000	
  0.000000	  0.000000	  0.750000	  0.250000	
  0.125000	  0.000000	  0.000000	  0.875000	
  0.750000	  0.125000	  0.000000	  0.125000	
  1.000000	  0.000000	  0.000000	  0.000000	
  0.875000	  0.125000	  0.000000	  0.000000	
  1.000000	  0.000000	  0.000000	  0.000000	
  0.750000	  0.000000	  0.000000	  0.250000	

URL http://regprecise.lbl.gov/RegPrecise/regulog.jsp?regulog_id=3187

MOTIF RutR_Burkholderia TetR-family

letter-probability matrix: alength= 4 w= 20 nsites= 12 E= 0
  0.416667	  0.000000	  0.000000	  0.583333	
  0.000000	  1.000000	  0.000000	  0.000000	
  0.000000	  1.000000	  0.000000	  0.000000	
  0.000000	  0.000000	  0.000000	  1.000000	
  0.000000	  0.000000	  1.000000	  0.000000	
  0.000000	  0.000000	  0.000000	  1.000000	
  0.000000	  1.000000	  0.000000	  0.000000	
  0.000000	  1.000000	  0.000000	  0.000000	
  0.500000	  0.000000	  0.500000	  0.000000	
  0.833333	  0.000000	  0.083333	  0.083333	
  0.250000	  0.083333	  0.000000	  0.666667	
  0.000000	  0.333333	  0.000000	  0.666667	
  0.000000	  0.000000	  1.000000	  0.000000	
  0.000000	  0.000000	  1.000000	  0.000000	
  0.833333	  0.000000	  0.000000	  0.166667	
  0.000000	  1.000000	  0.000000	  0.000000	
  1.000000	  0.000000	  0.000000	  0.000000	
  0.000000	  0.000000	  1.000000	  0.000000	
  0.000000	  0.000000	  1.000000	  0.000000	
  0.416667	  0.000000	  0.000000	  0.583333	

URL http://regprecise.lbl.gov/RegPrecise/regulog.jsp?regulog_id=3189

MOTIF RutR_Rhizobiales TetR-family

letter-probability matrix: alength= 4 w= 20 nsites= 44 E= 0
  0.386364	  0.068182	  0.090909	  0.454545	
  0.113636	  0.090909	  0.136364	  0.659091	
  0.000000	  0.022727	  0.000000	  0.977273	
  0.045455	  0.022727	  0.045455	  0.886364	
  0.068182	  0.000000	  0.477273	  0.454545	
  0.886364	  0.000000	  0.000000	  0.113636	
  0.000000	  0.954545	  0.000000	  0.045455	
  0.000000	  0.931818	  0.000000	  0.068182	
  0.659091	  0.000000	  0.340909	  0.000000	
  0.545455	  0.045455	  0.181818	  0.227273	
  0.250000	  0.250000	  0.068182	  0.431818	
  0.068182	  0.250000	  0.022727	  0.659091	
  0.022727	  0.000000	  0.977273	  0.000000	
  0.363636	  0.000000	  0.636364	  0.000000	
  0.159091	  0.000000	  0.000000	  0.840909	
  0.613636	  0.386364	  0.000000	  0.000000	
  1.000000	  0.000000	  0.000000	  0.000000	
  0.977273	  0.000000	  0.022727	  0.000000	
  0.704545	  0.113636	  0.022727	  0.159091	
  0.545455	  0.045455	  0.000000	  0.409091	

URL http://regprecise.lbl.gov/RegPrecise/regulog.jsp?regulog_id=3192

MOTIF FadP_Burkholderia TetR-family

letter-probability matrix: alength= 4 w= 16 nsites= 63 E= 0
  0.015873	  0.031746	  0.015873	  0.936508	
  0.619048	  0.126984	  0.111111	  0.142857	
  0.000000	  0.000000	  1.000000	  0.000000	
  0.476190	  0.396825	  0.000000	  0.126984	
  1.000000	  0.000000	  0.000000	  0.000000	
  0.000000	  1.000000	  0.000000	  0.000000	
  0.000000	  0.000000	  1.000000	  0.000000	
  0.809524	  0.000000	  0.190476	  0.000000	
  0.000000	  0.555556	  0.015873	  0.428571	
  0.000000	  1.000000	  0.000000	  0.000000	
  0.126984	  0.000000	  0.873016	  0.000000	
  0.000000	  0.000000	  0.000000	  1.000000	
  0.000000	  0.000000	  0.222222	  0.777778	
  0.000000	  1.000000	  0.000000	  0.000000	
  0.111111	  0.000000	  0.571429	  0.317460	
  0.523810	  0.206349	  0.000000	  0.269841	

URL http://regprecise.lbl.gov/RegPrecise/regulog.jsp?regulog_id=3209

MOTIF LiuQ_Burkholderia TetR-family

letter-probability matrix: alength= 4 w= 15 nsites= 32 E= 0
  0.031250	  0.343750	  0.000000	  0.625000	
  0.000000	  0.000000	  0.000000	  1.000000	
  0.000000	  0.000000	  1.000000	  0.000000	
  1.000000	  0.000000	  0.000000	  0.000000	
  0.000000	  0.000000	  1.000000	  0.000000	
  0.000000	  0.312500	  0.000000	  0.687500	
  0.187500	  0.093750	  0.500000	  0.218750	
  0.500000	  0.000000	  0.000000	  0.500000	
  0.218750	  0.500000	  0.093750	  0.187500	
  0.687500	  0.000000	  0.312500	  0.000000	
  0.000000	  1.000000	  0.000000	  0.000000	
  0.000000	  0.000000	  0.000000	  1.000000	
  0.000000	  1.000000	  0.000000	  0.000000	
  1.000000	  0.000000	  0.000000	  0.000000	
  0.625000	  0.000000	  0.343750	  0.031250	

URL http://regprecise.lbl.gov/RegPrecise/regulog.jsp?regulog_id=3229

MOTIF Dbac_0104_Desulfovibrionales TetR-family

letter-probability matrix: alength= 4 w= 20 nsites= 6 E= 0
  0.833333	  0.000000	  0.000000	  0.166667	
  0.833333	  0.000000	  0.000000	  0.166667	
  0.000000	  0.000000	  1.000000	  0.000000	
  0.000000	  0.000000	  0.000000	  1.000000	
  0.000000	  0.000000	  0.833333	  0.166667	
  1.000000	  0.000000	  0.000000	  0.000000	
  1.000000	  0.000000	  0.000000	  0.000000	
  0.166667	  0.666667	  0.000000	  0.166667	
  0.333333	  0.166667	  0.333333	  0.166667	
  0.166667	  0.500000	  0.166667	  0.166667	
  0.166667	  0.000000	  0.500000	  0.333333	
  0.166667	  0.500000	  0.000000	  0.333333	
  0.333333	  0.000000	  0.666667	  0.000000	
  0.000000	  0.000000	  0.000000	  1.000000	
  0.000000	  0.000000	  0.000000	  1.000000	
  0.500000	  0.500000	  0.000000	  0.000000	
  1.000000	  0.000000	  0.000000	  0.000000	
  0.000000	  1.000000	  0.000000	  0.000000	
  0.500000	  0.000000	  0.166667	  0.333333	
  0.166667	  0.166667	  0.000000	  0.666667	

URL http://regprecise.lbl.gov/RegPrecise/regulog.jsp?regulog_id=3472

MOTIF FabR2_Pseudomonadaceae TetR-family

letter-probability matrix: alength= 4 w= 18 nsites= 6 E= 0
  0.333333	  0.000000	  0.333333	  0.333333	
  0.000000	  0.000000	  1.000000	  0.000000	
  0.000000	  0.000000	  0.000000	  1.000000	
  0.833333	  0.166667	  0.000000	  0.000000	
  0.000000	  0.000000	  0.333333	  0.666667	
  1.000000	  0.000000	  0.000000	  0.000000	
  0.000000	  1.000000	  0.000000	  0.000000	
  1.000000	  0.000000	  0.000000	  0.000000	
  0.000000	  0.166667	  0.333333	  0.500000	
  0.500000	  0.333333	  0.166667	  0.000000	
  0.000000	  0.000000	  0.000000	  1.000000	
  0.000000	  0.000000	  1.000000	  0.000000	
  0.000000	  0.000000	  0.000000	  1.000000	
  0.666667	  0.333333	  0.000000	  0.000000	
  0.000000	  0.000000	  0.166667	  0.833333	
  1.000000	  0.000000	  0.000000	  0.000000	
  0.000000	  1.000000	  0.000000	  0.000000	
  0.333333	  0.333333	  0.000000	  0.333333	

URL http://regprecise.lbl.gov/RegPrecise/regulog.jsp?regulog_id=3509

MOTIF RutR2_Pseudomonadaceae TetR-family

letter-probability matrix: alength= 4 w= 20 nsites= 7 E= 0
  0.000000	  0.000000	  0.000000	  1.000000	
  0.000000	  1.000000	  0.000000	  0.000000	
  0.000000	  0.857143	  0.000000	  0.142857	
  0.000000	  0.000000	  0.000000	  1.000000	
  0.000000	  0.000000	  1.000000	  0.000000	
  0.142857	  0.000000	  0.000000	  0.857143	
  0.000000	  1.000000	  0.000000	  0.000000	
  0.857143	  0.142857	  0.000000	  0.000000	
  0.000000	  0.142857	  0.714286	  0.142857	
  0.000000	  0.428571	  0.428571	  0.142857	
  0.000000	  0.428571	  0.571429	  0.000000	
  0.142857	  0.571429	  0.285714	  0.000000	
  0.000000	  0.142857	  0.000000	  0.857143	
  0.000000	  0.000000	  1.000000	  0.000000	
  1.000000	  0.000000	  0.000000	  0.000000	
  0.000000	  1.000000	  0.000000	  0.000000	
  1.000000	  0.000000	  0.000000	  0.000000	
  0.285714	  0.000000	  0.714286	  0.000000	
  0.000000	  0.000000	  1.000000	  0.000000	
  0.857143	  0.142857	  0.000000	  0.000000	

URL http://regprecise.lbl.gov/RegPrecise/regulog.jsp?regulog_id=3552

MOTIF RutR3_Pseudomonadaceae TetR-family

letter-probability matrix: alength= 4 w= 20 nsites= 23 E= 0
  0.347826	  0.086957	  0.043478	  0.521739	
  0.304348	  0.391304	  0.217391	  0.086957	
  0.000000	  0.304348	  0.000000	  0.695652	
  0.000000	  0.000000	  0.000000	  1.000000	
  0.000000	  0.000000	  1.000000	  0.000000	
  1.000000	  0.000000	  0.000000	  0.000000	
  0.000000	  1.000000	  0.000000	  0.000000	
  0.000000	  0.782609	  0.000000	  0.217391	
  0.086957	  0.521739	  0.130435	  0.260870	
  0.695652	  0.130435	  0.043478	  0.130435	
  0.565217	  0.130435	  0.130435	  0.173913	
  0.652174	  0.043478	  0.217391	  0.086957	
  0.652174	  0.000000	  0.304348	  0.043478	
  0.000000	  0.000000	  1.000000	  0.000000	
  0.130435	  0.000000	  0.043478	  0.826087	
  0.000000	  1.000000	  0.000000	  0.000000	
  1.000000	  0.000000	  0.000000	  0.000000	
  0.347826	  0.000000	  0.652174	  0.000000	
  0.565217	  0.217391	  0.173913	  0.043478	
  0.608696	  0.086957	  0.043478	  0.260870	

URL http://regprecise.lbl.gov/RegPrecise/regulog.jsp?regulog_id=3554

MOTIF SczA_Streptococcaceae TetR-family

letter-probability matrix: alength= 4 w= 16 nsites= 18 E= 0
  0.000000	  0.000000	  0.000000	  1.000000	
  0.222222	  0.000000	  0.777778	  0.000000	
  0.111111	  0.000000	  0.000000	  0.888889	
  0.166667	  0.000000	  0.000000	  0.833333	
  0.000000	  0.888889	  0.055556	  0.055556	
  0.833333	  0.055556	  0.111111	  0.000000	
  0.277778	  0.111111	  0.555556	  0.055556	
  0.333333	  0.000000	  0.000000	  0.666667	
  0.666667	  0.000000	  0.000000	  0.333333	
  0.055556	  0.555556	  0.111111	  0.277778	
  0.000000	  0.111111	  0.055556	  0.833333	
  0.055556	  0.055556	  0.888889	  0.000000	
  0.833333	  0.000000	  0.000000	  0.166667	
  0.888889	  0.000000	  0.000000	  0.111111	
  0.000000	  0.777778	  0.000000	  0.222222	
  1.000000	  0.000000	  0.000000	  0.000000	

URL http://regprecise.lbl.gov/RegPrecise/regulog.jsp?regulog_id=3574

MOTIF PipR_Streptococcaceae TetR-family

letter-probability matrix: alength= 4 w= 19 nsites= 48 E= 0
  0.270833	  0.000000	  0.000000	  0.729167	
  0.145833	  0.000000	  0.000000	  0.854167	
  0.000000	  0.000000	  0.000000	  1.000000	
  0.583333	  0.000000	  0.395833	  0.020833	
  0.166667	  0.020833	  0.687500	  0.125000	
  1.000000	  0.000000	  0.000000	  0.000000	
  0.041667	  0.937500	  0.000000	  0.020833	
  0.937500	  0.020833	  0.020833	  0.020833	
  0.187500	  0.312500	  0.125000	  0.375000	
  0.458333	  0.020833	  0.041667	  0.479167	
  0.395833	  0.145833	  0.291667	  0.166667	
  0.020833	  0.041667	  0.020833	  0.916667	
  0.020833	  0.000000	  0.958333	  0.020833	
  0.000000	  0.000000	  0.000000	  1.000000	
  0.145833	  0.687500	  0.020833	  0.145833	
  0.000000	  0.416667	  0.000000	  0.583333	
  1.000000	  0.000000	  0.000000	  0.000000	
  0.854167	  0.000000	  0.020833	  0.125000	
  0.729167	  0.000000	  0.000000	  0.270833	

URL http://regprecise.lbl.gov/RegPrecise/regulog.jsp?regulog_id=3610

MOTIF FasR_Corynebacteriaceae TetR-family

letter-probability matrix: alength= 4 w= 20 nsites= 12 E= 0
  1.000000	  0.000000	  0.000000	  0.000000	
  0.000000	  0.583333	  0.250000	  0.166667	
  0.916667	  0.000000	  0.083333	  0.000000	
  0.000000	  0.000000	  0.000000	  1.000000	
  0.000000	  0.000000	  1.000000	  0.000000	
  1.000000	  0.000000	  0.000000	  0.000000	
  0.083333	  0.666667	  0.166667	  0.083333	
  0.083333	  0.250000	  0.416667	  0.250000	
  0.500000	  0.000000	  0.333333	  0.166667	
  0.166667	  0.000000	  0.000000	  0.833333	
  0.083333	  0.000000	  0.083333	  0.833333	
  0.000000	  0.000000	  0.000000	  1.000000	
  0.083333	  0.916667	  0.000000	  0.000000	
  0.000000	  0.916667	  0.083333	  0.000000	
  0.000000	  0.000000	  0.000000	  1.000000	
  0.000000	  1.000000	  0.000000	  0.000000	
  1.000000	  0.000000	  0.000000	  0.000000	
  0.000000	  0.333333	  0.000000	  0.666667	
  0.250000	  0.333333	  0.416667	  0.000000	
  0.250000	  0.000000	  0.000000	  0.750000	

URL http://regprecise.lbl.gov/RegPrecise/regulog.jsp?regulog_id=3706

MOTIF McbR_Corynebacteriaceae TetR-family

letter-probability matrix: alength= 4 w= 16 nsites= 162 E= 0
  0.024691	  0.185185	  0.000000	  0.790123	
  0.833333	  0.012346	  0.154321	  0.000000	
  0.074074	  0.006173	  0.833333	  0.086420	
  0.993827	  0.000000	  0.000000	  0.006173	
  0.000000	  1.000000	  0.000000	  0.000000	
  0.425926	  0.395062	  0.018519	  0.160494	
  0.320988	  0.000000	  0.660494	  0.018519	
  0.493827	  0.320988	  0.074074	  0.111111	
  0.104938	  0.037037	  0.333333	  0.524691	
  0.024691	  0.598765	  0.012346	  0.364198	
  0.098765	  0.006173	  0.530864	  0.364198	
  0.000000	  0.000000	  0.993827	  0.006173	
  0.006173	  0.006173	  0.000000	  0.987654	
  0.117284	  0.783951	  0.000000	  0.098765	
  0.000000	  0.160494	  0.006173	  0.833333	
  0.777778	  0.006173	  0.197531	  0.018519	

URL http://regprecise.lbl.gov/RegPrecise/regulog.jsp?regulog_id=3708

MOTIF AmtR_Corynebacteriaceae TetR-family

letter-probability matrix: alength= 4 w= 24 nsites= 42 E= 0
  0.547619	  0.047619	  0.095238	  0.309524	
  0.357143	  0.095238	  0.166667	  0.380952	
  0.261905	  0.000000	  0.000000	  0.738095	
  0.523810	  0.000000	  0.000000	  0.476190	
  0.142857	  0.214286	  0.000000	  0.642857	
  0.023810	  0.880952	  0.000000	  0.095238	
  0.000000	  0.000000	  0.261905	  0.738095	
  0.833333	  0.000000	  0.166667	  0.000000	
  0.047619	  0.000000	  0.000000	  0.952381	
  0.380952	  0.357143	  0.000000	  0.261905	
  0.404762	  0.000000	  0.595238	  0.000000	
  0.714286	  0.119048	  0.071429	  0.095238	
  0.071429	  0.238095	  0.142857	  0.547619	
  0.000000	  0.666667	  0.023810	  0.309524	
  0.190476	  0.000000	  0.428571	  0.380952	
  0.904762	  0.000000	  0.000000	  0.095238	
