Converted 2 motifs.
0 conversion errors.
MEME version 4

ALPHABET= ACGT

strands: + -

Background letter frequencies (from uniform background):
A 0.25000 C 0.25000 G 0.25000 T 0.25000 

MOTIF TunR2_Desulfovibrionales TunR-family

letter-probability matrix: alength= 4 w= 30 nsites= 12 E= 0
  0.000000	  0.583333	  0.250000	  0.166667	
  0.166667	  0.000000	  0.000000	  0.833333	
  0.166667	  0.083333	  0.750000	  0.000000	
  0.666667	  0.000000	  0.250000	  0.083333	
  0.000000	  1.000000	  0.000000	  0.000000	
  1.000000	  0.000000	  0.000000	  0.000000	
  0.000000	  0.916667	  0.000000	  0.083333	
  0.000000	  0.083333	  0.916667	  0.000000	
  0.500000	  0.000000	  0.250000	  0.250000	
  0.583333	  0.083333	  0.083333	  0.250000	
  0.500000	  0.000000	  0.083333	  0.416667	
  0.583333	  0.083333	  0.000000	  0.333333	
  0.333333	  0.000000	  0.000000	  0.666667	
  0.333333	  0.083333	  0.000000	  0.583333	
  0.500000	  0.166667	  0.083333	  0.250000	
  0.166667	  0.083333	  0.000000	  0.750000	
  0.750000	  0.000000	  0.000000	  0.250000	
  0.833333	  0.000000	  0.000000	  0.166667	
  0.500000	  0.000000	  0.083333	  0.416667	
  0.583333	  0.083333	  0.000000	  0.333333	
  0.250000	  0.083333	  0.083333	  0.583333	
  0.250000	  0.333333	  0.083333	  0.333333	
  0.083333	  0.833333	  0.083333	  0.000000	
  0.166667	  0.000000	  0.833333	  0.000000	
  0.000000	  0.000000	  0.000000	  1.000000	
  0.000000	  0.000000	  1.000000	  0.000000	
  0.083333	  0.166667	  0.000000	  0.750000	
  0.000000	  0.833333	  0.166667	  0.000000	
  0.666667	  0.000000	  0.000000	  0.333333	
  0.166667	  0.083333	  0.500000	  0.250000	

URL http://regprecise.lbl.gov/RegPrecise/regulog.jsp?regulog_id=4823

MOTIF TunR_Desulfovibrionales TunR-family

letter-probability matrix: alength= 4 w= 30 nsites= 37 E= 0
  0.081081	  0.594595	  0.054054	  0.270270	
  0.216216	  0.054054	  0.405405	  0.324324	
  0.081081	  0.027027	  0.756757	  0.135135	
  0.108108	  0.000000	  0.081081	  0.810811	
  0.000000	  1.000000	  0.000000	  0.000000	
  0.972973	  0.000000	  0.027027	  0.000000	
  0.000000	  0.945946	  0.000000	  0.054054	
  0.000000	  0.162162	  0.810811	  0.027027	
  0.378378	  0.351351	  0.054054	  0.216216	
  0.270270	  0.162162	  0.162162	  0.405405	
  0.243243	  0.189189	  0.054054	  0.513514	
  0.351351	  0.027027	  0.135135	  0.486486	
  0.135135	  0.162162	  0.189189	  0.513514	
  0.162162	  0.297297	  0.162162	  0.378378	
  0.351351	  0.270270	  0.189189	  0.189189	
  0.216216	  0.162162	  0.162162	  0.459459	
  0.459459	  0.162162	  0.216216	  0.162162	
  0.270270	  0.162162	  0.243243	  0.324324	
  0.405405	  0.243243	  0.027027	  0.324324	
  0.405405	  0.027027	  0.162162	  0.405405	
  0.297297	  0.081081	  0.081081	  0.540541	
  0.135135	  0.216216	  0.297297	  0.351351	
  0.027027	  0.918919	  0.054054	  0.000000	
  0.027027	  0.000000	  0.972973	  0.000000	
  0.000000	  0.000000	  0.000000	  1.000000	
  0.000000	  0.000000	  1.000000	  0.000000	
  0.756757	  0.081081	  0.027027	  0.135135	
  0.081081	  0.756757	  0.027027	  0.135135	
  0.270270	  0.432432	  0.027027	  0.270270	
  0.243243	  0.135135	  0.486486	  0.135135	

URL http://regprecise.lbl.gov/RegPrecise/regulog.jsp?regulog_id=809


