Converted 7 motifs.
0 conversion errors.
MEME version 4

ALPHABET= ACGT

strands: + -

Background letter frequencies (from uniform background):
A 0.25000 C 0.25000 G 0.25000 T 0.25000 

MOTIF TyrR_Enterobacteriales TyrR-family

letter-probability matrix: alength= 4 w= 20 nsites= 106 E= 0
  0.207547	  0.245283	  0.301887	  0.245283	
  0.075472	  0.216981	  0.018868	  0.688679	
  0.009434	  0.000000	  0.981132	  0.009434	
  0.000000	  0.018868	  0.160377	  0.820755	
  0.877358	  0.084906	  0.028302	  0.009434	
  0.811321	  0.037736	  0.000000	  0.150943	
  0.594340	  0.018868	  0.018868	  0.367925	
  0.094340	  0.188679	  0.273585	  0.443396	
  0.481132	  0.037736	  0.018868	  0.462264	
  0.424528	  0.028302	  0.000000	  0.547170	
  0.481132	  0.028302	  0.009434	  0.481132	
  0.367925	  0.018868	  0.075472	  0.537736	
  0.358491	  0.292453	  0.198113	  0.150943	
  0.216981	  0.028302	  0.037736	  0.716981	
  0.160377	  0.009434	  0.056604	  0.773585	
  0.028302	  0.000000	  0.141509	  0.830189	
  0.943396	  0.037736	  0.009434	  0.009434	
  0.000000	  1.000000	  0.000000	  0.000000	
  0.707547	  0.009434	  0.216981	  0.066038	
  0.226415	  0.264151	  0.349057	  0.160377	

URL http://regprecise.lbl.gov/RegPrecise/regulog.jsp?regulog_id=1118

MOTIF PhhR_Pseudomonadaceae TyrR-family

letter-probability matrix: alength= 4 w= 20 nsites= 32 E= 0
  0.000000	  0.437500	  0.062500	  0.500000	
  0.000000	  0.437500	  0.000000	  0.562500	
  0.000000	  0.000000	  1.000000	  0.000000	
  0.000000	  0.000000	  0.031250	  0.968750	
  0.562500	  0.437500	  0.000000	  0.000000	
  1.000000	  0.000000	  0.000000	  0.000000	
  0.468750	  0.250000	  0.250000	  0.031250	
  0.250000	  0.125000	  0.625000	  0.000000	
  0.531250	  0.000000	  0.000000	  0.468750	
  0.531250	  0.000000	  0.000000	  0.468750	
  0.531250	  0.000000	  0.000000	  0.468750	
  0.593750	  0.000000	  0.000000	  0.406250	
  0.000000	  0.656250	  0.125000	  0.218750	
  0.031250	  0.187500	  0.281250	  0.500000	
  0.000000	  0.000000	  0.000000	  1.000000	
  0.000000	  0.000000	  0.468750	  0.531250	
  0.937500	  0.062500	  0.000000	  0.000000	
  0.000000	  1.000000	  0.000000	  0.000000	
  0.500000	  0.000000	  0.500000	  0.000000	
  0.562500	  0.093750	  0.343750	  0.000000	

URL http://regprecise.lbl.gov/RegPrecise/regulog.jsp?regulog_id=1210

MOTIF TyrR1_Alteromonadales TyrR-family

letter-probability matrix: alength= 4 w= 20 nsites= 32 E= 0
  0.187500	  0.156250	  0.281250	  0.375000	
  0.000000	  0.125000	  0.000000	  0.875000	
  0.000000	  0.000000	  1.000000	  0.000000	
  0.000000	  0.031250	  0.000000	  0.968750	
  0.906250	  0.062500	  0.000000	  0.031250	
  0.625000	  0.156250	  0.093750	  0.125000	
  0.500000	  0.218750	  0.000000	  0.281250	
  0.312500	  0.093750	  0.187500	  0.406250	
  0.437500	  0.062500	  0.000000	  0.500000	
  0.343750	  0.000000	  0.062500	  0.593750	
  0.625000	  0.000000	  0.000000	  0.375000	
  0.468750	  0.031250	  0.031250	  0.468750	
  0.218750	  0.156250	  0.500000	  0.125000	
  0.156250	  0.000000	  0.125000	  0.718750	
  0.093750	  0.000000	  0.062500	  0.843750	
  0.000000	  0.000000	  0.062500	  0.937500	
  0.906250	  0.031250	  0.062500	  0.000000	
  0.000000	  1.000000	  0.000000	  0.000000	
  0.656250	  0.000000	  0.125000	  0.218750	
  0.500000	  0.125000	  0.062500	  0.312500	

URL http://regprecise.lbl.gov/RegPrecise/regulog.jsp?regulog_id=2137

MOTIF GcvR_Pseudomonadales TyrR-family

letter-probability matrix: alength= 4 w= 20 nsites= 20 E= 0
  0.050000	  0.600000	  0.200000	  0.150000	
  0.000000	  0.500000	  0.000000	  0.500000	
  0.000000	  0.000000	  1.000000	  0.000000	
  0.050000	  0.000000	  0.100000	  0.850000	
  1.000000	  0.000000	  0.000000	  0.000000	
  0.550000	  0.050000	  0.150000	  0.250000	
  0.000000	  0.900000	  0.000000	  0.100000	
  0.000000	  0.050000	  0.950000	  0.000000	
  0.850000	  0.050000	  0.000000	  0.100000	
  0.350000	  0.000000	  0.000000	  0.650000	
  0.400000	  0.000000	  0.000000	  0.600000	
  0.100000	  0.050000	  0.100000	  0.750000	
  0.050000	  0.900000	  0.050000	  0.000000	
  0.200000	  0.000000	  0.800000	  0.000000	
  0.200000	  0.300000	  0.000000	  0.500000	
  0.100000	  0.000000	  0.000000	  0.900000	
  0.500000	  0.500000	  0.000000	  0.000000	
  0.000000	  1.000000	  0.000000	  0.000000	
  0.750000	  0.000000	  0.250000	  0.000000	
  0.300000	  0.300000	  0.250000	  0.150000	

URL http://regprecise.lbl.gov/RegPrecise/regulog.jsp?regulog_id=6180

MOTIF MdeR_Alteromonadales TyrR-family

letter-probability matrix: alength= 4 w= 20 nsites= 4 E= 0
  0.000000	  0.000000	  0.250000	  0.750000	
  0.000000	  0.000000	  0.000000	  1.000000	
  0.000000	  0.000000	  1.000000	  0.000000	
  0.000000	  0.000000	  0.000000	  1.000000	
  1.000000	  0.000000	  0.000000	  0.000000	
  0.500000	  0.500000	  0.000000	  0.000000	
  0.000000	  0.000000	  0.000000	  1.000000	
  0.750000	  0.000000	  0.000000	  0.250000	
  0.750000	  0.000000	  0.000000	  0.250000	
  0.250000	  0.000000	  0.000000	  0.750000	
  0.250000	  0.000000	  0.000000	  0.750000	
  0.000000	  0.000000	  0.250000	  0.750000	
  0.250000	  0.000000	  0.000000	  0.750000	
  1.000000	  0.000000	  0.000000	  0.000000	
  0.000000	  0.000000	  0.500000	  0.500000	
  0.000000	  0.000000	  0.000000	  1.000000	
  1.000000	  0.000000	  0.000000	  0.000000	
  0.000000	  1.000000	  0.000000	  0.000000	
  0.750000	  0.000000	  0.000000	  0.250000	
  0.500000	  0.250000	  0.250000	  0.000000	

URL http://regprecise.lbl.gov/RegPrecise/regulog.jsp?regulog_id=6184

MOTIF TyrR_Vibrionales TyrR-family

letter-probability matrix: alength= 4 w= 20 nsites= 83 E= 0
  0.277108	  0.120482	  0.542169	  0.060241	
  0.024096	  0.024096	  0.024096	  0.927711	
  0.012048	  0.000000	  0.975904	  0.012048	
  0.000000	  0.000000	  0.036145	  0.963855	
  0.987952	  0.000000	  0.000000	  0.012048	
  0.843373	  0.072289	  0.012048	  0.072289	
  0.734940	  0.180723	  0.000000	  0.084337	
  0.421687	  0.168675	  0.060241	  0.349398	
  0.566265	  0.024096	  0.000000	  0.409639	
  0.493976	  0.036145	  0.000000	  0.469880	
  0.602410	  0.000000	  0.024096	  0.373494	
  0.530120	  0.024096	  0.036145	  0.409639	
  0.421687	  0.060241	  0.204819	  0.313253	
  0.156627	  0.000000	  0.132530	  0.710843	
  0.144578	  0.000000	  0.048193	  0.807229	
  0.048193	  0.012048	  0.024096	  0.915663	
  1.000000	  0.000000	  0.000000	  0.000000	
  0.000000	  0.987952	  0.000000	  0.012048	
  0.903614	  0.012048	  0.072289	  0.012048	
  0.156627	  0.349398	  0.216867	  0.277108	

URL http://regprecise.lbl.gov/RegPrecise/regulog.jsp?regulog_id=6187

MOTIF TyrR_Shewanellaceae TyrR-family

letter-probability matrix: alength= 4 w= 20 nsites= 312 E= 0
  0.221154	  0.205128	  0.291667	  0.282051	
  0.048077	  0.076923	  0.006410	  0.868590	
  0.006410	  0.000000	  0.974359	  0.019231	
  0.003205	  0.006410	  0.285256	  0.705128	
  0.737179	  0.227564	  0.003205	  0.032051	
  0.926282	  0.006410	  0.009615	  0.057692	
  0.605769	  0.128205	  0.108974	  0.157051	
  0.157051	  0.259615	  0.288462	  0.294872	
  0.326923	  0.314103	  0.041667	  0.317308	
  0.387821	  0.080128	  0.070513	  0.461538	
  0.516026	  0.038462	  0.099359	  0.346154	
  0.400641	  0.016026	  0.243590	  0.339744	
  0.358974	  0.301282	  0.179487	  0.160256	
  0.080128	  0.112179	  0.182692	  0.625000	
  0.067308	  0.003205	  0.006410	  0.923077	
  0.022436	  0.003205	  0.426282	  0.548077	
  0.612179	  0.320513	  0.051282	  0.016026	
  0.006410	  0.983974	  0.009615	  0.000000	
  0.842949	  0.003205	  0.118590	  0.035256	
  0.266026	  0.349359	  0.141026	  0.243590	

URL http://regprecise.lbl.gov/RegPrecise/regulog.jsp?regulog_id=645


