MEME version 4

ALPHABET= ACGT

strands: + -

Background letter frequencies (from uniform background):
A 0.25000 C 0.25000 G 0.25000 T 0.25000 

MOTIF ArsR_Bacillales ArsR-family

letter-probability matrix: alength= 4 w= 16 nsites= 16 E= 0
  1.000000	  0.000000	  0.000000	  0.000000	
  0.000000	  0.000000	  0.000000	  1.000000	
  0.000000	  1.000000	  0.000000	  0.000000	
  1.000000	  0.000000	  0.000000	  0.000000	
  1.000000	  0.000000	  0.000000	  0.000000	
  0.687500	  0.000000	  0.125000	  0.187500	
  0.687500	  0.000000	  0.000000	  0.312500	
  0.625000	  0.000000	  0.000000	  0.375000	
  0.625000	  0.062500	  0.000000	  0.312500	
  0.687500	  0.000000	  0.000000	  0.312500	
  0.437500	  0.187500	  0.187500	  0.187500	
  0.000000	  0.000000	  0.000000	  1.000000	
  0.000000	  0.000000	  0.000000	  1.000000	
  0.000000	  0.000000	  1.000000	  0.000000	
  1.000000	  0.000000	  0.000000	  0.000000	
  0.000000	  0.000000	  0.000000	  1.000000	

URL http://regprecise.lbl.gov/RegPrecise/regulog.jsp?regulog_id=1203

MOTIF AseR_Bacillales ArsR-family

letter-probability matrix: alength= 4 w= 22 nsites= 13 E= 0
  0.153846	  0.076923	  0.000000	  0.769231	
  1.000000	  0.000000	  0.000000	  0.000000	
  0.000000	  0.076923	  0.000000	  0.923077	
  1.000000	  0.000000	  0.000000	  0.000000	
  0.000000	  0.000000	  0.000000	  1.000000	
  0.923077	  0.000000	  0.000000	  0.076923	
  1.000000	  0.000000	  0.000000	  0.000000	
  0.153846	  0.076923	  0.769231	  0.000000	
  0.000000	  0.461538	  0.076923	  0.461538	
  1.000000	  0.000000	  0.000000	  0.000000	
  0.307692	  0.076923	  0.000000	  0.615385	
  0.461538	  0.076923	  0.076923	  0.384615	
  0.076923	  0.000000	  0.153846	  0.769231	
  0.461538	  0.076923	  0.461538	  0.000000	
  0.307692	  0.461538	  0.076923	  0.153846	
  0.000000	  0.076923	  0.000000	  0.923077	
  0.000000	  0.000000	  0.076923	  0.923077	
  1.000000	  0.000000	  0.000000	  0.000000	
  0.000000	  0.000000	  0.000000	  1.000000	
  1.000000	  0.000000	  0.000000	  0.000000	
  0.000000	  0.000000	  0.000000	  1.000000	
  0.923077	  0.000000	  0.076923	  0.000000	

URL http://regprecise.lbl.gov/RegPrecise/regulog.jsp?regulog_id=1204

MOTIF SdpR_Bacillales ArsR-family

letter-probability matrix: alength= 4 w= 20 nsites= 9 E= 0
  0.888889	  0.000000	  0.111111	  0.000000	
  0.111111	  0.000000	  0.000000	  0.888889	
  0.000000	  0.000000	  0.000000	  1.000000	
  0.000000	  0.000000	  0.000000	  1.000000	
  1.000000	  0.000000	  0.000000	  0.000000	
  0.222222	  0.000000	  0.666667	  0.111111	
  0.666667	  0.000000	  0.222222	  0.111111	
  0.333333	  0.111111	  0.000000	  0.555556	
  0.777778	  0.000000	  0.111111	  0.111111	
  0.666667	  0.000000	  0.000000	  0.333333	
  0.333333	  0.000000	  0.000000	  0.666667	
  0.000000	  0.000000	  0.000000	  1.000000	
  0.444444	  0.000000	  0.333333	  0.222222	
  0.111111	  0.222222	  0.000000	  0.666667	
  0.000000	  0.777778	  0.000000	  0.222222	
  0.000000	  0.000000	  0.000000	  1.000000	
  1.000000	  0.000000	  0.000000	  0.000000	
  1.000000	  0.000000	  0.000000	  0.000000	
  0.888889	  0.000000	  0.000000	  0.111111	
  0.000000	  0.111111	  0.000000	  0.888889	

URL http://regprecise.lbl.gov/RegPrecise/regulog.jsp?regulog_id=1207

MOTIF YczG_Bacillales ArsR-family

letter-probability matrix: alength= 4 w= 18 nsites= 8 E= 0
  0.000000	  0.000000	  1.000000	  0.000000	
  0.000000	  0.000000	  0.000000	  1.000000	
  0.000000	  0.000000	  0.000000	  1.000000	
  0.000000	  1.000000	  0.000000	  0.000000	
  0.000000	  0.000000	  1.000000	  0.000000	
  1.000000	  0.000000	  0.000000	  0.000000	
  0.750000	  0.000000	  0.000000	  0.250000	
  0.250000	  0.000000	  0.250000	  0.500000	
  0.875000	  0.000000	  0.000000	  0.125000	
  0.125000	  0.000000	  0.000000	  0.875000	
  0.500000	  0.250000	  0.000000	  0.250000	
  0.250000	  0.000000	  0.000000	  0.750000	
  0.000000	  0.000000	  0.000000	  1.000000	
  0.000000	  1.000000	  0.000000	  0.000000	
  0.000000	  0.000000	  1.000000	  0.000000	
  1.000000	  0.000000	  0.000000	  0.000000	
  1.000000	  0.000000	  0.000000	  0.000000	
  0.000000	  1.000000	  0.000000	  0.000000	

URL http://regprecise.lbl.gov/RegPrecise/regulog.jsp?regulog_id=1390

MOTIF SahR_Desulfovibrionales ArsR-family

letter-probability matrix: alength= 4 w= 20 nsites= 31 E= 0
  0.838710	  0.000000	  0.064516	  0.096774	
  0.032258	  0.096774	  0.000000	  0.870968	
  1.000000	  0.000000	  0.000000	  0.000000	
  0.000000	  0.064516	  0.000000	  0.935484	
  0.096774	  0.645161	  0.129032	  0.129032	
  0.677419	  0.161290	  0.032258	  0.129032	
  0.483871	  0.129032	  0.290323	  0.096774	
  0.161290	  0.161290	  0.516129	  0.161290	
  0.612903	  0.096774	  0.064516	  0.225806	
  0.064516	  0.000000	  0.000000	  0.935484	
  0.774194	  0.000000	  0.000000	  0.225806	
  0.129032	  0.096774	  0.161290	  0.612903	
  0.161290	  0.516129	  0.161290	  0.161290	
  0.000000	  0.161290	  0.032258	  0.806452	
  0.096774	  0.032258	  0.000000	  0.870968	
  0.000000	  0.000000	  0.903226	  0.096774	
  1.000000	  0.000000	  0.000000	  0.000000	
  0.032258	  0.000000	  0.000000	  0.967742	
  0.774194	  0.000000	  0.096774	  0.129032	
  0.000000	  0.096774	  0.000000	  0.903226	

URL http://regprecise.lbl.gov/RegPrecise/regulog.jsp?regulog_id=1391

MOTIF ArsR_Desulfovibrionales ArsR-family

letter-probability matrix: alength= 4 w= 20 nsites= 32 E= 0
  0.781250	  0.031250	  0.093750	  0.093750	
  0.000000	  0.156250	  0.031250	  0.812500	
  0.000000	  0.000000	  0.000000	  1.000000	
  0.000000	  0.000000	  0.000000	  1.000000	
  0.000000	  0.000000	  0.625000	  0.375000	
  0.062500	  0.093750	  0.781250	  0.062500	
  0.062500	  0.781250	  0.062500	  0.093750	
  0.218750	  0.343750	  0.125000	  0.312500	
  0.843750	  0.031250	  0.031250	  0.093750	
  0.562500	  0.031250	  0.000000	  0.406250	
  0.531250	  0.000000	  0.031250	  0.437500	
  0.093750	  0.125000	  0.000000	  0.781250	
  0.406250	  0.031250	  0.281250	  0.281250	
  0.156250	  0.000000	  0.656250	  0.187500	
  0.125000	  0.625000	  0.218750	  0.031250	
  0.343750	  0.656250	  0.000000	  0.000000	
  1.000000	  0.000000	  0.000000	  0.000000	
  0.937500	  0.000000	  0.031250	  0.031250	
  0.750000	  0.031250	  0.156250	  0.062500	
  0.031250	  0.250000	  0.031250	  0.687500	

URL http://regprecise.lbl.gov/RegPrecise/regulog.jsp?regulog_id=1392

MOTIF SmtB_Desulfovibrionales ArsR-family

letter-probability matrix: alength= 4 w= 22 nsites= 7 E= 0
  0.000000	  0.571429	  0.000000	  0.428571	
  0.857143	  0.000000	  0.142857	  0.000000	
  0.142857	  0.285714	  0.000000	  0.571429	
  0.714286	  0.000000	  0.000000	  0.285714	
  0.000000	  0.000000	  0.000000	  1.000000	
  0.000000	  0.000000	  1.000000	  0.000000	
  0.857143	  0.000000	  0.000000	  0.142857	
  1.000000	  0.000000	  0.000000	  0.000000	
  0.000000	  0.857143	  0.000000	  0.142857	
  0.714286	  0.000000	  0.285714	  0.000000	
  0.428571	  0.142857	  0.285714	  0.142857	
  0.142857	  0.142857	  0.142857	  0.571429	
  0.000000	  0.000000	  0.000000	  1.000000	
  0.142857	  0.000000	  0.857143	  0.000000	
  0.142857	  0.142857	  0.000000	  0.714286	
  0.000000	  0.000000	  0.000000	  1.000000	
  0.000000	  1.000000	  0.000000	  0.000000	
  1.000000	  0.000000	  0.000000	  0.000000	
  0.285714	  0.000000	  0.000000	  0.714286	
  0.714286	  0.000000	  0.285714	  0.000000	
  0.142857	  0.285714	  0.000000	  0.571429	
  0.285714	  0.000000	  0.714286	  0.000000	

URL http://regprecise.lbl.gov/RegPrecise/regulog.jsp?regulog_id=1393

MOTIF YdfF_Bacillales ArsR-family

letter-probability matrix: alength= 4 w= 16 nsites= 10 E= 0
  0.000000	  0.000000	  0.000000	  1.000000	
  0.000000	  0.000000	  0.000000	  1.000000	
  0.000000	  1.000000	  0.000000	  0.000000	
  0.300000	  0.100000	  0.600000	  0.000000	
  1.000000	  0.000000	  0.000000	  0.000000	
  0.000000	  0.200000	  0.000000	  0.800000	
  0.000000	  0.000000	  0.500000	  0.500000	
  0.800000	  0.000000	  0.000000	  0.200000	
  0.100000	  0.000000	  0.100000	  0.800000	
  0.500000	  0.400000	  0.100000	  0.000000	
  0.800000	  0.000000	  0.200000	  0.000000	
  0.000000	  0.000000	  0.000000	  1.000000	
  0.000000	  0.500000	  0.200000	  0.300000	
  0.000000	  0.000000	  1.000000	  0.000000	
  1.000000	  0.000000	  0.000000	  0.000000	
  1.000000	  0.000000	  0.000000	  0.000000	

URL http://regprecise.lbl.gov/RegPrecise/regulog.jsp?regulog_id=1424

MOTIF SmtB_Cyanobacteria ArsR-family

letter-probability matrix: alength= 4 w= 26 nsites= 16 E= 0
  0.812500	  0.062500	  0.062500	  0.062500	
  1.000000	  0.000000	  0.000000	  0.000000	
  0.062500	  0.500000	  0.000000	  0.437500	
  0.875000	  0.062500	  0.062500	  0.000000	
  0.125000	  0.375000	  0.062500	  0.437500	
  0.250000	  0.500000	  0.062500	  0.187500	
  0.000000	  0.000000	  0.000000	  1.000000	
  0.000000	  0.000000	  1.000000	  0.000000	
  1.000000	  0.000000	  0.000000	  0.000000	
  0.937500	  0.000000	  0.062500	  0.000000	
  0.000000	  0.562500	  0.062500	  0.375000	
  0.812500	  0.125000	  0.062500	  0.000000	
  0.500000	  0.062500	  0.187500	  0.250000	
  0.187500	  0.312500	  0.000000	  0.500000	
  0.000000	  0.062500	  0.125000	  0.812500	
  0.312500	  0.062500	  0.625000	  0.000000	
  0.000000	  0.062500	  0.000000	  0.937500	
  0.000000	  0.000000	  0.000000	  1.000000	
  0.000000	  1.000000	  0.000000	  0.000000	
  1.000000	  0.000000	  0.000000	  0.000000	
  0.250000	  0.062500	  0.500000	  0.187500	
  0.437500	  0.062500	  0.375000	  0.125000	
  0.000000	  0.000000	  0.000000	  1.000000	
  0.375000	  0.000000	  0.562500	  0.062500	
  0.000000	  0.000000	  0.000000	  1.000000	
  0.125000	  0.000000	  0.062500	  0.812500	

URL http://regprecise.lbl.gov/RegPrecise/regulog.jsp?regulog_id=1497

MOTIF ArsR_Cyanobacteria ArsR-family

letter-probability matrix: alength= 4 w= 16 nsites= 19 E= 0
  0.947368	  0.000000	  0.000000	  0.052632	
  0.052632	  0.000000	  0.000000	  0.947368	
  0.105263	  0.789474	  0.052632	  0.052632	
  1.000000	  0.000000	  0.000000	  0.000000	
  0.947368	  0.000000	  0.000000	  0.052632	
  0.210526	  0.105263	  0.421053	  0.263158	
  0.157895	  0.052632	  0.000000	  0.789474	
  0.210526	  0.000000	  0.052632	  0.736842	
  0.263158	  0.052632	  0.052632	  0.631579	
  0.263158	  0.052632	  0.000000	  0.684211	
  0.052632	  0.105263	  0.263158	  0.578947	
  0.000000	  0.000000	  0.052632	  0.947368	
  0.052632	  0.052632	  0.000000	  0.894737	
  0.052632	  0.000000	  0.947368	  0.000000	
  0.894737	  0.105263	  0.000000	  0.000000	
  0.210526	  0.000000	  0.000000	  0.789474	

URL http://regprecise.lbl.gov/RegPrecise/regulog.jsp?regulog_id=1515

MOTIF SahR_Oceanospirillales/Alteromonadales ArsR-family

letter-probability matrix: alength= 4 w= 20 nsites= 15 E= 0
  1.000000	  0.000000	  0.000000	  0.000000	
  0.066667	  0.000000	  0.000000	  0.933333	
  1.000000	  0.000000	  0.000000	  0.000000	
  0.000000	  0.000000	  0.000000	  1.000000	
  0.000000	  1.000000	  0.000000	  0.000000	
  0.933333	  0.000000	  0.066667	  0.000000	
  1.000000	  0.000000	  0.000000	  0.000000	
  0.800000	  0.000000	  0.000000	  0.200000	
  0.733333	  0.000000	  0.066667	  0.200000	
  0.333333	  0.066667	  0.000000	  0.600000	
  0.666667	  0.066667	  0.000000	  0.266667	
  0.000000	  0.066667	  0.066667	  0.866667	
  0.000000	  0.000000	  0.000000	  1.000000	
  0.000000	  0.000000	  0.000000	  1.000000	
  0.000000	  0.000000	  0.000000	  1.000000	
  0.000000	  0.000000	  1.000000	  0.000000	
  1.000000	  0.000000	  0.000000	  0.000000	
  0.000000	  0.000000	  0.000000	  1.000000	
  0.933333	  0.000000	  0.000000	  0.066667	
  0.000000	  0.000000	  0.000000	  1.000000	

URL http://regprecise.lbl.gov/RegPrecise/regulog.jsp?regulog_id=1688

MOTIF SahR_Pseudomonadaceae ArsR-family

letter-probability matrix: alength= 4 w= 20 nsites= 8 E= 0
  1.000000	  0.000000	  0.000000	  0.000000	
  0.000000	  0.000000	  0.000000	  1.000000	
  1.000000	  0.000000	  0.000000	  0.000000	
  0.000000	  0.000000	  0.000000	  1.000000	
  0.000000	  1.000000	  0.000000	  0.000000	
  1.000000	  0.000000	  0.000000	  0.000000	
  1.000000	  0.000000	  0.000000	  0.000000	
  1.000000	  0.000000	  0.000000	  0.000000	
  1.000000	  0.000000	  0.000000	  0.000000	
  0.125000	  0.875000	  0.000000	  0.000000	
  0.000000	  0.000000	  0.000000	  1.000000	
  0.000000	  0.000000	  0.000000	  1.000000	
  0.000000	  0.000000	  0.000000	  1.000000	
  0.000000	  0.000000	  0.000000	  1.000000	
  0.000000	  0.000000	  0.000000	  1.000000	
  0.000000	  0.000000	  1.000000	  0.000000	
  1.000000	  0.000000	  0.000000	  0.000000	
  0.000000	  0.000000	  0.000000	  1.000000	
  1.000000	  0.000000	  0.000000	  0.000000	
  0.000000	  0.250000	  0.000000	  0.750000	

URL http://regprecise.lbl.gov/RegPrecise/regulog.jsp?regulog_id=1689

MOTIF SahR_Rhizobiales ArsR-family

letter-probability matrix: alength= 4 w= 20 nsites= 36 E= 0
  0.916667	  0.000000	  0.083333	  0.000000	
  0.027778	  0.500000	  0.027778	  0.444444	
  1.000000	  0.000000	  0.000000	  0.000000	
  0.000000	  0.000000	  0.000000	  1.000000	
  1.000000	  0.000000	  0.000000	  0.000000	
  1.000000	  0.000000	  0.000000	  0.000000	
  0.972222	  0.000000	  0.027778	  0.000000	
  0.000000	  0.222222	  0.777778	  0.000000	
  1.000000	  0.000000	  0.000000	  0.000000	
  0.027778	  0.166667	  0.000000	  0.805556	
  0.666667	  0.083333	  0.000000	  0.250000	
  0.000000	  0.000000	  0.000000	  1.000000	
  0.138889	  0.750000	  0.111111	  0.000000	
  0.000000	  0.000000	  0.000000	  1.000000	
  0.000000	  0.000000	  0.000000	  1.000000	
  0.000000	  0.000000	  0.000000	  1.000000	
  1.000000	  0.000000	  0.000000	  0.000000	
  0.000000	  0.000000	  0.000000	  1.000000	
  0.527778	  0.000000	  0.472222	  0.000000	
  0.000000	  0.000000	  0.000000	  1.000000	

URL http://regprecise.lbl.gov/RegPrecise/regulog.jsp?regulog_id=1696

MOTIF SahR_Caulobacterales ArsR-family

letter-probability matrix: alength= 4 w= 20 nsites= 14 E= 0
  0.785714	  0.000000	  0.214286	  0.000000	
  0.000000	  0.928571	  0.000000	  0.071429	
  1.000000	  0.000000	  0.000000	  0.000000	
  0.000000	  0.000000	  0.000000	  1.000000	
  1.000000	  0.000000	  0.000000	  0.000000	
  1.000000	  0.000000	  0.000000	  0.000000	
  0.928571	  0.000000	  0.071429	  0.000000	
  0.000000	  0.214286	  0.785714	  0.000000	
  0.928571	  0.000000	  0.000000	  0.071429	
  0.142857	  0.071429	  0.000000	  0.785714	
  0.857143	  0.000000	  0.000000	  0.142857	
  0.000000	  0.000000	  0.000000	  1.000000	
  0.000000	  1.000000	  0.000000	  0.000000	
  0.000000	  0.142857	  0.000000	  0.857143	
  0.000000	  0.000000	  0.000000	  1.000000	
  0.000000	  0.000000	  0.000000	  1.000000	
  1.000000	  0.000000	  0.000000	  0.000000	
  0.000000	  0.000000	  0.000000	  1.000000	
  0.428571	  0.000000	  0.571429	  0.000000	
  0.000000	  0.214286	  0.071429	  0.714286	

URL http://regprecise.lbl.gov/RegPrecise/regulog.jsp?regulog_id=1700

MOTIF SahR_Desulfuromonadales ArsR-family

letter-probability matrix: alength= 4 w= 20 nsites= 6 E= 0
  1.000000	  0.000000	  0.000000	  0.000000	
  0.166667	  0.000000	  0.000000	  0.833333	
  1.000000	  0.000000	  0.000000	  0.000000	
  0.000000	  0.000000	  0.000000	  1.000000	
  0.000000	  1.000000	  0.000000	  0.000000	
  1.000000	  0.000000	  0.000000	  0.000000	
  1.000000	  0.000000	  0.000000	  0.000000	
  0.000000	  0.000000	  1.000000	  0.000000	
  0.833333	  0.000000	  0.166667	  0.000000	
  1.000000	  0.000000	  0.000000	  0.000000	
  0.833333	  0.000000	  0.000000	  0.166667	
  1.000000	  0.000000	  0.000000	  0.000000	
  0.333333	  0.333333	  0.333333	  0.000000	
  0.000000	  0.166667	  0.000000	  0.833333	
  0.000000	  0.000000	  0.000000	  1.000000	
  0.000000	  0.000000	  1.000000	  0.000000	
  1.000000	  0.000000	  0.000000	  0.000000	
  0.000000	  0.000000	  0.000000	  1.000000	
  0.666667	  0.000000	  0.166667	  0.166667	
  0.000000	  0.000000	  0.000000	  1.000000	

URL http://regprecise.lbl.gov/RegPrecise/regulog.jsp?regulog_id=1701

MOTIF SufR_Corynebacteriaceae ArsR-family

letter-probability matrix: alength= 4 w= 24 nsites= 8 E= 0
  0.000000	  0.125000	  0.000000	  0.875000	
  0.000000	  0.000000	  0.000000	  1.000000	
  0.875000	  0.125000	  0.000000	  0.000000	
  0.375000	  0.375000	  0.250000	  0.000000	
  0.000000	  0.125000	  0.875000	  0.000000	
  0.500000	  0.125000	  0.375000	  0.000000	
  0.375000	  0.500000	  0.000000	  0.125000	
  0.875000	  0.000000	  0.125000	  0.000000	
  0.000000	  1.000000	  0.000000	  0.000000	
  1.000000	  0.000000	  0.000000	  0.000000	
  0.125000	  0.875000	  0.000000	  0.000000	
  0.000000	  0.000000	  0.000000	  1.000000	
  0.250000	  0.125000	  0.000000	  0.625000	
  0.250000	  0.000000	  0.375000	  0.375000	
  0.000000	  0.000000	  0.000000	  1.000000	
  0.000000	  0.000000	  1.000000	  0.000000	
  0.000000	  0.000000	  0.000000	  1.000000	
  0.000000	  0.000000	  0.125000	  0.875000	
  0.000000	  0.000000	  1.000000	  0.000000	
  0.000000	  0.000000	  0.125000	  0.875000	
  0.000000	  0.750000	  0.125000	  0.125000	
  0.000000	  0.000000	  0.000000	  1.000000	
  1.000000	  0.000000	  0.000000	  0.000000	
  0.875000	  0.000000	  0.000000	  0.125000	

URL http://regprecise.lbl.gov/RegPrecise/regulog.jsp?regulog_id=3841

MOTIF ArsR_Corynebacteriaceae ArsR-family

letter-probability matrix: alength= 4 w= 20 nsites= 22 E= 0
  0.863636	  0.000000	  0.136364	  0.000000	
  0.000000	  0.000000	  0.000000	  1.000000	
  1.000000	  0.000000	  0.000000	  0.000000	
  0.000000	  0.000000	  0.000000	  1.000000	
  0.090909	  0.227273	  0.000000	  0.681818	
  0.000000	  0.000000	  1.000000	  0.000000	
  0.954545	  0.000000	  0.045455	  0.000000	
  0.000000	  0.454545	  0.000000	  0.545455	
  0.409091	  0.000000	  0.545455	  0.045455	
  0.272727	  0.227273	  0.318182	  0.181818	
  0.181818	  0.318182	  0.227273	  0.272727	
  0.045455	  0.545455	  0.000000	  0.409091	
  0.545455	  0.000000	  0.454545	  0.000000	
  0.000000	  0.045455	  0.000000	  0.954545	
  0.000000	  1.000000	  0.000000	  0.000000	
  0.681818	  0.000000	  0.227273	  0.090909	
  1.000000	  0.000000	  0.000000	  0.000000	
  0.000000	  0.000000	  0.000000	  1.000000	
  1.000000	  0.000000	  0.000000	  0.000000	
  0.000000	  0.136364	  0.000000	  0.863636	

URL http://regprecise.lbl.gov/RegPrecise/regulog.jsp?regulog_id=3869

MOTIF CadR_Corynebacteriaceae ArsR-family

letter-probability matrix: alength= 4 w= 16 nsites= 18 E= 0
  0.000000	  0.000000	  0.111111	  0.888889	
  0.000000	  0.055556	  0.000000	  0.944444	
  0.000000	  1.000000	  0.000000	  0.000000	
  1.000000	  0.000000	  0.000000	  0.000000	
  0.000000	  0.000000	  1.000000	  0.000000	
  0.000000	  0.722222	  0.000000	  0.277778	
  0.555556	  0.000000	  0.444444	  0.000000	
  0.111111	  0.722222	  0.111111	  0.055556	
  0.666667	  0.166667	  0.111111	  0.055556	
  0.055556	  0.222222	  0.000000	  0.722222	
  0.055556	  0.000000	  0.833333	  0.111111	
  0.055556	  0.611111	  0.055556	  0.277778	
  0.000000	  0.000000	  0.000000	  1.000000	
  0.000000	  0.000000	  1.000000	  0.000000	
  0.611111	  0.000000	  0.000000	  0.388889	
  0.611111	  0.388889	  0.000000	  0.000000	

URL http://regprecise.lbl.gov/RegPrecise/regulog.jsp?regulog_id=3881

MOTIF YbzH_Bacillales ArsR-family

letter-probability matrix: alength= 4 w= 20 nsites= 8 E= 0
  1.000000	  0.000000	  0.000000	  0.000000	
  0.000000	  0.125000	  0.000000	  0.875000	
  1.000000	  0.000000	  0.000000	  0.000000	
  0.000000	  0.000000	  0.000000	  1.000000	
  0.000000	  0.875000	  0.000000	  0.125000	
  0.000000	  0.000000	  1.000000	  0.000000	
  0.750000	  0.125000	  0.000000	  0.125000	
  0.375000	  0.500000	  0.000000	  0.125000	
  1.000000	  0.000000	  0.000000	  0.000000	
  0.375000	  0.000000	  0.000000	  0.625000	
  0.875000	  0.000000	  0.000000	  0.125000	
  0.000000	  0.000000	  0.000000	  1.000000	
  0.125000	  0.375000	  0.125000	  0.375000	
  0.500000	  0.000000	  0.125000	  0.375000	
  0.125000	  0.875000	  0.000000	  0.000000	
  0.125000	  0.000000	  0.875000	  0.000000	
  1.000000	  0.000000	  0.000000	  0.000000	
  0.000000	  0.000000	  0.000000	  1.000000	
  0.750000	  0.000000	  0.250000	  0.000000	
  0.000000	  0.000000	  0.000000	  1.000000	

URL http://regprecise.lbl.gov/RegPrecise/regulog.jsp?regulog_id=4271

MOTIF CzcR1_Lactobacillaceae ArsR-family

letter-probability matrix: alength= 4 w= 20 nsites= 10 E= 0
  0.700000	  0.000000	  0.300000	  0.000000	
  0.000000	  0.000000	  0.000000	  1.000000	
  1.000000	  0.000000	  0.000000	  0.000000	
  0.000000	  0.000000	  0.000000	  1.000000	
  0.800000	  0.000000	  0.000000	  0.200000	
  0.100000	  0.300000	  0.000000	  0.600000	
  0.000000	  0.900000	  0.000000	  0.100000	
  0.800000	  0.000000	  0.200000	  0.000000	
  0.700000	  0.000000	  0.000000	  0.300000	
  0.700000	  0.000000	  0.000000	  0.300000	
  0.300000	  0.000000	  0.000000	  0.700000	
  0.300000	  0.000000	  0.000000	  0.700000	
  0.000000	  0.200000	  0.000000	  0.800000	
  0.100000	  0.000000	  0.900000	  0.000000	
  0.600000	  0.000000	  0.300000	  0.100000	
  0.200000	  0.000000	  0.000000	  0.800000	
  1.000000	  0.000000	  0.000000	  0.000000	
  0.000000	  0.000000	  0.000000	  1.000000	
  1.000000	  0.000000	  0.000000	  0.000000	
  0.000000	  0.200000	  0.000000	  0.800000	

URL http://regprecise.lbl.gov/RegPrecise/regulog.jsp?regulog_id=4738

MOTIF CzcR2_Lactobacillaceae ArsR-family

letter-probability matrix: alength= 4 w= 20 nsites= 7 E= 0
  0.857143	  0.000000	  0.000000	  0.142857	
  0.000000	  0.000000	  0.000000	  1.000000	
  1.000000	  0.000000	  0.000000	  0.000000	
  0.000000	  0.000000	  0.000000	  1.000000	
  0.000000	  0.000000	  1.000000	  0.000000	
  0.428571	  0.000000	  0.000000	  0.571429	
  0.285714	  0.000000	  0.000000	  0.714286	
  0.428571	  0.000000	  0.285714	  0.285714	
  0.714286	  0.000000	  0.000000	  0.285714	
  0.142857	  0.428571	  0.000000	  0.428571	
  0.571429	  0.000000	  0.285714	  0.142857	
  0.285714	  0.000000	  0.000000	  0.714286	
  0.285714	  0.142857	  0.000000	  0.571429	
  0.714286	  0.000000	  0.000000	  0.285714	
  0.571429	  0.000000	  0.000000	  0.428571	
  0.000000	  1.000000	  0.000000	  0.000000	
  1.000000	  0.000000	  0.000000	  0.000000	
  0.000000	  0.000000	  0.000000	  1.000000	
  1.000000	  0.000000	  0.000000	  0.000000	
  0.000000	  0.000000	  0.000000	  1.000000	

URL http://regprecise.lbl.gov/RegPrecise/regulog.jsp?regulog_id=4739

MOTIF Phr_Thermococcales ArsR-family

letter-probability matrix: alength= 4 w= 23 nsites= 87 E= 0
  0.034483	  0.000000	  0.034483	  0.931034	
  0.114943	  0.000000	  0.000000	  0.885057	
  0.011494	  0.000000	  0.000000	  0.988506	
  0.839080	  0.022989	  0.057471	  0.080460	
  0.321839	  0.126437	  0.367816	  0.183908	
  0.160920	  0.000000	  0.022989	  0.816092	
  0.586207	  0.057471	  0.000000	  0.356322	
  0.908046	  0.011494	  0.000000	  0.080460	
  0.068966	  0.931034	  0.000000	  0.000000	
  0.264368	  0.356322	  0.000000	  0.379310	
  0.448276	  0.034483	  0.011494	  0.505747	
  0.367816	  0.045977	  0.057471	  0.528736	
  0.402299	  0.034483	  0.091954	  0.471264	
  0.229885	  0.080460	  0.471264	  0.218391	
  0.022989	  0.022989	  0.850575	  0.103448	
  0.080460	  0.000000	  0.057471	  0.862069	
  0.459770	  0.000000	  0.091954	  0.448276	
  0.908046	  0.011494	  0.000000	  0.080460	
  0.160920	  0.356322	  0.298851	  0.183908	
  0.252874	  0.103448	  0.080460	  0.563218	
  0.885057	  0.000000	  0.045977	  0.068966	
  0.942529	  0.000000	  0.000000	  0.057471	
  0.931034	  0.034483	  0.011494	  0.022989	

URL http://regprecise.lbl.gov/RegPrecise/regulog.jsp?regulog_id=5424

MOTIF Phr_Archaeoglobales ArsR-family

letter-probability matrix: alength= 4 w= 23 nsites= 6 E= 0
  0.333333	  0.166667	  0.000000	  0.500000	
  0.333333	  0.000000	  0.000000	  0.666667	
  0.333333	  0.000000	  0.000000	  0.666667	
  0.500000	  0.500000	  0.000000	  0.000000	
  0.000000	  1.000000	  0.000000	  0.000000	
  0.000000	  0.000000	  0.000000	  1.000000	
  1.000000	  0.000000	  0.000000	  0.000000	
  1.000000	  0.000000	  0.000000	  0.000000	
  0.000000	  1.000000	  0.000000	  0.000000	
  0.500000	  0.166667	  0.000000	  0.333333	
  0.333333	  0.166667	  0.000000	  0.500000	
  1.000000	  0.000000	  0.000000	  0.000000	
  1.000000	  0.000000	  0.000000	  0.000000	
  0.833333	  0.000000	  0.166667	  0.000000	
  0.000000	  0.000000	  1.000000	  0.000000	
  0.000000	  0.000000	  0.000000	  1.000000	
  0.000000	  0.000000	  0.000000	  1.000000	
  1.000000	  0.000000	  0.000000	  0.000000	
  0.000000	  0.000000	  1.000000	  0.000000	
  0.000000	  0.000000	  0.333333	  0.666667	
  0.833333	  0.000000	  0.000000	  0.166667	
  0.500000	  0.000000	  0.166667	  0.333333	
  0.333333	  0.333333	  0.000000	  0.333333	

URL http://regprecise.lbl.gov/RegPrecise/regulog.jsp?regulog_id=5425

MOTIF Phr_Methanobacteriales ArsR-family

letter-probability matrix: alength= 4 w= 23 nsites= 14 E= 0
  0.071429	  0.000000	  0.000000	  0.928571	
  0.285714	  0.000000	  0.000000	  0.714286	
  0.428571	  0.000000	  0.000000	  0.571429	
  0.571429	  0.000000	  0.000000	  0.428571	
  0.500000	  0.071429	  0.428571	  0.000000	
  0.000000	  0.000000	  0.000000	  1.000000	
  0.857143	  0.000000	  0.000000	  0.142857	
  1.000000	  0.000000	  0.000000	  0.000000	
  0.000000	  1.000000	  0.000000	  0.000000	
  0.571429	  0.071429	  0.000000	  0.357143	
  0.500000	  0.000000	  0.000000	  0.500000	
  0.500000	  0.000000	  0.000000	  0.500000	
  0.500000	  0.000000	  0.000000	  0.500000	
  0.357143	  0.000000	  0.071429	  0.571429	
  0.000000	  0.000000	  1.000000	  0.000000	
  0.000000	  0.000000	  0.000000	  1.000000	
  0.142857	  0.000000	  0.000000	  0.857143	
  1.000000	  0.000000	  0.000000	  0.000000	
  0.071429	  0.357143	  0.142857	  0.428571	
  0.500000	  0.000000	  0.000000	  0.500000	
  0.642857	  0.000000	  0.000000	  0.357143	
  0.714286	  0.000000	  0.000000	  0.285714	
  0.928571	  0.000000	  0.000000	  0.071429	

URL http://regprecise.lbl.gov/RegPrecise/regulog.jsp?regulog_id=5427

MOTIF Phr_Methanomicrobiales ArsR-family

letter-probability matrix: alength= 4 w= 23 nsites= 11 E= 0
  0.272727	  0.272727	  0.181818	  0.272727	
  0.363636	  0.181818	  0.090909	  0.363636	
  0.000000	  0.818182	  0.181818	  0.000000	
  0.818182	  0.181818	  0.000000	  0.000000	
  0.000000	  1.000000	  0.000000	  0.000000	
  0.000000	  0.000000	  0.000000	  1.000000	
  0.727273	  0.000000	  0.000000	  0.272727	
  0.909091	  0.090909	  0.000000	  0.000000	
  0.090909	  0.909091	  0.000000	  0.000000	
  0.545455	  0.000000	  0.000000	  0.454545	
  0.181818	  0.090909	  0.000000	  0.727273	
  0.636364	  0.090909	  0.000000	  0.272727	
  0.454545	  0.000000	  0.090909	  0.454545	
  0.545455	  0.000000	  0.272727	  0.181818	
  0.000000	  0.000000	  1.000000	  0.000000	
  0.000000	  0.000000	  0.000000	  1.000000	
  0.545455	  0.000000	  0.000000	  0.454545	
  1.000000	  0.000000	  0.000000	  0.000000	
  0.545455	  0.000000	  0.363636	  0.090909	
  0.000000	  0.272727	  0.000000	  0.727273	
  0.363636	  0.272727	  0.090909	  0.272727	
  0.363636	  0.363636	  0.000000	  0.272727	
  0.090909	  0.181818	  0.272727	  0.454545	

URL http://regprecise.lbl.gov/RegPrecise/regulog.jsp?regulog_id=5429

MOTIF Caur_3587_Chloroflexia ArsR-family

letter-probability matrix: alength= 4 w= 20 nsites= 11 E= 0
  0.909091	  0.000000	  0.000000	  0.090909	
  0.000000	  0.000000	  0.000000	  1.000000	
  1.000000	  0.000000	  0.000000	  0.000000	
  0.000000	  0.000000	  0.000000	  1.000000	
  0.000000	  0.181818	  0.000000	  0.818182	
  0.000000	  0.000000	  1.000000	  0.000000	
  1.000000	  0.000000	  0.000000	  0.000000	
  0.181818	  0.363636	  0.000000	  0.454545	
  0.454545	  0.000000	  0.363636	  0.181818	
  0.636364	  0.000000	  0.000000	  0.363636	
  0.181818	  0.000000	  0.000000	  0.818182	
  0.090909	  0.545455	  0.000000	  0.363636	
  0.090909	  0.000000	  0.181818	  0.727273	
  0.000000	  0.000000	  0.000000	  1.000000	
  0.000000	  1.000000	  0.000000	  0.000000	
  0.818182	  0.000000	  0.181818	  0.000000	
  1.000000	  0.000000	  0.000000	  0.000000	
  0.000000	  0.000000	  0.000000	  1.000000	
  0.818182	  0.090909	  0.000000	  0.090909	
  0.090909	  0.090909	  0.000000	  0.818182	

URL http://regprecise.lbl.gov/RegPrecise/regulog.jsp?regulog_id=5477

MOTIF Znr_Corynebacteriaceae ArsR-family

letter-probability matrix: alength= 4 w= 18 nsites= 4 E= 0
  0.250000	  0.000000	  0.250000	  0.500000	
  0.250000	  0.250000	  0.000000	  0.500000	
  0.250000	  0.250000	  0.000000	  0.500000	
  1.000000	  0.000000	  0.000000	  0.000000	
  0.000000	  0.000000	  0.750000	  0.250000	
  0.000000	  1.000000	  0.000000	  0.000000	
  0.750000	  0.000000	  0.000000	  0.250000	
  0.750000	  0.250000	  0.000000	  0.000000	
  0.000000	  0.000000	  0.250000	  0.750000	
  0.500000	  0.250000	  0.000000	  0.250000	
  0.000000	  0.000000	  0.750000	  0.250000	
  0.000000	  0.000000	  0.000000	  1.000000	
  0.000000	  0.000000	  1.000000	  0.000000	
  0.000000	  1.000000	  0.000000	  0.000000	
  0.000000	  0.250000	  0.000000	  0.750000	
  0.750000	  0.000000	  0.250000	  0.000000	
  0.500000	  0.250000	  0.250000	  0.000000	
  0.500000	  0.000000	  0.000000	  0.500000	

URL http://regprecise.lbl.gov/RegPrecise/regulog.jsp?regulog_id=5506

MOTIF Znr_Mycobacteriaceae ArsR-family

letter-probability matrix: alength= 4 w= 18 nsites= 10 E= 0
  0.000000	  1.000000	  0.000000	  0.000000	
  1.000000	  0.000000	  0.000000	  0.000000	
  0.000000	  0.000000	  0.000000	  1.000000	
  0.000000	  0.000000	  1.000000	  0.000000	
  0.000000	  1.000000	  0.000000	  0.000000	
  0.400000	  0.000000	  0.600000	  0.000000	
  0.200000	  0.300000	  0.000000	  0.500000	
  0.400000	  0.400000	  0.200000	  0.000000	
  0.400000	  0.000000	  0.200000	  0.400000	
  0.000000	  0.200000	  0.100000	  0.700000	
  0.300000	  0.600000	  0.100000	  0.000000	
  0.600000	  0.000000	  0.200000	  0.200000	
  0.000000	  0.300000	  0.000000	  0.700000	
  0.000000	  0.000000	  1.000000	  0.000000	
  0.000000	  1.000000	  0.000000	  0.000000	
  1.000000	  0.000000	  0.000000	  0.000000	
  0.000000	  0.000000	  0.000000	  1.000000	
  0.000000	  0.000000	  1.000000	  0.000000	

URL http://regprecise.lbl.gov/RegPrecise/regulog.jsp?regulog_id=5527

MOTIF SamR_Xanthomonadales ArsR-family

letter-probability matrix: alength= 4 w= 24 nsites= 17 E= 0
  0.941176	  0.000000	  0.000000	  0.058824	
  0.058824	  0.058824	  0.000000	  0.882353	
  0.058824	  0.764706	  0.176471	  0.000000	
  0.000000	  0.235294	  0.117647	  0.647059	
  0.235294	  0.352941	  0.000000	  0.411765	
  0.000000	  0.117647	  0.000000	  0.882353	
  0.235294	  0.294118	  0.058824	  0.411765	
  0.000000	  0.588235	  0.000000	  0.411765	
  1.000000	  0.000000	  0.000000	  0.000000	
  0.000000	  0.000000	  0.000000	  1.000000	
  0.000000	  0.941176	  0.000000	  0.058824	
  0.000000	  0.529412	  0.352941	  0.117647	
  0.058824	  0.294118	  0.588235	  0.058824	
  0.235294	  0.176471	  0.529412	  0.058824	
  1.000000	  0.000000	  0.000000	  0.000000	
  0.000000	  0.000000	  0.000000	  1.000000	
  0.235294	  0.058824	  0.529412	  0.176471	
  0.705882	  0.000000	  0.117647	  0.176471	
  0.941176	  0.000000	  0.058824	  0.000000	
  0.000000	  0.000000	  0.941176	  0.058824	
  0.529412	  0.176471	  0.294118	  0.000000	
  0.000000	  0.058824	  0.941176	  0.000000	
  1.000000	  0.000000	  0.000000	  0.000000	
  0.000000	  0.000000	  0.000000	  1.000000	

URL http://regprecise.lbl.gov/RegPrecise/regulog.jsp?regulog_id=6390

MOTIF ArsR_Mycobacteriaceae ArsR-family

letter-probability matrix: alength= 4 w= 18 nsites= 17 E= 0
  0.000000	  0.235294	  0.058824	  0.705882	
  0.529412	  0.117647	  0.058824	  0.294118	
  0.000000	  0.000000	  0.000000	  1.000000	
  0.000000	  0.470588	  0.000000	  0.529412	
  0.000000	  0.000000	  1.000000	  0.000000	
  1.000000	  0.000000	  0.000000	  0.000000	
  0.000000	  0.411765	  0.000000	  0.588235	
  0.705882	  0.058824	  0.235294	  0.000000	
  0.117647	  0.000000	  0.000000	  0.882353	
  0.941176	  0.058824	  0.000000	  0.000000	
  0.058824	  0.058824	  0.000000	  0.882353	
  0.235294	  0.000000	  0.764706	  0.000000	
  0.000000	  0.000000	  0.000000	  1.000000	
  0.000000	  1.000000	  0.000000	  0.000000	
  0.588235	  0.000000	  0.411765	  0.000000	
  1.000000	  0.000000	  0.000000	  0.000000	
  0.705882	  0.000000	  0.000000	  0.294118	
  0.588235	  0.117647	  0.117647	  0.176471	

URL http://regprecise.lbl.gov/RegPrecise/regulog.jsp?regulog_id=6437

MOTIF CzrA_Clostridia-3 ArsR-family

letter-probability matrix: alength= 4 w= 22 nsites= 13 E= 0
  0.076923	  0.923077	  0.000000	  0.000000	
  1.000000	  0.000000	  0.000000	  0.000000	
  0.000000	  0.000000	  0.000000	  1.000000	
  1.000000	  0.000000	  0.000000	  0.000000	
  0.000000	  0.000000	  0.000000	  1.000000	
  0.000000	  0.000000	  1.000000	  0.000000	
  0.923077	  0.000000	  0.076923	  0.000000	
  0.923077	  0.000000	  0.000000	  0.076923	
  0.000000	  0.461538	  0.000000	  0.538462	
  0.846154	  0.000000	  0.153846	  0.000000	
  0.692308	  0.076923	  0.153846	  0.076923	
  0.384615	  0.230769	  0.000000	  0.384615	
  0.000000	  0.307692	  0.000000	  0.692308	
  0.461538	  0.000000	  0.538462	  0.000000	
  0.230769	  0.076923	  0.000000	  0.692308	
  0.153846	  0.000000	  0.076923	  0.769231	
  0.076923	  0.923077	  0.000000	  0.000000	
  1.000000	  0.000000	  0.000000	  0.000000	
  0.000000	  0.000000	  0.000000	  1.000000	
  0.923077	  0.000000	  0.076923	  0.000000	
  0.000000	  0.000000	  0.000000	  1.000000	
  0.076923	  0.000000	  0.923077	  0.000000	

URL http://regprecise.lbl.gov/RegPrecise/regulog.jsp?regulog_id=6446

MOTIF ArsR_Nocardiaceae ArsR-family

letter-probability matrix: alength= 4 w= 20 nsites= 7 E= 0
  0.000000	  0.000000	  0.000000	  1.000000	
  0.000000	  1.000000	  0.000000	  0.000000	
  1.000000	  0.000000	  0.000000	  0.000000	
  1.000000	  0.000000	  0.000000	  0.000000	
  0.000000	  0.000000	  0.000000	  1.000000	
  1.000000	  0.000000	  0.000000	  0.000000	
  0.000000	  0.000000	  0.000000	  1.000000	
  0.000000	  0.714286	  0.000000	  0.285714	
  0.000000	  0.000000	  1.000000	  0.000000	
  0.857143	  0.000000	  0.142857	  0.000000	
  0.142857	  0.571429	  0.000000	  0.285714	
  0.000000	  0.000000	  1.000000	  0.000000	
  0.142857	  0.428571	  0.000000	  0.428571	
  1.000000	  0.000000	  0.000000	  0.000000	
  0.000000	  0.000000	  0.000000	  1.000000	
  0.000000	  0.000000	  1.000000	  0.000000	
  0.000000	  0.000000	  0.000000	  1.000000	
  0.000000	  1.000000	  0.000000	  0.000000	
  0.000000	  0.000000	  0.857143	  0.142857	
  1.000000	  0.000000	  0.000000	  0.000000	

URL http://regprecise.lbl.gov/RegPrecise/regulog.jsp?regulog_id=6456

MOTIF CzrA_Clostridia-1 ArsR-family

letter-probability matrix: alength= 4 w= 22 nsites= 7 E= 0
  0.000000	  1.000000	  0.000000	  0.000000	
  0.857143	  0.000000	  0.142857	  0.000000	
  0.000000	  0.000000	  0.000000	  1.000000	
  1.000000	  0.000000	  0.000000	  0.000000	
  0.000000	  0.000000	  0.000000	  1.000000	
  0.000000	  0.000000	  1.000000	  0.000000	
  1.000000	  0.000000	  0.000000	  0.000000	
  1.000000	  0.000000	  0.000000	  0.000000	
  0.000000	  0.857143	  0.000000	  0.142857	
  1.000000	  0.000000	  0.000000	  0.000000	
  0.285714	  0.000000	  0.428571	  0.285714	
  0.714286	  0.000000	  0.000000	  0.285714	
  0.142857	  0.000000	  0.000000	  0.857143	
  0.571429	  0.000000	  0.428571	  0.000000	
  0.000000	  0.428571	  0.000000	  0.571429	
  0.000000	  0.000000	  0.000000	  1.000000	
  0.000000	  1.000000	  0.000000	  0.000000	
  1.000000	  0.000000	  0.000000	  0.000000	
  0.142857	  0.000000	  0.000000	  0.857143	
  1.000000	  0.000000	  0.000000	  0.000000	
  0.000000	  0.142857	  0.000000	  0.857143	
  0.000000	  0.000000	  1.000000	  0.000000	

URL http://regprecise.lbl.gov/RegPrecise/regulog.jsp?regulog_id=6577

MOTIF ArsR_Staphylococcaceae ArsR-family

letter-probability matrix: alength= 4 w= 22 nsites= 26 E= 0
  0.423077	  0.000000	  0.000000	  0.576923	
  0.884615	  0.038462	  0.000000	  0.076923	
  0.000000	  0.192308	  0.000000	  0.807692	
  1.000000	  0.000000	  0.000000	  0.000000	
  0.000000	  0.000000	  0.000000	  1.000000	
  1.000000	  0.000000	  0.000000	  0.000000	
  0.038462	  0.000000	  0.923077	  0.038462	
  1.000000	  0.000000	  0.000000	  0.000000	
  0.000000	  0.307692	  0.000000	  0.692308	
  0.384615	  0.038462	  0.346154	  0.230769	
  0.384615	  0.153846	  0.038462	  0.423077	
  0.192308	  0.076923	  0.076923	  0.653846	
  0.538462	  0.153846	  0.076923	  0.230769	
  0.769231	  0.000000	  0.230769	  0.000000	
  0.000000	  0.000000	  0.000000	  1.000000	
  0.000000	  0.923077	  0.000000	  0.076923	
  0.000000	  0.000000	  0.000000	  1.000000	
  1.000000	  0.000000	  0.000000	  0.000000	
  0.000000	  0.000000	  0.000000	  1.000000	
  0.692308	  0.000000	  0.230769	  0.076923	
  0.153846	  0.000000	  0.038462	  0.807692	
  0.615385	  0.000000	  0.000000	  0.384615	

URL http://regprecise.lbl.gov/RegPrecise/regulog.jsp?regulog_id=659

MOTIF CzrA_Staphylococcaceae ArsR-family

letter-probability matrix: alength= 4 w= 26 nsites= 6 E= 0
  0.833333	  0.000000	  0.000000	  0.166667	
  1.000000	  0.000000	  0.000000	  0.000000	
  0.000000	  0.000000	  0.000000	  1.000000	
  1.000000	  0.000000	  0.000000	  0.000000	
  0.000000	  0.000000	  0.000000	  1.000000	
  1.000000	  0.000000	  0.000000	  0.000000	
  0.000000	  0.000000	  0.000000	  1.000000	
  0.000000	  0.000000	  1.000000	  0.000000	
  1.000000	  0.000000	  0.000000	  0.000000	
  1.000000	  0.000000	  0.000000	  0.000000	
  0.000000	  0.833333	  0.000000	  0.166667	
  1.000000	  0.000000	  0.000000	  0.000000	
  0.666667	  0.000000	  0.166667	  0.166667	
  0.833333	  0.000000	  0.000000	  0.166667	
  0.000000	  0.000000	  0.000000	  1.000000	
  0.833333	  0.000000	  0.166667	  0.000000	
  0.000000	  0.000000	  0.000000	  1.000000	
  0.000000	  0.000000	  0.000000	  1.000000	
  0.000000	  1.000000	  0.000000	  0.000000	
  1.000000	  0.000000	  0.000000	  0.000000	
  0.000000	  0.000000	  0.000000	  1.000000	
  1.000000	  0.000000	  0.000000	  0.000000	
  0.000000	  0.000000	  0.000000	  1.000000	
  0.666667	  0.000000	  0.333333	  0.000000	
  0.333333	  0.000000	  0.000000	  0.666667	
  0.333333	  0.000000	  0.000000	  0.666667	

URL http://regprecise.lbl.gov/RegPrecise/regulog.jsp?regulog_id=667


