MEME version 4

ALPHABET= ACGT

strands: + -

Background letter frequencies (from uniform background):
A 0.25000 C 0.25000 G 0.25000 T 0.25000 

MOTIF Dnr_Ralstonia CRP-family

letter-probability matrix: alength= 4 w= 18 nsites= 9 E= 0
  0.111111	  0.222222	  0.555556	  0.111111	
  0.000000	  0.111111	  0.222222	  0.666667	
  0.111111	  0.000000	  0.222222	  0.666667	
  0.000000	  0.000000	  0.000000	  1.000000	
  0.000000	  0.000000	  1.000000	  0.000000	
  0.888889	  0.111111	  0.000000	  0.000000	
  0.000000	  0.555556	  0.111111	  0.333333	
  0.111111	  0.111111	  0.444444	  0.333333	
  0.444444	  0.333333	  0.000000	  0.222222	
  0.333333	  0.333333	  0.333333	  0.000000	
  0.666667	  0.000000	  0.000000	  0.333333	
  0.000000	  0.000000	  1.000000	  0.000000	
  0.000000	  0.000000	  0.000000	  1.000000	
  0.000000	  1.000000	  0.000000	  0.000000	
  1.000000	  0.000000	  0.000000	  0.000000	
  1.000000	  0.000000	  0.000000	  0.000000	
  0.111111	  0.111111	  0.222222	  0.555556	
  0.000000	  0.444444	  0.111111	  0.444444	

URL http://regprecise.lbl.gov/RegPrecise/regulog.jsp?regulog_id=1086

MOTIF Crp_Enterobacteriales CRP-family

letter-probability matrix: alength= 4 w= 22 nsites= 2301 E= 0
  0.453281	  0.056063	  0.034333	  0.456323	
  0.459800	  0.030856	  0.086484	  0.422860	
  0.354628	  0.085615	  0.152977	  0.406780	
  0.119079	  0.139505	  0.046067	  0.695350	
  0.080834	  0.017818	  0.744459	  0.156888	
  0.040852	  0.093872	  0.006953	  0.858322	
  0.063451	  0.002608	  0.838766	  0.095176	
  0.866145	  0.070404	  0.021295	  0.042156	
  0.122555	  0.175141	  0.124294	  0.578010	
  0.219470	  0.328987	  0.205997	  0.245545	
  0.159930	  0.220774	  0.169492	  0.449804	
  0.402868	  0.172968	  0.219035	  0.205128	
  0.223381	  0.211647	  0.305954	  0.259018	
  0.458496	  0.181660	  0.140808	  0.219035	
  0.060409	  0.044329	  0.099522	  0.795741	
  0.109518	  0.814863	  0.006084	  0.069535	
  0.762712	  0.023903	  0.129074	  0.084311	
  0.179053	  0.694481	  0.024337	  0.102130	
  0.671882	  0.078661	  0.137766	  0.111691	
  0.342894	  0.177314	  0.089526	  0.390265	
  0.435028	  0.065624	  0.014342	  0.485007	
  0.372447	  0.077358	  0.065189	  0.485007	

URL http://regprecise.lbl.gov/RegPrecise/regulog.jsp?regulog_id=1114

MOTIF NtcA_Cyanobacteria CRP-family

letter-probability matrix: alength= 4 w= 16 nsites= 224 E= 0
  0.205357	  0.080357	  0.084821	  0.629464	
  0.013393	  0.008929	  0.964286	  0.013393	
  0.026786	  0.004464	  0.004464	  0.964286	
  0.892857	  0.004464	  0.013393	  0.089286	
  0.428571	  0.008929	  0.232143	  0.330357	
  0.120536	  0.575893	  0.004464	  0.299107	
  0.473214	  0.160714	  0.084821	  0.281250	
  0.419643	  0.080357	  0.187500	  0.312500	
  0.401786	  0.125000	  0.089286	  0.383929	
  0.379464	  0.071429	  0.147321	  0.401786	
  0.312500	  0.026786	  0.491071	  0.169643	
  0.379464	  0.267857	  0.035714	  0.316964	
  0.120536	  0.031250	  0.008929	  0.839286	
  0.986607	  0.004464	  0.004464	  0.004464	
  0.008929	  0.928571	  0.035714	  0.026786	
  0.736607	  0.084821	  0.049107	  0.129464	

URL http://regprecise.lbl.gov/RegPrecise/regulog.jsp?regulog_id=1166

MOTIF Desal_2066_Desulfovibrionales CRP-family

letter-probability matrix: alength= 4 w= 18 nsites= 6 E= 0
  0.000000	  1.000000	  0.000000	  0.000000	
  0.666667	  0.000000	  0.333333	  0.000000	
  0.000000	  0.000000	  0.000000	  1.000000	
  0.000000	  0.000000	  0.000000	  1.000000	
  0.000000	  0.000000	  1.000000	  0.000000	
  1.000000	  0.000000	  0.000000	  0.000000	
  0.000000	  0.000000	  0.000000	  1.000000	
  0.000000	  0.666667	  0.333333	  0.000000	
  0.000000	  0.333333	  0.000000	  0.666667	
  0.333333	  0.333333	  0.333333	  0.000000	
  0.166667	  0.166667	  0.666667	  0.000000	
  1.000000	  0.000000	  0.000000	  0.000000	
  0.000000	  0.000000	  0.000000	  1.000000	
  0.000000	  1.000000	  0.000000	  0.000000	
  1.000000	  0.000000	  0.000000	  0.000000	
  1.000000	  0.000000	  0.000000	  0.000000	
  0.000000	  0.333333	  0.166667	  0.500000	
  0.166667	  0.000000	  0.833333	  0.000000	

URL http://regprecise.lbl.gov/RegPrecise/regulog.jsp?regulog_id=1374

MOTIF Ddes_1411/Ddes_2092_Desulfovibrionales CRP-family

letter-probability matrix: alength= 4 w= 18 nsites= 8 E= 0
  0.625000	  0.000000	  0.125000	  0.250000	
  0.000000	  0.000000	  0.000000	  1.000000	
  0.000000	  0.000000	  1.000000	  0.000000	
  0.000000	  0.000000	  0.000000	  1.000000	
  0.000000	  0.000000	  0.000000	  1.000000	
  0.000000	  0.125000	  0.875000	  0.000000	
  0.000000	  0.750000	  0.000000	  0.250000	
  0.625000	  0.125000	  0.125000	  0.125000	
  0.375000	  0.125000	  0.125000	  0.375000	
  0.250000	  0.250000	  0.250000	  0.250000	
  0.250000	  0.125000	  0.250000	  0.375000	
  0.250000	  0.000000	  0.750000	  0.000000	
  0.000000	  0.875000	  0.125000	  0.000000	
  1.000000	  0.000000	  0.000000	  0.000000	
  0.875000	  0.000000	  0.000000	  0.125000	
  0.000000	  0.875000	  0.125000	  0.000000	
  1.000000	  0.000000	  0.000000	  0.000000	
  0.500000	  0.125000	  0.000000	  0.375000	

URL http://regprecise.lbl.gov/RegPrecise/regulog.jsp?regulog_id=1377

MOTIF NnrR_Rhizobiales CRP-family

letter-probability matrix: alength= 4 w= 18 nsites= 110 E= 0
  0.136364	  0.527273	  0.327273	  0.009091	
  0.027273	  0.072727	  0.090909	  0.809091	
  0.000000	  0.000000	  0.000000	  1.000000	
  0.000000	  0.000000	  0.009091	  0.990909	
  0.000000	  0.000000	  1.000000	  0.000000	
  0.263636	  0.527273	  0.000000	  0.209091	
  0.018182	  0.245455	  0.563636	  0.172727	
  0.154545	  0.572727	  0.190909	  0.081818	
  0.190909	  0.345455	  0.136364	  0.327273	
  0.418182	  0.172727	  0.272727	  0.136364	
  0.090909	  0.200000	  0.563636	  0.145455	
  0.190909	  0.554545	  0.245455	  0.009091	
  0.254545	  0.000000	  0.500000	  0.245455	
  0.000000	  0.981818	  0.018182	  0.000000	
  1.000000	  0.000000	  0.000000	  0.000000	
  1.000000	  0.000000	  0.000000	  0.000000	
  0.818182	  0.109091	  0.045455	  0.027273	
  0.018182	  0.245455	  0.645455	  0.090909	

URL http://regprecise.lbl.gov/RegPrecise/regulog.jsp?regulog_id=1816

MOTIF NnrR_Caulobacterales CRP-family

letter-probability matrix: alength= 4 w= 18 nsites= 11 E= 0
  0.000000	  0.090909	  0.818182	  0.090909	
  0.181818	  0.090909	  0.363636	  0.363636	
  0.000000	  0.000000	  0.000000	  1.000000	
  0.000000	  0.090909	  0.000000	  0.909091	
  0.000000	  0.000000	  1.000000	  0.000000	
  0.272727	  0.363636	  0.000000	  0.363636	
  0.000000	  0.363636	  0.272727	  0.363636	
  0.090909	  0.727273	  0.090909	  0.090909	
  0.272727	  0.181818	  0.181818	  0.363636	
  0.181818	  0.090909	  0.363636	  0.363636	
  0.000000	  0.090909	  0.818182	  0.090909	
  0.272727	  0.636364	  0.090909	  0.000000	
  0.181818	  0.000000	  0.636364	  0.181818	
  0.000000	  1.000000	  0.000000	  0.000000	
  0.909091	  0.000000	  0.090909	  0.000000	
  1.000000	  0.000000	  0.000000	  0.000000	
  0.454545	  0.272727	  0.181818	  0.090909	
  0.090909	  0.181818	  0.727273	  0.000000	

URL http://regprecise.lbl.gov/RegPrecise/regulog.jsp?regulog_id=1820

MOTIF Fnr_Enterobacteriales CRP-family

letter-probability matrix: alength= 4 w= 14 nsites= 667 E= 0
  0.148426	  0.058471	  0.052474	  0.740630	
  0.004498	  0.041979	  0.004498	  0.949025	
  0.056972	  0.019490	  0.863568	  0.059970	
  0.754123	  0.073463	  0.002999	  0.169415	
  0.037481	  0.121439	  0.086957	  0.754123	
  0.245877	  0.232384	  0.151424	  0.370315	
  0.200900	  0.130435	  0.092954	  0.575712	
  0.623688	  0.086957	  0.101949	  0.187406	
  0.403298	  0.163418	  0.173913	  0.259370	
  0.766117	  0.059970	  0.154423	  0.019490	
  0.151424	  0.002999	  0.046477	  0.799100	
  0.047976	  0.887556	  0.016492	  0.047976	
  0.956522	  0.002999	  0.028486	  0.011994	
  0.734633	  0.092954	  0.068966	  0.103448	

URL http://regprecise.lbl.gov/RegPrecise/regulog.jsp?regulog_id=4332

MOTIF Crp_Bacteroidaceae CRP-family

letter-probability matrix: alength= 4 w= 22 nsites= 113 E= 0
  0.300885	  0.053097	  0.044248	  0.601770	
  0.283186	  0.053097	  0.035398	  0.628319	
  0.265487	  0.070796	  0.017699	  0.646018	
  0.115044	  0.079646	  0.008850	  0.796460	
  0.628319	  0.115044	  0.247788	  0.008850	
  0.000000	  0.000000	  0.017699	  0.982301	
  0.000000	  0.000000	  1.000000	  0.000000	
  0.008850	  0.292035	  0.000000	  0.699115	
  0.000000	  0.017699	  0.000000	  0.982301	
  0.460177	  0.079646	  0.256637	  0.203540	
  0.141593	  0.159292	  0.008850	  0.690265	
  0.840708	  0.008850	  0.026549	  0.123894	
  0.212389	  0.265487	  0.079646	  0.442478	
  0.991150	  0.000000	  0.008850	  0.000000	
  0.867257	  0.000000	  0.132743	  0.000000	
  0.079646	  0.893805	  0.000000	  0.026549	
  0.982301	  0.000000	  0.000000	  0.017699	
  0.000000	  0.097345	  0.141593	  0.761062	
  0.867257	  0.017699	  0.097345	  0.017699	
  0.477876	  0.097345	  0.115044	  0.309735	
  0.477876	  0.088496	  0.017699	  0.415929	
  0.469027	  0.141593	  0.026549	  0.362832	

URL http://regprecise.lbl.gov/RegPrecise/regulog.jsp?regulog_id=4656

MOTIF HcpR_Bacteroidaceae CRP-family

letter-probability matrix: alength= 4 w= 18 nsites= 18 E= 0
  0.166667	  0.333333	  0.222222	  0.277778	
  0.000000	  0.000000	  0.000000	  1.000000	
  0.000000	  0.000000	  1.000000	  0.000000	
  0.000000	  0.000000	  0.000000	  1.000000	
  0.666667	  0.333333	  0.000000	  0.000000	
  0.888889	  0.111111	  0.000000	  0.000000	
  0.000000	  1.000000	  0.000000	  0.000000	
  0.666667	  0.111111	  0.166667	  0.055556	
  0.055556	  0.000000	  0.000000	  0.944444	
  0.722222	  0.000000	  0.000000	  0.277778	
  0.055556	  0.111111	  0.277778	  0.555556	
  0.000000	  0.000000	  1.000000	  0.000000	
  0.000000	  0.000000	  0.111111	  0.888889	
  0.000000	  0.000000	  0.388889	  0.611111	
  1.000000	  0.000000	  0.000000	  0.000000	
  0.000000	  1.000000	  0.000000	  0.000000	
  1.000000	  0.000000	  0.000000	  0.000000	
  0.388889	  0.166667	  0.388889	  0.055556	

URL http://regprecise.lbl.gov/RegPrecise/regulog.jsp?regulog_id=4678

MOTIF NrfR_Bacteroidaceae CRP-family

letter-probability matrix: alength= 4 w= 20 nsites= 6 E= 0
  0.333333	  0.000000	  0.666667	  0.000000	
  0.500000	  0.000000	  0.500000	  0.000000	
  0.000000	  0.000000	  0.000000	  1.000000	
  0.000000	  0.000000	  1.000000	  0.000000	
  0.000000	  0.000000	  0.000000	  1.000000	
  0.833333	  0.166667	  0.000000	  0.000000	
  1.000000	  0.000000	  0.000000	  0.000000	
  0.000000	  0.000000	  0.000000	  1.000000	
  0.500000	  0.500000	  0.000000	  0.000000	
  0.333333	  0.000000	  0.333333	  0.333333	
  0.166667	  0.000000	  0.166667	  0.666667	
  0.000000	  0.000000	  0.333333	  0.666667	
  1.000000	  0.000000	  0.000000	  0.000000	
  0.000000	  0.000000	  0.000000	  1.000000	
  0.000000	  0.000000	  0.000000	  1.000000	
  1.000000	  0.000000	  0.000000	  0.000000	
  0.000000	  1.000000	  0.000000	  0.000000	
  1.000000	  0.000000	  0.000000	  0.000000	
  0.000000	  0.833333	  0.000000	  0.166667	
  0.000000	  0.666667	  0.000000	  0.333333	

URL http://regprecise.lbl.gov/RegPrecise/regulog.jsp?regulog_id=4721

MOTIF FlpA_Lactobacillaceae CRP-family

letter-probability matrix: alength= 4 w= 20 nsites= 32 E= 0
  0.812500	  0.031250	  0.000000	  0.156250	
  0.750000	  0.000000	  0.000000	  0.250000	
  0.281250	  0.593750	  0.125000	  0.000000	
  0.000000	  0.000000	  0.000000	  1.000000	
  0.000000	  0.000000	  0.000000	  1.000000	
  0.000000	  0.000000	  1.000000	  0.000000	
  1.000000	  0.000000	  0.000000	  0.000000	
  0.000000	  0.375000	  0.000000	  0.625000	
  0.218750	  0.125000	  0.625000	  0.031250	
  0.343750	  0.093750	  0.343750	  0.218750	
  0.218750	  0.468750	  0.156250	  0.156250	
  0.250000	  0.437500	  0.218750	  0.093750	
  0.562500	  0.000000	  0.437500	  0.000000	
  0.031250	  0.000000	  0.000000	  0.968750	
  0.031250	  0.968750	  0.000000	  0.000000	
  1.000000	  0.000000	  0.000000	  0.000000	
  1.000000	  0.000000	  0.000000	  0.000000	
  0.000000	  0.000000	  0.531250	  0.468750	
  0.093750	  0.000000	  0.125000	  0.781250	
  0.250000	  0.093750	  0.031250	  0.625000	

URL http://regprecise.lbl.gov/RegPrecise/regulog.jsp?regulog_id=4741

MOTIF NihR_Lactobacillaceae CRP-family

letter-probability matrix: alength= 4 w= 16 nsites= 10 E= 0
  0.100000	  0.100000	  0.300000	  0.500000	
  0.100000	  0.000000	  0.200000	  0.700000	
  0.100000	  0.000000	  0.100000	  0.800000	
  0.700000	  0.000000	  0.000000	  0.300000	
  0.800000	  0.200000	  0.000000	  0.000000	
  0.000000	  1.000000	  0.000000	  0.000000	
  0.900000	  0.000000	  0.000000	  0.100000	
  0.400000	  0.000000	  0.000000	  0.600000	
  0.600000	  0.000000	  0.000000	  0.400000	
  0.100000	  0.000000	  0.000000	  0.900000	
  0.000000	  0.000000	  1.000000	  0.000000	
  0.000000	  0.000000	  0.200000	  0.800000	
  0.300000	  0.000000	  0.000000	  0.700000	
  0.800000	  0.100000	  0.000000	  0.100000	
  0.700000	  0.200000	  0.000000	  0.100000	
  0.500000	  0.300000	  0.100000	  0.100000	

URL http://regprecise.lbl.gov/RegPrecise/regulog.jsp?regulog_id=4742

MOTIF DeoR_Shewanellaceae CRP-family

letter-probability matrix: alength= 4 w= 18 nsites= 9 E= 0
  0.111111	  0.000000	  0.000000	  0.888889	
  0.000000	  0.333333	  0.666667	  0.000000	
  0.000000	  1.000000	  0.000000	  0.000000	
  0.000000	  0.000000	  1.000000	  0.000000	
  0.000000	  0.000000	  1.000000	  0.000000	
  1.000000	  0.000000	  0.000000	  0.000000	
  0.000000	  1.000000	  0.000000	  0.000000	
  0.000000	  0.000000	  0.000000	  1.000000	
  0.111111	  0.000000	  0.000000	  0.888889	
  0.333333	  0.000000	  0.000000	  0.666667	
  0.444444	  0.000000	  0.000000	  0.555556	
  0.000000	  0.000000	  1.000000	  0.000000	
  0.000000	  0.000000	  0.000000	  1.000000	
  0.000000	  1.000000	  0.000000	  0.000000	
  0.000000	  1.000000	  0.000000	  0.000000	
  0.000000	  0.000000	  0.000000	  1.000000	
  0.555556	  0.333333	  0.000000	  0.111111	
  0.666667	  0.000000	  0.000000	  0.333333	

URL http://regprecise.lbl.gov/RegPrecise/regulog.jsp?regulog_id=581

MOTIF Dnr_Shewanellaceae CRP-family

letter-probability matrix: alength= 4 w= 18 nsites= 5 E= 0
  0.800000	  0.000000	  0.000000	  0.200000	
  0.200000	  0.400000	  0.200000	  0.200000	
  0.000000	  0.000000	  0.000000	  1.000000	
  0.000000	  0.000000	  0.000000	  1.000000	
  0.000000	  0.000000	  1.000000	  0.000000	
  1.000000	  0.000000	  0.000000	  0.000000	
  0.000000	  0.400000	  0.000000	  0.600000	
  0.000000	  0.800000	  0.000000	  0.200000	
  0.200000	  0.000000	  0.000000	  0.800000	
  0.600000	  0.400000	  0.000000	  0.000000	
  0.600000	  0.200000	  0.200000	  0.000000	
  0.200000	  0.000000	  0.800000	  0.000000	
  0.000000	  0.000000	  0.000000	  1.000000	
  0.000000	  1.000000	  0.000000	  0.000000	
  1.000000	  0.000000	  0.000000	  0.000000	
  0.600000	  0.400000	  0.000000	  0.000000	
  0.000000	  0.000000	  0.200000	  0.800000	
  0.200000	  0.000000	  0.000000	  0.800000	

URL http://regprecise.lbl.gov/RegPrecise/regulog.jsp?regulog_id=582

MOTIF HcpR_Desulfuromonadales CRP-family

letter-probability matrix: alength= 4 w= 18 nsites= 44 E= 0
  0.136364	  0.204545	  0.113636	  0.545455	
  0.159091	  0.431818	  0.022727	  0.386364	
  0.113636	  0.000000	  0.000000	  0.886364	
  0.000000	  0.000000	  0.000000	  1.000000	
  0.000000	  0.000000	  1.000000	  0.000000	
  1.000000	  0.000000	  0.000000	  0.000000	
  0.000000	  0.886364	  0.000000	  0.113636	
  0.068182	  0.522727	  0.022727	  0.386364	
  0.068182	  0.181818	  0.113636	  0.636364	
  0.363636	  0.068182	  0.340909	  0.227273	
  0.090909	  0.295455	  0.409091	  0.204545	
  0.318182	  0.000000	  0.681818	  0.000000	
  0.000000	  0.000000	  0.000000	  1.000000	
  0.000000	  1.000000	  0.000000	  0.000000	
  1.000000	  0.000000	  0.000000	  0.000000	
  0.681818	  0.000000	  0.000000	  0.318182	
  0.409091	  0.000000	  0.477273	  0.113636	
  0.272727	  0.113636	  0.409091	  0.204545	

URL http://regprecise.lbl.gov/RegPrecise/regulog.jsp?regulog_id=6450

MOTIF HcpR_Clostridia-1 CRP-family

letter-probability matrix: alength= 4 w= 18 nsites= 32 E= 0
  0.156250	  0.156250	  0.125000	  0.562500	
  0.343750	  0.156250	  0.187500	  0.312500	
  0.000000	  0.000000	  1.000000	  0.000000	
  0.000000	  0.000000	  0.000000	  1.000000	
  1.000000	  0.000000	  0.000000	  0.000000	
  0.937500	  0.000000	  0.000000	  0.062500	
  0.000000	  1.000000	  0.000000	  0.000000	
  0.437500	  0.187500	  0.125000	  0.250000	
  0.250000	  0.000000	  0.000000	  0.750000	
  0.625000	  0.031250	  0.031250	  0.312500	
  0.312500	  0.125000	  0.125000	  0.437500	
  0.000000	  0.000000	  1.000000	  0.000000	
  0.031250	  0.000000	  0.000000	  0.968750	
  0.000000	  0.000000	  0.000000	  1.000000	
  1.000000	  0.000000	  0.000000	  0.000000	
  0.000000	  1.000000	  0.000000	  0.000000	
  0.593750	  0.187500	  0.062500	  0.156250	
  0.093750	  0.062500	  0.656250	  0.187500	

URL http://regprecise.lbl.gov/RegPrecise/regulog.jsp?regulog_id=6477

MOTIF FnrN_Rhodobacterales CRP-family

letter-probability matrix: alength= 4 w= 20 nsites= 85 E= 0
  0.211765	  0.188235	  0.305882	  0.294118	
  0.247059	  0.341176	  0.188235	  0.223529	
  0.176471	  0.376471	  0.058824	  0.388235	
  0.000000	  0.011765	  0.000000	  0.988235	
  0.000000	  0.000000	  0.000000	  1.000000	
  0.000000	  0.000000	  1.000000	  0.000000	
  1.000000	  0.000000	  0.000000	  0.000000	
  0.000000	  0.270588	  0.000000	  0.729412	
  0.105882	  0.647059	  0.141176	  0.105882	
  0.011765	  0.635294	  0.000000	  0.352941	
  0.635294	  0.000000	  0.341176	  0.023529	
  0.164706	  0.176471	  0.482353	  0.176471	
  0.741176	  0.000000	  0.258824	  0.000000	
  0.000000	  0.000000	  0.000000	  1.000000	
  0.000000	  1.000000	  0.000000	  0.000000	
  1.000000	  0.000000	  0.000000	  0.000000	
  0.964706	  0.000000	  0.023529	  0.011765	
  0.435294	  0.070588	  0.352941	  0.141176	
  0.141176	  0.164706	  0.611765	  0.082353	
  0.211765	  0.364706	  0.152941	  0.270588	

URL http://regprecise.lbl.gov/RegPrecise/regulog.jsp?regulog_id=6530

MOTIF FixK_Caulobacterales CRP-family

letter-probability matrix: alength= 4 w= 20 nsites= 25 E= 0
  0.120000	  0.040000	  0.680000	  0.160000	
  0.080000	  0.880000	  0.040000	  0.000000	
  0.080000	  0.640000	  0.040000	  0.240000	
  0.000000	  0.000000	  0.160000	  0.840000	
  0.040000	  0.000000	  0.000000	  0.960000	
  0.000000	  0.000000	  0.960000	  0.040000	
  1.000000	  0.000000	  0.000000	  0.000000	
  0.000000	  0.280000	  0.200000	  0.520000	
  0.120000	  0.560000	  0.280000	  0.040000	
  0.080000	  0.400000	  0.360000	  0.160000	
  0.320000	  0.160000	  0.440000	  0.080000	
  0.160000	  0.240000	  0.360000	  0.240000	
  0.520000	  0.120000	  0.360000	  0.000000	
  0.000000	  0.000000	  0.000000	  1.000000	
  0.000000	  0.880000	  0.120000	  0.000000	
  1.000000	  0.000000	  0.000000	  0.000000	
  0.920000	  0.040000	  0.040000	  0.000000	
  0.440000	  0.000000	  0.520000	  0.040000	
  0.080000	  0.080000	  0.680000	  0.160000	
  0.120000	  0.680000	  0.080000	  0.120000	

URL http://regprecise.lbl.gov/RegPrecise/regulog.jsp?regulog_id=6531

MOTIF ArcR_Staphylococcaceae CRP-family

letter-probability matrix: alength= 4 w= 18 nsites= 6 E= 0
  0.666667	  0.000000	  0.000000	  0.333333	
  0.000000	  0.000000	  0.000000	  1.000000	
  0.000000	  0.000000	  1.000000	  0.000000	
  0.000000	  0.000000	  0.000000	  1.000000	
  0.000000	  0.000000	  1.000000	  0.000000	
  1.000000	  0.000000	  0.000000	  0.000000	
  0.666667	  0.000000	  0.000000	  0.333333	
  0.333333	  0.000000	  0.000000	  0.666667	
  0.666667	  0.000000	  0.000000	  0.333333	
  0.166667	  0.166667	  0.000000	  0.666667	
  0.833333	  0.166667	  0.000000	  0.000000	
  1.000000	  0.000000	  0.000000	  0.000000	
  0.000000	  0.000000	  0.000000	  1.000000	
  0.000000	  1.000000	  0.000000	  0.000000	
  1.000000	  0.000000	  0.000000	  0.000000	
  0.000000	  1.000000	  0.000000	  0.000000	
  0.833333	  0.000000	  0.166667	  0.000000	
  0.166667	  0.166667	  0.000000	  0.666667	

URL http://regprecise.lbl.gov/RegPrecise/regulog.jsp?regulog_id=657

MOTIF Crp_Bifidobacteriaceae CRP-family

letter-probability matrix: alength= 4 w= 22 nsites= 52 E= 0
  0.442308	  0.134615	  0.192308	  0.230769	
  0.750000	  0.019231	  0.153846	  0.076923	
  0.519231	  0.057692	  0.057692	  0.365385	
  0.096154	  0.211538	  0.000000	  0.692308	
  0.000000	  0.000000	  1.000000	  0.000000	
  0.000000	  0.000000	  0.000000	  1.000000	
  0.019231	  0.000000	  0.980769	  0.000000	
  0.865385	  0.019231	  0.076923	  0.038462	
  0.153846	  0.384615	  0.230769	  0.230769	
  0.346154	  0.230769	  0.269231	  0.153846	
  0.250000	  0.269231	  0.000000	  0.480769	
  0.846154	  0.000000	  0.057692	  0.096154	
  0.192308	  0.153846	  0.519231	  0.134615	
  0.211538	  0.307692	  0.365385	  0.115385	
  0.000000	  0.076923	  0.019231	  0.903846	
  0.000000	  0.980769	  0.000000	  0.019231	
  1.000000	  0.000000	  0.000000	  0.000000	
  0.000000	  0.980769	  0.000000	  0.019231	
  0.500000	  0.038462	  0.307692	  0.153846	
  0.115385	  0.134615	  0.250000	  0.500000	
  0.269231	  0.211538	  0.153846	  0.365385	
  0.115385	  0.250000	  0.250000	  0.384615	

URL http://regprecise.lbl.gov/RegPrecise/regulog.jsp?regulog_id=6774

MOTIF HcpR_Thermotogales CRP-family

letter-probability matrix: alength= 4 w= 20 nsites= 20 E= 0
  0.050000	  0.250000	  0.050000	  0.650000	
  0.000000	  0.700000	  0.100000	  0.200000	
  0.050000	  0.700000	  0.100000	  0.150000	
  0.000000	  0.000000	  1.000000	  0.000000	
  0.000000	  0.000000	  0.000000	  1.000000	
  1.000000	  0.000000	  0.000000	  0.000000	
  1.000000	  0.000000	  0.000000	  0.000000	
  0.000000	  1.000000	  0.000000	  0.000000	
  0.850000	  0.100000	  0.000000	  0.050000	
  0.600000	  0.000000	  0.000000	  0.400000	
  0.500000	  0.000000	  0.000000	  0.500000	
  0.100000	  0.000000	  0.050000	  0.850000	
  0.000000	  0.000000	  1.000000	  0.000000	
  0.050000	  0.000000	  0.000000	  0.950000	
  0.000000	  0.000000	  0.000000	  1.000000	
  1.000000	  0.000000	  0.000000	  0.000000	
  0.000000	  1.000000	  0.000000	  0.000000	
  0.300000	  0.050000	  0.550000	  0.100000	
  0.100000	  0.050000	  0.850000	  0.000000	
  0.750000	  0.000000	  0.200000	  0.050000	

URL http://regprecise.lbl.gov/RegPrecise/regulog.jsp?regulog_id=748

MOTIF Fnr_Bacillales CRP-family

letter-probability matrix: alength= 4 w= 16 nsites= 39 E= 0
  0.025641	  0.000000	  0.000000	  0.974359	
  0.000000	  0.000000	  1.000000	  0.000000	
  0.000000	  0.000000	  0.000000	  1.000000	
  0.000000	  0.000000	  1.000000	  0.000000	
  1.000000	  0.000000	  0.000000	  0.000000	
  0.717949	  0.102564	  0.000000	  0.179487	
  0.538462	  0.051282	  0.230769	  0.179487	
  0.205128	  0.051282	  0.000000	  0.743590	
  0.820513	  0.000000	  0.076923	  0.102564	
  0.282051	  0.230769	  0.076923	  0.410256	
  0.153846	  0.051282	  0.076923	  0.717949	
  0.000000	  0.000000	  0.128205	  0.871795	
  0.000000	  1.000000	  0.000000	  0.000000	
  1.000000	  0.000000	  0.000000	  0.000000	
  0.000000	  1.000000	  0.000000	  0.000000	
  0.897436	  0.000000	  0.000000	  0.102564	

URL http://regprecise.lbl.gov/RegPrecise/regulog.jsp?regulog_id=770

MOTIF CooA_Desulfovibrionales CRP-family

letter-probability matrix: alength= 4 w= 16 nsites= 8 E= 0
  0.000000	  0.000000	  0.000000	  1.000000	
  0.000000	  0.000000	  1.000000	  0.000000	
  0.000000	  0.000000	  0.000000	  1.000000	
  0.000000	  1.000000	  0.000000	  0.000000	
  0.500000	  0.000000	  0.500000	  0.000000	
  0.000000	  0.000000	  1.000000	  0.000000	
  0.000000	  0.875000	  0.125000	  0.000000	
  0.125000	  0.375000	  0.000000	  0.500000	
  1.000000	  0.000000	  0.000000	  0.000000	
  0.000000	  0.125000	  0.750000	  0.125000	
  0.000000	  0.875000	  0.125000	  0.000000	
  0.000000	  0.750000	  0.000000	  0.250000	
  0.000000	  0.000000	  1.000000	  0.000000	
  1.000000	  0.000000	  0.000000	  0.000000	
  0.000000	  1.000000	  0.000000	  0.000000	
  1.000000	  0.000000	  0.000000	  0.000000	

URL http://regprecise.lbl.gov/RegPrecise/regulog.jsp?regulog_id=792


