MEME version 4

ALPHABET= ACGT

strands: + -

Background letter frequencies (from uniform background):
A 0.25000 C 0.25000 G 0.25000 T 0.25000 

MOTIF FadR_Enterobacteriales GntR/Others-family

letter-probability matrix: alength= 4 w= 17 nsites= 130 E= 0
  0.638462	  0.176923	  0.107692	  0.076923	
  0.530769	  0.015385	  0.123077	  0.330769	
  0.000000	  0.900000	  0.092308	  0.007692	
  0.207692	  0.000000	  0.007692	  0.784615	
  0.000000	  0.146154	  0.853846	  0.000000	
  0.300000	  0.030769	  0.669231	  0.000000	
  0.000000	  0.007692	  0.000000	  0.992308	
  0.192308	  0.776923	  0.015385	  0.015385	
  0.276923	  0.207692	  0.246154	  0.269231	
  0.023077	  0.007692	  0.800000	  0.169231	
  0.938462	  0.061538	  0.000000	  0.000000	
  0.000000	  0.676923	  0.015385	  0.307692	
  0.000000	  0.584615	  0.161538	  0.253846	
  0.523077	  0.000000	  0.000000	  0.476923	
  0.061538	  0.315385	  0.615385	  0.007692	
  0.176923	  0.092308	  0.000000	  0.730769	
  0.146154	  0.107692	  0.069231	  0.676923	

URL http://regprecise.lbl.gov/RegPrecise/regulog.jsp?regulog_id=1129

MOTIF PdhR_Enterobacteriales GntR/Others-family

letter-probability matrix: alength= 4 w= 21 nsites= 44 E= 0
  0.545455	  0.045455	  0.181818	  0.227273	
  0.863636	  0.000000	  0.045455	  0.090909	
  0.363636	  0.340909	  0.000000	  0.295455	
  0.727273	  0.000000	  0.000000	  0.272727	
  0.181818	  0.022727	  0.000000	  0.795455	
  0.022727	  0.000000	  0.000000	  0.977273	
  0.000000	  0.000000	  1.000000	  0.000000	
  0.045455	  0.000000	  0.954545	  0.000000	
  0.000000	  0.000000	  0.000000	  1.000000	
  0.613636	  0.068182	  0.022727	  0.295455	
  0.363636	  0.000000	  0.022727	  0.613636	
  0.022727	  0.000000	  0.431818	  0.545455	
  1.000000	  0.000000	  0.000000	  0.000000	
  0.000000	  1.000000	  0.000000	  0.000000	
  0.113636	  0.886364	  0.000000	  0.000000	
  0.954545	  0.022727	  0.022727	  0.000000	
  0.909091	  0.000000	  0.045455	  0.045455	
  0.227273	  0.022727	  0.000000	  0.750000	
  0.090909	  0.022727	  0.159091	  0.727273	
  0.204545	  0.136364	  0.477273	  0.181818	
  0.568182	  0.136364	  0.227273	  0.068182	

URL http://regprecise.lbl.gov/RegPrecise/regulog.jsp?regulog_id=1139

MOTIF LldR_Enterobacteriales GntR/Others-family

letter-probability matrix: alength= 4 w= 17 nsites= 10 E= 0
  0.600000	  0.000000	  0.100000	  0.300000	
  1.000000	  0.000000	  0.000000	  0.000000	
  0.000000	  0.000000	  0.000000	  1.000000	
  0.000000	  0.000000	  0.000000	  1.000000	
  0.000000	  0.000000	  1.000000	  0.000000	
  0.000000	  0.000000	  1.000000	  0.000000	
  0.000000	  0.900000	  0.000000	  0.100000	
  0.400000	  0.600000	  0.000000	  0.000000	
  0.000000	  0.500000	  0.500000	  0.000000	
  0.300000	  0.000000	  0.400000	  0.300000	
  0.700000	  0.000000	  0.300000	  0.000000	
  0.000000	  1.000000	  0.000000	  0.000000	
  0.000000	  1.000000	  0.000000	  0.000000	
  1.000000	  0.000000	  0.000000	  0.000000	
  0.600000	  0.400000	  0.000000	  0.000000	
  0.000000	  0.000000	  0.000000	  1.000000	
  0.100000	  0.100000	  0.000000	  0.800000	

URL http://regprecise.lbl.gov/RegPrecise/regulog.jsp?regulog_id=1171

MOTIF BglR_Bacillales GntR/Others-family

letter-probability matrix: alength= 4 w= 18 nsites= 6 E= 0
  1.000000	  0.000000	  0.000000	  0.000000	
  1.000000	  0.000000	  0.000000	  0.000000	
  0.000000	  0.000000	  0.000000	  1.000000	
  0.000000	  0.000000	  0.000000	  1.000000	
  0.500000	  0.000000	  0.500000	  0.000000	
  0.000000	  0.000000	  0.000000	  1.000000	
  0.833333	  0.000000	  0.166667	  0.000000	
  0.166667	  0.833333	  0.000000	  0.000000	
  0.000000	  1.000000	  0.000000	  0.000000	
  0.000000	  0.000000	  1.000000	  0.000000	
  0.000000	  0.000000	  0.833333	  0.166667	
  0.000000	  0.166667	  0.000000	  0.833333	
  1.000000	  0.000000	  0.000000	  0.000000	
  0.000000	  0.500000	  0.000000	  0.500000	
  1.000000	  0.000000	  0.000000	  0.000000	
  1.000000	  0.000000	  0.000000	  0.000000	
  0.000000	  0.000000	  0.000000	  1.000000	
  0.000000	  0.000000	  0.000000	  1.000000	

URL http://regprecise.lbl.gov/RegPrecise/regulog.jsp?regulog_id=1180

MOTIF GmuR_Bacillales GntR/Others-family

letter-probability matrix: alength= 4 w= 18 nsites= 6 E= 0
  0.000000	  0.000000	  0.000000	  1.000000	
  1.000000	  0.000000	  0.000000	  0.000000	
  1.000000	  0.000000	  0.000000	  0.000000	
  1.000000	  0.000000	  0.000000	  0.000000	
  0.500000	  0.000000	  0.000000	  0.500000	
  0.000000	  0.000000	  1.000000	  0.000000	
  0.166667	  0.000000	  0.000000	  0.833333	
  0.500000	  0.500000	  0.000000	  0.000000	
  0.000000	  0.000000	  0.000000	  1.000000	
  1.000000	  0.000000	  0.000000	  0.000000	
  0.000000	  0.000000	  1.000000	  0.000000	
  1.000000	  0.000000	  0.000000	  0.000000	
  0.000000	  1.000000	  0.000000	  0.000000	
  1.000000	  0.000000	  0.000000	  0.000000	
  0.166667	  0.000000	  0.000000	  0.833333	
  0.166667	  0.000000	  0.000000	  0.833333	
  0.000000	  0.000000	  0.000000	  1.000000	
  1.000000	  0.000000	  0.000000	  0.000000	

URL http://regprecise.lbl.gov/RegPrecise/regulog.jsp?regulog_id=1220

MOTIF NagR_Bacillales GntR/Others-family

letter-probability matrix: alength= 4 w= 20 nsites= 14 E= 0
  0.285714	  0.071429	  0.000000	  0.642857	
  0.785714	  0.000000	  0.000000	  0.214286	
  0.857143	  0.000000	  0.142857	  0.000000	
  0.071429	  0.285714	  0.071429	  0.571429	
  0.214286	  0.000000	  0.000000	  0.785714	
  0.000000	  0.000000	  0.857143	  0.142857	
  0.000000	  0.000000	  1.000000	  0.000000	
  0.000000	  0.000000	  0.000000	  1.000000	
  0.785714	  0.214286	  0.000000	  0.000000	
  0.000000	  0.000000	  0.000000	  1.000000	
  1.000000	  0.000000	  0.000000	  0.000000	
  0.000000	  0.000000	  0.928571	  0.071429	
  1.000000	  0.000000	  0.000000	  0.000000	
  0.000000	  0.642857	  0.000000	  0.357143	
  0.785714	  0.214286	  0.000000	  0.000000	
  0.928571	  0.000000	  0.000000	  0.071429	
  0.071429	  0.857143	  0.000000	  0.071429	
  0.000000	  0.000000	  0.000000	  1.000000	
  0.785714	  0.000000	  0.071429	  0.142857	
  0.285714	  0.071429	  0.500000	  0.142857	

URL http://regprecise.lbl.gov/RegPrecise/regulog.jsp?regulog_id=1298

MOTIF LutR_Bacillales GntR/Others-family

letter-probability matrix: alength= 4 w= 19 nsites= 18 E= 0
  0.388889	  0.388889	  0.000000	  0.222222	
  0.388889	  0.222222	  0.000000	  0.388889	
  0.500000	  0.055556	  0.388889	  0.055556	
  0.166667	  0.055556	  0.777778	  0.000000	
  0.000000	  0.000000	  0.000000	  1.000000	
  0.000000	  1.000000	  0.000000	  0.000000	
  1.000000	  0.000000	  0.000000	  0.000000	
  0.000000	  0.000000	  0.000000	  1.000000	
  0.000000	  1.000000	  0.000000	  0.000000	
  0.555556	  0.000000	  0.000000	  0.444444	
  0.000000	  0.000000	  1.000000	  0.000000	
  1.000000	  0.000000	  0.000000	  0.000000	
  0.000000	  0.000000	  0.055556	  0.944444	
  0.000000	  0.000000	  1.000000	  0.000000	
  1.000000	  0.000000	  0.000000	  0.000000	
  0.000000	  0.833333	  0.055556	  0.111111	
  0.055556	  0.666667	  0.000000	  0.277778	
  0.388889	  0.055556	  0.277778	  0.277778	
  0.111111	  0.000000	  0.500000	  0.388889	

URL http://regprecise.lbl.gov/RegPrecise/regulog.jsp?regulog_id=1299

MOTIF FrlR_Bacillales GntR/Others-family

letter-probability matrix: alength= 4 w= 22 nsites= 12 E= 0
  0.083333	  0.083333	  0.000000	  0.833333	
  0.083333	  0.000000	  0.750000	  0.166667	
  0.083333	  0.000000	  0.166667	  0.750000	
  0.666667	  0.000000	  0.000000	  0.333333	
  0.500000	  0.166667	  0.000000	  0.333333	
  0.000000	  0.000000	  0.000000	  1.000000	
  1.000000	  0.000000	  0.000000	  0.000000	
  0.000000	  0.000000	  0.000000	  1.000000	
  0.833333	  0.000000	  0.166667	  0.000000	
  1.000000	  0.000000	  0.000000	  0.000000	
  0.000000	  0.833333	  0.000000	  0.166667	
  0.250000	  0.000000	  0.750000	  0.000000	
  0.166667	  0.000000	  0.000000	  0.833333	
  0.000000	  0.166667	  0.000000	  0.833333	
  1.000000	  0.000000	  0.000000	  0.000000	
  0.000000	  0.000000	  0.000000	  1.000000	
  1.000000	  0.000000	  0.000000	  0.000000	
  0.333333	  0.000000	  0.166667	  0.500000	
  0.500000	  0.000000	  0.000000	  0.500000	
  0.833333	  0.166667	  0.000000	  0.000000	
  0.000000	  0.583333	  0.000000	  0.416667	
  0.666667	  0.000000	  0.333333	  0.000000	

URL http://regprecise.lbl.gov/RegPrecise/regulog.jsp?regulog_id=1300

MOTIF YhcF_Bacillales GntR/Others-family

letter-probability matrix: alength= 4 w= 22 nsites= 6 E= 0
  0.000000	  0.000000	  1.000000	  0.000000	
  0.000000	  0.000000	  0.000000	  1.000000	
  0.000000	  0.000000	  1.000000	  0.000000	
  0.000000	  0.000000	  0.000000	  1.000000	
  1.000000	  0.000000	  0.000000	  0.000000	
  0.000000	  0.833333	  0.000000	  0.166667	
  0.000000	  0.000000	  0.000000	  1.000000	
  1.000000	  0.000000	  0.000000	  0.000000	
  0.000000	  0.000000	  0.000000	  1.000000	
  0.000000	  0.000000	  0.333333	  0.666667	
  0.000000	  0.166667	  0.000000	  0.833333	
  0.500000	  0.166667	  0.000000	  0.333333	
  1.000000	  0.000000	  0.000000	  0.000000	
  0.166667	  0.666667	  0.000000	  0.166667	
  0.000000	  0.000000	  0.000000	  1.000000	
  0.666667	  0.333333	  0.000000	  0.000000	
  0.333333	  0.000000	  0.500000	  0.166667	
  0.333333	  0.166667	  0.000000	  0.500000	
  1.000000	  0.000000	  0.000000	  0.000000	
  0.000000	  1.000000	  0.000000	  0.000000	
  1.000000	  0.000000	  0.000000	  0.000000	
  0.166667	  0.833333	  0.000000	  0.000000	

URL http://regprecise.lbl.gov/RegPrecise/regulog.jsp?regulog_id=1301

MOTIF DgoR_Enterobacteriales GntR/Others-family

letter-probability matrix: alength= 4 w= 11 nsites= 19 E= 0
  0.052632	  0.000000	  0.000000	  0.947368	
  0.105263	  0.000000	  0.157895	  0.736842	
  0.000000	  0.000000	  1.000000	  0.000000	
  0.000000	  0.000000	  0.000000	  1.000000	
  0.947368	  0.000000	  0.052632	  0.000000	
  0.000000	  0.526316	  0.368421	  0.105263	
  0.000000	  0.000000	  0.000000	  1.000000	
  0.894737	  0.000000	  0.105263	  0.000000	
  0.000000	  1.000000	  0.000000	  0.000000	
  0.947368	  0.052632	  0.000000	  0.000000	
  0.736842	  0.000000	  0.000000	  0.263158	

URL http://regprecise.lbl.gov/RegPrecise/regulog.jsp?regulog_id=1304

MOTIF GudR_Bacillales GntR/Others-family

letter-probability matrix: alength= 4 w= 21 nsites= 7 E= 0
  0.000000	  0.285714	  0.000000	  0.714286	
  0.000000	  0.285714	  0.000000	  0.714286	
  0.285714	  0.000000	  0.000000	  0.714286	
  0.857143	  0.000000	  0.000000	  0.142857	
  0.000000	  0.000000	  0.000000	  1.000000	
  0.000000	  0.000000	  0.000000	  1.000000	
  0.000000	  0.000000	  0.000000	  1.000000	
  0.000000	  0.000000	  1.000000	  0.000000	
  0.000000	  0.000000	  0.000000	  1.000000	
  0.142857	  0.857143	  0.000000	  0.000000	
  0.000000	  0.000000	  0.142857	  0.857143	
  0.000000	  0.000000	  0.142857	  0.857143	
  1.000000	  0.000000	  0.000000	  0.000000	
  0.000000	  1.000000	  0.000000	  0.000000	
  1.000000	  0.000000	  0.000000	  0.000000	
  1.000000	  0.000000	  0.000000	  0.000000	
  0.142857	  0.000000	  0.000000	  0.857143	
  0.142857	  0.000000	  0.000000	  0.857143	
  0.857143	  0.000000	  0.142857	  0.000000	
  1.000000	  0.000000	  0.000000	  0.000000	
  0.857143	  0.000000	  0.000000	  0.142857	

URL http://regprecise.lbl.gov/RegPrecise/regulog.jsp?regulog_id=1341

MOTIF ExuR_Enterobacteriales GntR/Others-family

letter-probability matrix: alength= 4 w= 19 nsites= 48 E= 0
  0.604167	  0.083333	  0.104167	  0.208333	
  0.937500	  0.020833	  0.000000	  0.041667	
  0.854167	  0.000000	  0.083333	  0.062500	
  0.000000	  0.041667	  0.458333	  0.500000	
  0.000000	  0.104167	  0.000000	  0.895833	
  0.000000	  0.000000	  0.645833	  0.354167	
  0.000000	  0.000000	  0.979167	  0.020833	
  0.020833	  0.000000	  0.000000	  0.979167	
  0.583333	  0.083333	  0.270833	  0.062500	
  0.041667	  0.000000	  0.000000	  0.958333	
  0.395833	  0.000000	  0.562500	  0.041667	
  0.937500	  0.062500	  0.000000	  0.000000	
  0.000000	  0.770833	  0.000000	  0.229167	
  0.875000	  0.041667	  0.000000	  0.083333	
  0.916667	  0.041667	  0.020833	  0.020833	
  0.333333	  0.437500	  0.229167	  0.000000	
  0.062500	  0.041667	  0.000000	  0.895833	
  0.145833	  0.166667	  0.041667	  0.645833	
  0.354167	  0.125000	  0.083333	  0.437500	

URL http://regprecise.lbl.gov/RegPrecise/regulog.jsp?regulog_id=1347

MOTIF UxuR_Enterobacteriales GntR/Others-family

letter-probability matrix: alength= 4 w= 18 nsites= 44 E= 0
  0.522727	  0.045455	  0.159091	  0.272727	
  0.659091	  0.045455	  0.022727	  0.272727	
  0.545455	  0.045455	  0.090909	  0.318182	
  0.045455	  0.045455	  0.136364	  0.772727	
  0.045455	  0.000000	  0.022727	  0.931818	
  0.022727	  0.000000	  0.977273	  0.000000	
  0.068182	  0.000000	  0.863636	  0.068182	
  0.000000	  0.068182	  0.000000	  0.931818	
  0.272727	  0.181818	  0.022727	  0.522727	
  0.454545	  0.022727	  0.295455	  0.227273	
  0.954545	  0.000000	  0.045455	  0.000000	
  0.113636	  0.795455	  0.000000	  0.090909	
  0.022727	  0.954545	  0.000000	  0.022727	
  0.931818	  0.022727	  0.022727	  0.022727	
  0.840909	  0.045455	  0.113636	  0.000000	
  0.363636	  0.068182	  0.022727	  0.545455	
  0.227273	  0.090909	  0.000000	  0.681818	
  0.204545	  0.204545	  0.045455	  0.545455	

URL http://regprecise.lbl.gov/RegPrecise/regulog.jsp?regulog_id=1348

MOTIF TM0766_Thermotogales GntR/Others-family

letter-probability matrix: alength= 4 w= 22 nsites= 9 E= 0
  0.000000	  0.444444	  0.555556	  0.000000	
  0.000000	  0.000000	  0.000000	  1.000000	
  0.000000	  0.000000	  1.000000	  0.000000	
  0.000000	  0.000000	  0.000000	  1.000000	
  1.000000	  0.000000	  0.000000	  0.000000	
  1.000000	  0.000000	  0.000000	  0.000000	
  0.000000	  0.000000	  0.000000	  1.000000	
  0.888889	  0.000000	  0.111111	  0.000000	
  0.000000	  0.000000	  0.777778	  0.222222	
  0.000000	  0.000000	  0.000000	  1.000000	
  0.888889	  0.000000	  0.111111	  0.000000	
  0.000000	  0.222222	  0.000000	  0.777778	
  1.000000	  0.000000	  0.000000	  0.000000	
  0.888889	  0.000000	  0.111111	  0.000000	
  0.000000	  0.000000	  0.000000	  1.000000	
  1.000000	  0.000000	  0.000000	  0.000000	
  0.000000	  0.000000	  0.000000	  1.000000	
  0.000000	  0.000000	  0.000000	  1.000000	
  1.000000	  0.000000	  0.000000	  0.000000	
  0.000000	  1.000000	  0.000000	  0.000000	
  1.000000	  0.000000	  0.000000	  0.000000	
  0.000000	  0.000000	  1.000000	  0.000000	

URL http://regprecise.lbl.gov/RegPrecise/regulog.jsp?regulog_id=1373

MOTIF AraR_Bacillales GntR/Others-family

letter-probability matrix: alength= 4 w= 20 nsites= 43 E= 0
  0.581395	  0.000000	  0.023256	  0.395349	
  0.465116	  0.186047	  0.000000	  0.348837	
  0.883721	  0.000000	  0.000000	  0.116279	
  0.232558	  0.069767	  0.069767	  0.627907	
  0.348837	  0.000000	  0.046512	  0.604651	
  0.093023	  0.069767	  0.046512	  0.790698	
  0.162791	  0.000000	  0.837209	  0.000000	
  0.000000	  0.000000	  0.000000	  1.000000	
  0.813953	  0.046512	  0.023256	  0.116279	
  0.000000	  0.930233	  0.000000	  0.069767	
  0.069767	  0.000000	  0.930233	  0.000000	
  0.046512	  0.023256	  0.046512	  0.883721	
  1.000000	  0.000000	  0.000000	  0.000000	
  0.000000	  0.906977	  0.000000	  0.093023	
  0.906977	  0.000000	  0.000000	  0.093023	
  0.767442	  0.023256	  0.000000	  0.209302	
  0.697674	  0.023256	  0.162791	  0.116279	
  0.139535	  0.000000	  0.000000	  0.860465	
  0.441860	  0.000000	  0.209302	  0.348837	
  0.441860	  0.000000	  0.023256	  0.534884	

URL http://regprecise.lbl.gov/RegPrecise/regulog.jsp?regulog_id=1383

MOTIF PdhR_Vibrionales GntR/Others-family

letter-probability matrix: alength= 4 w= 15 nsites= 18 E= 0
  1.000000	  0.000000	  0.000000	  0.000000	
  0.055556	  0.000000	  0.000000	  0.944444	
  0.000000	  0.000000	  0.000000	  1.000000	
  0.000000	  0.000000	  1.000000	  0.000000	
  0.000000	  0.000000	  1.000000	  0.000000	
  0.000000	  0.000000	  0.000000	  1.000000	
  0.666667	  0.333333	  0.000000	  0.000000	
  0.500000	  0.000000	  0.000000	  0.500000	
  0.000000	  0.000000	  0.388889	  0.611111	
  1.000000	  0.000000	  0.000000	  0.000000	
  0.000000	  1.000000	  0.000000	  0.000000	
  0.000000	  1.000000	  0.000000	  0.000000	
  1.000000	  0.000000	  0.000000	  0.000000	
  0.944444	  0.000000	  0.000000	  0.055556	
  0.055556	  0.000000	  0.055556	  0.888889	

URL http://regprecise.lbl.gov/RegPrecise/regulog.jsp?regulog_id=1742

MOTIF PdhR_Alteromonadales GntR/Others-family

letter-probability matrix: alength= 4 w= 15 nsites= 17 E= 0
  0.647059	  0.117647	  0.000000	  0.235294	
  0.117647	  0.000000	  0.058824	  0.823529	
  0.058824	  0.000000	  0.000000	  0.941176	
  0.058824	  0.000000	  0.941176	  0.000000	
  0.000000	  0.000000	  1.000000	  0.000000	
  0.000000	  0.000000	  0.058824	  0.941176	
  0.294118	  0.411765	  0.000000	  0.294118	
  0.117647	  0.000000	  0.000000	  0.882353	
  0.000000	  0.000000	  0.470588	  0.529412	
  1.000000	  0.000000	  0.000000	  0.000000	
  0.000000	  1.000000	  0.000000	  0.000000	
  0.000000	  1.000000	  0.000000	  0.000000	
  0.941176	  0.000000	  0.058824	  0.000000	
  0.941176	  0.000000	  0.000000	  0.058824	
  0.000000	  0.000000	  0.000000	  1.000000	

URL http://regprecise.lbl.gov/RegPrecise/regulog.jsp?regulog_id=1744

MOTIF PdhR_Psychromonadaceae/Aeromonadales GntR/Others-family

letter-probability matrix: alength= 4 w= 15 nsites= 9 E= 0
  1.000000	  0.000000	  0.000000	  0.000000	
  0.111111	  0.000000	  0.111111	  0.777778	
  0.000000	  0.000000	  0.000000	  1.000000	
  0.000000	  0.000000	  1.000000	  0.000000	
  0.000000	  0.000000	  1.000000	  0.000000	
  0.000000	  0.000000	  0.000000	  1.000000	
  0.555556	  0.444444	  0.000000	  0.000000	
  0.777778	  0.000000	  0.000000	  0.222222	
  0.000000	  0.000000	  0.333333	  0.666667	
  1.000000	  0.000000	  0.000000	  0.000000	
  0.000000	  1.000000	  0.000000	  0.000000	
  0.000000	  1.000000	  0.000000	  0.000000	
  0.888889	  0.000000	  0.000000	  0.111111	
  0.777778	  0.000000	  0.000000	  0.222222	
  0.000000	  0.000000	  0.111111	  0.888889	

URL http://regprecise.lbl.gov/RegPrecise/regulog.jsp?regulog_id=1745

MOTIF FadR_Vibrionales GntR/Others-family

letter-probability matrix: alength= 4 w= 17 nsites= 77 E= 0
  0.506494	  0.168831	  0.038961	  0.285714	
  0.727273	  0.000000	  0.012987	  0.259740	
  0.155844	  0.662338	  0.181818	  0.000000	
  0.285714	  0.000000	  0.000000	  0.714286	
  0.025974	  0.012987	  0.961039	  0.000000	
  0.129870	  0.025974	  0.844156	  0.000000	
  0.000000	  0.000000	  0.000000	  1.000000	
  0.051948	  0.688312	  0.000000	  0.259740	
  0.454545	  0.038961	  0.142857	  0.363636	
  0.129870	  0.000000	  0.844156	  0.025974	
  0.935065	  0.000000	  0.000000	  0.064935	
  0.000000	  0.792208	  0.077922	  0.129870	
  0.000000	  0.727273	  0.000000	  0.272727	
  0.571429	  0.000000	  0.000000	  0.428571	
  0.000000	  0.363636	  0.584416	  0.051948	
  0.272727	  0.012987	  0.051948	  0.662338	
  0.389610	  0.038961	  0.012987	  0.558442	

URL http://regprecise.lbl.gov/RegPrecise/regulog.jsp?regulog_id=1762

MOTIF FadR_Pasteurellales GntR/Others-family

letter-probability matrix: alength= 4 w= 17 nsites= 17 E= 0
  0.411765	  0.058824	  0.294118	  0.235294	
  1.000000	  0.000000	  0.000000	  0.000000	
  0.000000	  1.000000	  0.000000	  0.000000	
  0.000000	  0.000000	  0.000000	  1.000000	
  0.058824	  0.000000	  0.941176	  0.000000	
  0.294118	  0.176471	  0.529412	  0.000000	
  0.000000	  0.000000	  0.000000	  1.000000	
  0.000000	  0.941176	  0.000000	  0.058824	
  0.058824	  0.352941	  0.294118	  0.294118	
  0.000000	  0.000000	  1.000000	  0.000000	
  1.000000	  0.000000	  0.000000	  0.000000	
  0.411765	  0.352941	  0.000000	  0.235294	
  0.294118	  0.647059	  0.000000	  0.058824	
  0.588235	  0.000000	  0.000000	  0.411765	
  0.058824	  0.411765	  0.529412	  0.000000	
  0.058824	  0.176471	  0.000000	  0.764706	
  0.058824	  0.000000	  0.058824	  0.882353	

URL http://regprecise.lbl.gov/RegPrecise/regulog.jsp?regulog_id=1763

MOTIF FadR_Alteromonadales GntR/Others-family

letter-probability matrix: alength= 4 w= 17 nsites= 39 E= 0
  0.538462	  0.128205	  0.025641	  0.307692	
  0.717949	  0.000000	  0.102564	  0.179487	
  0.000000	  0.666667	  0.333333	  0.000000	
  0.256410	  0.000000	  0.000000	  0.743590	
  0.000000	  0.051282	  0.897436	  0.051282	
  0.076923	  0.000000	  0.923077	  0.000000	
  0.000000	  0.051282	  0.000000	  0.948718	
  0.128205	  0.794872	  0.000000	  0.076923	
  0.512821	  0.025641	  0.153846	  0.307692	
  0.000000	  0.000000	  1.000000	  0.000000	
  1.000000	  0.000000	  0.000000	  0.000000	
  0.000000	  0.820513	  0.000000	  0.179487	
  0.076923	  0.769231	  0.153846	  0.000000	
  0.666667	  0.000000	  0.000000	  0.333333	
  0.025641	  0.333333	  0.589744	  0.051282	
  0.025641	  0.153846	  0.025641	  0.794872	
  0.358974	  0.076923	  0.128205	  0.435897	

URL http://regprecise.lbl.gov/RegPrecise/regulog.jsp?regulog_id=1764

MOTIF FadR_Psychromonadaceae/Aeromonadales GntR/Others-family

letter-probability matrix: alength= 4 w= 17 nsites= 10 E= 0
  0.600000	  0.200000	  0.000000	  0.200000	
  0.500000	  0.000000	  0.100000	  0.400000	
  0.000000	  0.700000	  0.300000	  0.000000	
  0.500000	  0.000000	  0.000000	  0.500000	
  0.000000	  0.000000	  1.000000	  0.000000	
  0.200000	  0.000000	  0.800000	  0.000000	
  0.000000	  0.000000	  0.000000	  1.000000	
  0.000000	  1.000000	  0.000000	  0.000000	
  0.600000	  0.000000	  0.000000	  0.400000	
  0.000000	  0.000000	  1.000000	  0.000000	
  1.000000	  0.000000	  0.000000	  0.000000	
  0.000000	  0.800000	  0.000000	  0.200000	
  0.000000	  0.800000	  0.000000	  0.200000	
  0.200000	  0.000000	  0.000000	  0.800000	
  0.000000	  0.800000	  0.200000	  0.000000	
  0.000000	  0.000000	  0.000000	  1.000000	
  0.000000	  0.100000	  0.600000	  0.300000	

URL http://regprecise.lbl.gov/RegPrecise/regulog.jsp?regulog_id=1765

MOTIF LldR_Ralstonia GntR/Others-family

letter-probability matrix: alength= 4 w= 17 nsites= 8 E= 0
  0.875000	  0.000000	  0.125000	  0.000000	
  1.000000	  0.000000	  0.000000	  0.000000	
  0.000000	  0.125000	  0.000000	  0.875000	
  0.000000	  0.000000	  0.000000	  1.000000	
  0.000000	  0.000000	  1.000000	  0.000000	
  0.000000	  0.000000	  1.000000	  0.000000	
  0.000000	  0.000000	  0.000000	  1.000000	
  0.000000	  0.625000	  0.000000	  0.375000	
  0.000000	  0.500000	  0.500000	  0.000000	
  0.375000	  0.000000	  0.625000	  0.000000	
  1.000000	  0.000000	  0.000000	  0.000000	
  0.000000	  1.000000	  0.000000	  0.000000	
  0.000000	  1.000000	  0.000000	  0.000000	
  1.000000	  0.000000	  0.000000	  0.000000	
  0.875000	  0.000000	  0.125000	  0.000000	
  0.000000	  0.000000	  0.000000	  1.000000	
  0.000000	  0.125000	  0.000000	  0.875000	

URL http://regprecise.lbl.gov/RegPrecise/regulog.jsp?regulog_id=1781

MOTIF LldR_Pseudomonadaceae GntR/Others-family

letter-probability matrix: alength= 4 w= 17 nsites= 20 E= 0
  0.800000	  0.050000	  0.100000	  0.050000	
  0.950000	  0.000000	  0.000000	  0.050000	
  0.050000	  0.200000	  0.050000	  0.700000	
  0.000000	  0.000000	  0.000000	  1.000000	
  0.000000	  0.000000	  1.000000	  0.000000	
  0.000000	  0.000000	  1.000000	  0.000000	
  0.000000	  0.050000	  0.000000	  0.950000	
  0.500000	  0.400000	  0.000000	  0.100000	
  0.500000	  0.000000	  0.000000	  0.500000	
  0.100000	  0.000000	  0.400000	  0.500000	
  0.950000	  0.000000	  0.050000	  0.000000	
  0.000000	  1.000000	  0.000000	  0.000000	
  0.000000	  1.000000	  0.000000	  0.000000	
  1.000000	  0.000000	  0.000000	  0.000000	
  0.700000	  0.050000	  0.200000	  0.050000	
  0.050000	  0.000000	  0.000000	  0.950000	
  0.050000	  0.100000	  0.050000	  0.800000	

URL http://regprecise.lbl.gov/RegPrecise/regulog.jsp?regulog_id=1787

MOTIF LldR_Burkholderia GntR/Others-family

letter-probability matrix: alength= 4 w= 17 nsites= 16 E= 0
  0.562500	  0.062500	  0.312500	  0.062500	
  0.687500	  0.187500	  0.125000	  0.000000	
  0.000000	  0.125000	  0.125000	  0.750000	
  0.000000	  0.000000	  0.000000	  1.000000	
  0.000000	  0.000000	  1.000000	  0.000000	
  0.000000	  0.000000	  1.000000	  0.000000	
  0.000000	  0.187500	  0.000000	  0.812500	
  0.062500	  0.687500	  0.000000	  0.250000	
  0.187500	  0.312500	  0.312500	  0.187500	
  0.250000	  0.000000	  0.687500	  0.062500	
  0.812500	  0.000000	  0.187500	  0.000000	
  0.000000	  1.000000	  0.000000	  0.000000	
  0.000000	  0.937500	  0.000000	  0.062500	
  1.000000	  0.000000	  0.000000	  0.000000	
  0.687500	  0.187500	  0.125000	  0.000000	
  0.000000	  0.187500	  0.125000	  0.687500	
  0.000000	  0.375000	  0.062500	  0.562500	

URL http://regprecise.lbl.gov/RegPrecise/regulog.jsp?regulog_id=1791

MOTIF LldR_Comamonadaceae GntR/Others-family

letter-probability matrix: alength= 4 w= 17 nsites= 6 E= 0
  0.666667	  0.000000	  0.000000	  0.333333	
  1.000000	  0.000000	  0.000000	  0.000000	
  0.000000	  0.000000	  0.000000	  1.000000	
  0.000000	  0.000000	  0.000000	  1.000000	
  0.000000	  0.000000	  1.000000	  0.000000	
  0.000000	  0.000000	  1.000000	  0.000000	
  0.000000	  0.000000	  0.000000	  1.000000	
  0.500000	  0.333333	  0.000000	  0.166667	
  0.166667	  0.000000	  0.166667	  0.666667	
  0.000000	  0.000000	  0.333333	  0.666667	
  1.000000	  0.000000	  0.000000	  0.000000	
  0.000000	  1.000000	  0.000000	  0.000000	
  0.000000	  1.000000	  0.000000	  0.000000	
  1.000000	  0.000000	  0.000000	  0.000000	
  1.000000	  0.000000	  0.000000	  0.000000	
  0.000000	  0.000000	  0.000000	  1.000000	
  0.166667	  0.000000	  0.000000	  0.833333	

URL http://regprecise.lbl.gov/RegPrecise/regulog.jsp?regulog_id=1792

MOTIF LldR_Rhodospirillales GntR/Others-family

letter-probability matrix: alength= 4 w= 21 nsites= 11 E= 0
  0.000000	  0.272727	  0.363636	  0.363636	
  0.000000	  0.000000	  0.000000	  1.000000	
  0.000000	  0.000000	  1.000000	  0.000000	
  0.000000	  0.000000	  1.000000	  0.000000	
  0.272727	  0.181818	  0.000000	  0.545455	
  0.454545	  0.272727	  0.000000	  0.272727	
  1.000000	  0.000000	  0.000000	  0.000000	
  0.818182	  0.090909	  0.000000	  0.090909	
  0.909091	  0.000000	  0.090909	  0.000000	
  0.363636	  0.090909	  0.000000	  0.545455	
  0.454545	  0.181818	  0.000000	  0.363636	
  0.545455	  0.000000	  0.090909	  0.363636	
  0.000000	  0.090909	  0.000000	  0.909091	
  0.090909	  0.000000	  0.090909	  0.818182	
  0.000000	  0.000000	  0.000000	  1.000000	
  0.090909	  0.000000	  0.272727	  0.636364	
  0.818182	  0.000000	  0.090909	  0.090909	
  0.000000	  1.000000	  0.000000	  0.000000	
  0.000000	  1.000000	  0.000000	  0.000000	
  1.000000	  0.000000	  0.000000	  0.000000	
  0.272727	  0.545455	  0.181818	  0.000000	

URL http://regprecise.lbl.gov/RegPrecise/regulog.jsp?regulog_id=1796

MOTIF LldR_Desulfuromonadales GntR/Others-family

letter-probability matrix: alength= 4 w= 17 nsites= 20 E= 0
  0.900000	  0.000000	  0.000000	  0.100000	
  0.650000	  0.000000	  0.100000	  0.250000	
  0.150000	  0.000000	  0.350000	  0.500000	
  0.100000	  0.000000	  0.000000	  0.900000	
  0.000000	  0.000000	  0.750000	  0.250000	
  0.050000	  0.000000	  0.950000	  0.000000	
  0.000000	  0.050000	  0.000000	  0.950000	
  0.700000	  0.250000	  0.000000	  0.050000	
  0.650000	  0.000000	  0.000000	  0.350000	
  0.050000	  0.000000	  0.250000	  0.700000	
  0.900000	  0.000000	  0.100000	  0.000000	
  0.000000	  0.950000	  0.000000	  0.050000	
  0.350000	  0.650000	  0.000000	  0.000000	
  0.850000	  0.000000	  0.000000	  0.150000	
  0.400000	  0.250000	  0.150000	  0.200000	
  0.250000	  0.250000	  0.000000	  0.500000	
  0.200000	  0.000000	  0.050000	  0.750000	

URL http://regprecise.lbl.gov/RegPrecise/regulog.jsp?regulog_id=1799

MOTIF PrpR_Pseudomonadaceae GntR/Others-family

letter-probability matrix: alength= 4 w= 12 nsites= 17 E= 0
  0.647059	  0.000000	  0.352941	  0.000000	
  0.000000	  0.000000	  0.352941	  0.647059	
  0.000000	  0.000000	  0.000000	  1.000000	
  0.000000	  0.000000	  1.000000	  0.000000	
  0.000000	  0.000000	  0.000000	  1.000000	
  0.000000	  1.000000	  0.000000	  0.000000	
  0.000000	  0.000000	  1.000000	  0.000000	
  0.941176	  0.000000	  0.058824	  0.000000	
  0.000000	  0.941176	  0.000000	  0.058824	
  1.000000	  0.000000	  0.000000	  0.000000	
  0.882353	  0.058824	  0.058824	  0.000000	
  0.058824	  0.000000	  0.000000	  0.941176	

URL http://regprecise.lbl.gov/RegPrecise/regulog.jsp?regulog_id=1849

MOTIF HutC_Enterobacteriales GntR/Others-family

letter-probability matrix: alength= 4 w= 20 nsites= 27 E= 0
  0.481481	  0.037037	  0.296296	  0.185185	
  0.074074	  0.074074	  0.111111	  0.740741	
  0.629630	  0.000000	  0.259259	  0.111111	
  0.296296	  0.333333	  0.185185	  0.185185	
  0.370370	  0.000000	  0.000000	  0.629630	
  0.037037	  0.000000	  0.000000	  0.962963	
  0.000000	  0.000000	  1.000000	  0.000000	
  0.074074	  0.000000	  0.000000	  0.925926	
  0.777778	  0.222222	  0.000000	  0.000000	
  0.000000	  0.037037	  0.000000	  0.962963	
  1.000000	  0.000000	  0.000000	  0.000000	
  0.000000	  0.000000	  0.148148	  0.851852	
  0.962963	  0.000000	  0.000000	  0.037037	
  0.000000	  1.000000	  0.000000	  0.000000	
  0.962963	  0.000000	  0.000000	  0.037037	
  0.814815	  0.000000	  0.000000	  0.185185	
  0.148148	  0.333333	  0.481481	  0.037037	
  0.074074	  0.222222	  0.000000	  0.703704	
  0.703704	  0.185185	  0.037037	  0.074074	
  0.296296	  0.222222	  0.037037	  0.444444	

URL http://regprecise.lbl.gov/RegPrecise/regulog.jsp?regulog_id=1863

MOTIF HutC_Vibrionales GntR/Others-family

letter-probability matrix: alength= 4 w= 20 nsites= 20 E= 0
  0.100000	  0.200000	  0.050000	  0.650000	
  0.050000	  0.100000	  0.050000	  0.800000	
  1.000000	  0.000000	  0.000000	  0.000000	
  0.000000	  0.000000	  0.000000	  1.000000	
  0.000000	  0.000000	  0.000000	  1.000000	
  0.000000	  0.000000	  0.000000	  1.000000	
  0.000000	  0.000000	  1.000000	  0.000000	
  0.000000	  0.000000	  0.000000	  1.000000	
  0.950000	  0.050000	  0.000000	  0.000000	
  0.000000	  0.000000	  0.000000	  1.000000	
  1.000000	  0.000000	  0.000000	  0.000000	
  0.000000	  0.000000	  0.400000	  0.600000	
  0.550000	  0.000000	  0.100000	  0.350000	
  0.000000	  1.000000	  0.000000	  0.000000	
  1.000000	  0.000000	  0.000000	  0.000000	
  0.500000	  0.050000	  0.000000	  0.450000	
  0.300000	  0.000000	  0.000000	  0.700000	
  0.100000	  0.000000	  0.000000	  0.900000	
  0.550000	  0.000000	  0.100000	  0.350000	
  0.750000	  0.000000	  0.200000	  0.050000	

URL http://regprecise.lbl.gov/RegPrecise/regulog.jsp?regulog_id=1864

MOTIF HutC_Psychromonadaceae/Aeromonadales GntR/Others-family

letter-probability matrix: alength= 4 w= 20 nsites= 10 E= 0
  0.100000	  0.100000	  0.100000	  0.700000	
  0.200000	  0.100000	  0.100000	  0.600000	
  0.700000	  0.100000	  0.000000	  0.200000	
  0.700000	  0.000000	  0.000000	  0.300000	
  0.200000	  0.000000	  0.100000	  0.700000	
  0.000000	  0.000000	  0.000000	  1.000000	
  0.000000	  0.000000	  1.000000	  0.000000	
  0.000000	  0.000000	  0.000000	  1.000000	
  1.000000	  0.000000	  0.000000	  0.000000	
  0.000000	  0.000000	  0.000000	  1.000000	
  1.000000	  0.000000	  0.000000	  0.000000	
  0.000000	  0.100000	  0.200000	  0.700000	
  0.800000	  0.000000	  0.000000	  0.200000	
  0.000000	  1.000000	  0.000000	  0.000000	
  1.000000	  0.000000	  0.000000	  0.000000	
  0.500000	  0.000000	  0.000000	  0.500000	
  0.200000	  0.000000	  0.000000	  0.800000	
  0.000000	  0.100000	  0.000000	  0.900000	
  0.600000	  0.100000	  0.000000	  0.300000	
  0.500000	  0.100000	  0.300000	  0.100000	

URL http://regprecise.lbl.gov/RegPrecise/regulog.jsp?regulog_id=1867

MOTIF HutC_Pseudomonadaceae GntR/Others-family

letter-probability matrix: alength= 4 w= 20 nsites= 22 E= 0
  0.272727	  0.136364	  0.272727	  0.318182	
  0.227273	  0.045455	  0.090909	  0.636364	
  0.590909	  0.045455	  0.272727	  0.090909	
  0.181818	  0.409091	  0.000000	  0.409091	
  0.318182	  0.000000	  0.000000	  0.681818	
  0.000000	  0.000000	  0.000000	  1.000000	
  0.000000	  0.000000	  1.000000	  0.000000	
  0.000000	  0.090909	  0.000000	  0.909091	
  1.000000	  0.000000	  0.000000	  0.000000	
  0.000000	  0.090909	  0.000000	  0.909091	
  0.863636	  0.000000	  0.136364	  0.000000	
  0.000000	  0.000000	  0.000000	  1.000000	
  0.909091	  0.000000	  0.090909	  0.000000	
  0.000000	  1.000000	  0.000000	  0.000000	
  0.909091	  0.000000	  0.000000	  0.090909	
  0.545455	  0.000000	  0.000000	  0.454545	
  0.409091	  0.000000	  0.500000	  0.090909	
  0.090909	  0.090909	  0.045455	  0.772727	
  0.636364	  0.045455	  0.045455	  0.272727	
  0.363636	  0.318182	  0.181818	  0.136364	

URL http://regprecise.lbl.gov/RegPrecise/regulog.jsp?regulog_id=1869

MOTIF HutC_Xanthomonadales GntR/Others-family

letter-probability matrix: alength= 4 w= 20 nsites= 6 E= 0
  0.000000	  0.000000	  0.000000	  1.000000	
  0.166667	  0.333333	  0.333333	  0.166667	
  0.500000	  0.000000	  0.000000	  0.500000	
  0.500000	  0.000000	  0.000000	  0.500000	
  0.500000	  0.000000	  0.000000	  0.500000	
  0.000000	  0.000000	  0.000000	  1.000000	
  0.000000	  0.000000	  1.000000	  0.000000	
  0.000000	  0.000000	  0.000000	  1.000000	
  0.833333	  0.166667	  0.000000	  0.000000	
  0.000000	  0.000000	  0.000000	  1.000000	
  1.000000	  0.000000	  0.000000	  0.000000	
  0.000000	  0.000000	  0.166667	  0.833333	
  1.000000	  0.000000	  0.000000	  0.000000	
  0.000000	  1.000000	  0.000000	  0.000000	
  1.000000	  0.000000	  0.000000	  0.000000	
  0.500000	  0.000000	  0.000000	  0.500000	
  0.500000	  0.000000	  0.000000	  0.500000	
  0.500000	  0.000000	  0.000000	  0.500000	
  0.166667	  0.333333	  0.333333	  0.166667	
  1.000000	  0.000000	  0.000000	  0.000000	

URL http://regprecise.lbl.gov/RegPrecise/regulog.jsp?regulog_id=1871

MOTIF HutC_Rhizobiales GntR/Others-family

letter-probability matrix: alength= 4 w= 18 nsites= 42 E= 0
  0.476190	  0.095238	  0.023810	  0.404762	
  0.619048	  0.000000	  0.095238	  0.285714	
  0.047619	  0.190476	  0.214286	  0.547619	
  0.666667	  0.023810	  0.000000	  0.309524	
  0.047619	  0.023810	  0.000000	  0.928571	
  0.095238	  0.095238	  0.809524	  0.000000	
  0.047619	  0.142857	  0.000000	  0.809524	
  0.761905	  0.190476	  0.023810	  0.023810	
  0.023810	  0.023810	  0.000000	  0.952381	
  0.952381	  0.000000	  0.047619	  0.000000	
  0.047619	  0.023810	  0.214286	  0.714286	
  0.833333	  0.000000	  0.119048	  0.047619	
  0.000000	  0.809524	  0.095238	  0.095238	
  0.952381	  0.000000	  0.023810	  0.023810	
  0.309524	  0.000000	  0.023810	  0.666667	
  0.476190	  0.214286	  0.238095	  0.071429	
  0.261905	  0.095238	  0.000000	  0.642857	
  0.476190	  0.023810	  0.071429	  0.428571	

URL http://regprecise.lbl.gov/RegPrecise/regulog.jsp?regulog_id=1876

MOTIF HutC_Rhodobacterales GntR/Others-family

letter-probability matrix: alength= 4 w= 18 nsites= 29 E= 0
  0.551724	  0.068966	  0.137931	  0.241379	
  0.448276	  0.137931	  0.000000	  0.413793	
  0.000000	  0.000000	  0.034483	  0.965517	
  0.896552	  0.000000	  0.000000	  0.103448	
  0.068966	  0.000000	  0.000000	  0.931034	
  0.034483	  0.000000	  0.931034	  0.034483	
  0.034483	  0.034483	  0.000000	  0.931034	
  0.275862	  0.379310	  0.206897	  0.137931	
  0.000000	  0.172414	  0.034483	  0.793103	
  0.827586	  0.000000	  0.172414	  0.000000	
  0.137931	  0.172414	  0.413793	  0.275862	
  0.896552	  0.000000	  0.034483	  0.068966	
  0.034483	  0.931034	  0.000000	  0.034483	
  0.931034	  0.000000	  0.000000	  0.068966	
  0.137931	  0.000000	  0.000000	  0.862069	
  0.965517	  0.034483	  0.000000	  0.000000	
  0.413793	  0.000000	  0.103448	  0.482759	
  0.206897	  0.172414	  0.068966	  0.551724	

URL http://regprecise.lbl.gov/RegPrecise/regulog.jsp?regulog_id=1877

MOTIF HutC_Rhodospirillales GntR/Others-family

letter-probability matrix: alength= 4 w= 18 nsites= 16 E= 0
  0.125000	  0.125000	  0.312500	  0.437500	
  0.312500	  0.125000	  0.437500	  0.125000	
  0.062500	  0.437500	  0.375000	  0.125000	
  0.187500	  0.187500	  0.000000	  0.625000	
  0.250000	  0.000000	  0.125000	  0.625000	
  0.000000	  0.000000	  0.875000	  0.125000	
  0.000000	  0.125000	  0.000000	  0.875000	
  0.625000	  0.312500	  0.000000	  0.062500	
  0.000000	  0.000000	  0.000000	  1.000000	
  0.937500	  0.000000	  0.000000	  0.062500	
  0.000000	  0.000000	  0.375000	  0.625000	
  0.937500	  0.000000	  0.062500	  0.000000	
  0.125000	  0.875000	  0.000000	  0.000000	
  0.750000	  0.062500	  0.000000	  0.187500	
  0.750000	  0.062500	  0.125000	  0.062500	
  0.062500	  0.312500	  0.625000	  0.000000	
  0.187500	  0.375000	  0.062500	  0.375000	
  0.375000	  0.187500	  0.125000	  0.312500	

URL http://regprecise.lbl.gov/RegPrecise/regulog.jsp?regulog_id=1878

MOTIF HutC_Caulobacterales GntR/Others-family

letter-probability matrix: alength= 4 w= 18 nsites= 10 E= 0
  0.700000	  0.200000	  0.100000	  0.000000	
  0.800000	  0.000000	  0.000000	  0.200000	
  0.200000	  0.000000	  0.000000	  0.800000	
  1.000000	  0.000000	  0.000000	  0.000000	
  0.000000	  0.000000	  0.000000	  1.000000	
  0.000000	  0.000000	  1.000000	  0.000000	
  0.100000	  0.000000	  0.000000	  0.900000	
  0.600000	  0.400000	  0.000000	  0.000000	
  0.000000	  0.000000	  0.000000	  1.000000	
  1.000000	  0.000000	  0.000000	  0.000000	
  0.000000	  0.000000	  0.400000	  0.600000	
  0.900000	  0.000000	  0.000000	  0.100000	
  0.000000	  1.000000	  0.000000	  0.000000	
  1.000000	  0.000000	  0.000000	  0.000000	
  0.000000	  0.000000	  0.000000	  1.000000	
  0.800000	  0.000000	  0.100000	  0.100000	
  0.200000	  0.000000	  0.100000	  0.700000	
  0.100000	  0.200000	  0.000000	  0.700000	

URL http://regprecise.lbl.gov/RegPrecise/regulog.jsp?regulog_id=1880

MOTIF HypR_Alteromonadales GntR/Others-family

letter-probability matrix: alength= 4 w= 12 nsites= 21 E= 0
  1.000000	  0.000000	  0.000000	  0.000000	
  0.095238	  0.047619	  0.047619	  0.809524	
  0.095238	  0.000000	  0.047619	  0.857143	
  0.047619	  0.000000	  0.857143	  0.095238	
  0.000000	  0.095238	  0.000000	  0.904762	
  1.000000	  0.000000	  0.000000	  0.000000	
  0.047619	  0.000000	  0.000000	  0.952381	
  0.761905	  0.000000	  0.190476	  0.047619	
  0.047619	  0.904762	  0.000000	  0.047619	
  0.904762	  0.000000	  0.000000	  0.095238	
  0.857143	  0.000000	  0.047619	  0.095238	
  0.095238	  0.000000	  0.000000	  0.904762	

URL http://regprecise.lbl.gov/RegPrecise/regulog.jsp?regulog_id=1908

MOTIF HypR_Oceanospirillales/Alteromonadales GntR/Others-family

letter-probability matrix: alength= 4 w= 12 nsites= 6 E= 0
  0.833333	  0.000000	  0.166667	  0.000000	
  0.000000	  0.000000	  0.000000	  1.000000	
  0.000000	  0.000000	  0.000000	  1.000000	
  0.000000	  0.000000	  0.666667	  0.333333	
  0.000000	  0.000000	  0.000000	  1.000000	
  1.000000	  0.000000	  0.000000	  0.000000	
  0.000000	  0.000000	  0.000000	  1.000000	
  1.000000	  0.000000	  0.000000	  0.000000	
  0.333333	  0.666667	  0.000000	  0.000000	
  1.000000	  0.000000	  0.000000	  0.000000	
  0.833333	  0.000000	  0.166667	  0.000000	
  0.000000	  0.000000	  0.000000	  1.000000	

URL http://regprecise.lbl.gov/RegPrecise/regulog.jsp?regulog_id=1910

MOTIF HypR_Rhizobiales GntR/Others-family

letter-probability matrix: alength= 4 w= 14 nsites= 18 E= 0
  0.222222	  0.055556	  0.055556	  0.666667	
  0.166667	  0.277778	  0.000000	  0.555556	
  0.111111	  0.111111	  0.222222	  0.555556	
  0.111111	  0.000000	  0.000000	  0.888889	
  0.000000	  0.000000	  1.000000	  0.000000	
  0.000000	  0.000000	  0.000000	  1.000000	
  0.388889	  0.555556	  0.000000	  0.055556	
  0.000000	  0.000000	  0.555556	  0.444444	
  0.944444	  0.000000	  0.000000	  0.055556	
  0.000000	  1.000000	  0.000000	  0.000000	
  0.777778	  0.000000	  0.000000	  0.222222	
  0.722222	  0.111111	  0.111111	  0.055556	
