MEME version 4

ALPHABET= ACGT

strands: + -

Background letter frequencies (from uniform background):
A 0.25000 C 0.25000 G 0.25000 T 0.25000 

MOTIF IclR_Enterobacteriales IclR-family

letter-probability matrix: alength= 4 w= 24 nsites= 10 E= 0
  1.000000	  0.000000	  0.000000	  0.000000	
  1.000000	  0.000000	  0.000000	  0.000000	
  1.000000	  0.000000	  0.000000	  0.000000	
  1.000000	  0.000000	  0.000000	  0.000000	
  0.000000	  0.000000	  0.000000	  1.000000	
  0.000000	  0.000000	  1.000000	  0.000000	
  0.000000	  0.000000	  1.000000	  0.000000	
  1.000000	  0.000000	  0.000000	  0.000000	
  1.000000	  0.000000	  0.000000	  0.000000	
  0.900000	  0.000000	  0.000000	  0.100000	
  0.000000	  0.000000	  0.000000	  1.000000	
  0.000000	  0.300000	  0.100000	  0.600000	
  0.100000	  0.000000	  0.900000	  0.000000	
  0.000000	  0.000000	  0.000000	  1.000000	
  0.000000	  0.000000	  0.000000	  1.000000	
  0.000000	  0.000000	  0.000000	  1.000000	
  0.000000	  0.000000	  0.000000	  1.000000	
  0.000000	  0.000000	  0.000000	  1.000000	
  0.000000	  0.000000	  1.000000	  0.000000	
  1.000000	  0.000000	  0.000000	  0.000000	
  0.000000	  0.000000	  0.000000	  1.000000	
  0.000000	  0.000000	  0.000000	  1.000000	
  0.000000	  0.000000	  0.000000	  1.000000	
  0.100000	  0.000000	  0.000000	  0.900000	

URL http://regprecise.lbl.gov/RegPrecise/regulog.jsp?regulog_id=1151

MOTIF KdgR_Enterobacteriales IclR-family

letter-probability matrix: alength= 4 w= 21 nsites= 159 E= 0
  0.660377	  0.012579	  0.012579	  0.314465	
  0.742138	  0.012579	  0.031447	  0.213836	
  0.509434	  0.069182	  0.031447	  0.389937	
  0.125786	  0.132075	  0.031447	  0.710692	
  0.396226	  0.000000	  0.597484	  0.006289	
  0.874214	  0.012579	  0.106918	  0.006289	
  0.993711	  0.006289	  0.000000	  0.000000	
  0.918239	  0.069182	  0.006289	  0.006289	
  0.012579	  0.767296	  0.006289	  0.213836	
  0.490566	  0.018868	  0.440252	  0.050314	
  0.226415	  0.220126	  0.226415	  0.327044	
  0.088050	  0.320755	  0.075472	  0.515723	
  0.201258	  0.031447	  0.735849	  0.031447	
  0.012579	  0.012579	  0.012579	  0.962264	
  0.000000	  0.006289	  0.000000	  0.993711	
  0.000000	  0.050314	  0.006289	  0.943396	
  0.006289	  0.553459	  0.000000	  0.440252	
  0.754717	  0.044025	  0.088050	  0.113208	
  0.415094	  0.069182	  0.031447	  0.484277	
  0.226415	  0.094340	  0.012579	  0.666667	
  0.308176	  0.031447	  0.018868	  0.641509	

URL http://regprecise.lbl.gov/RegPrecise/regulog.jsp?regulog_id=1224

MOTIF YiaJ_Enterobacteriales IclR-family

letter-probability matrix: alength= 4 w= 21 nsites= 8 E= 0
  1.000000	  0.000000	  0.000000	  0.000000	
  0.000000	  0.000000	  0.000000	  1.000000	
  0.000000	  0.000000	  0.500000	  0.500000	
  0.000000	  0.500000	  0.000000	  0.500000	
  0.000000	  0.000000	  1.000000	  0.000000	
  0.875000	  0.000000	  0.125000	  0.000000	
  1.000000	  0.000000	  0.000000	  0.000000	
  1.000000	  0.000000	  0.000000	  0.000000	
  0.000000	  0.250000	  0.000000	  0.750000	
  0.000000	  0.500000	  0.125000	  0.375000	
  0.375000	  0.250000	  0.000000	  0.375000	
  0.500000	  0.000000	  0.500000	  0.000000	
  0.750000	  0.000000	  0.250000	  0.000000	
  0.000000	  0.000000	  0.000000	  1.000000	
  0.000000	  0.000000	  0.000000	  1.000000	
  0.000000	  0.250000	  0.000000	  0.750000	
  0.000000	  1.000000	  0.000000	  0.000000	
  0.500000	  0.000000	  0.500000	  0.000000	
  0.500000	  0.500000	  0.000000	  0.000000	
  1.000000	  0.000000	  0.000000	  0.000000	
  0.125000	  0.000000	  0.000000	  0.875000	

URL http://regprecise.lbl.gov/RegPrecise/regulog.jsp?regulog_id=1251

MOTIF AllR_Enterobacteriales IclR-family

letter-probability matrix: alength= 4 w= 17 nsites= 6 E= 0
  0.000000	  0.000000	  0.000000	  1.000000	
  0.000000	  0.000000	  0.000000	  1.000000	
  0.000000	  0.000000	  1.000000	  0.000000	
  0.000000	  0.000000	  1.000000	  0.000000	
  1.000000	  0.000000	  0.000000	  0.000000	
  1.000000	  0.000000	  0.000000	  0.000000	
  0.666667	  0.000000	  0.000000	  0.333333	
  0.833333	  0.166667	  0.000000	  0.000000	
  0.500000	  0.000000	  0.000000	  0.500000	
  0.000000	  0.000000	  0.000000	  1.000000	
  0.333333	  0.000000	  0.000000	  0.666667	
  0.000000	  0.000000	  0.000000	  1.000000	
  0.000000	  0.000000	  0.000000	  1.000000	
  0.000000	  1.000000	  0.000000	  0.000000	
  0.000000	  1.000000	  0.000000	  0.000000	
  1.000000	  0.000000	  0.000000	  0.000000	
  1.000000	  0.000000	  0.000000	  0.000000	

URL http://regprecise.lbl.gov/RegPrecise/regulog.jsp?regulog_id=1316

MOTIF KipR_Bacillales IclR-family

letter-probability matrix: alength= 4 w= 17 nsites= 9 E= 0
  0.333333	  0.000000	  0.666667	  0.000000	
  0.000000	  0.000000	  0.000000	  1.000000	
  0.000000	  0.000000	  0.000000	  1.000000	
  0.000000	  0.888889	  0.000000	  0.111111	
  0.111111	  0.666667	  0.000000	  0.222222	
  0.111111	  0.000000	  0.888889	  0.000000	
  0.777778	  0.000000	  0.000000	  0.222222	
  0.777778	  0.000000	  0.000000	  0.222222	
  0.666667	  0.000000	  0.000000	  0.333333	
  0.444444	  0.000000	  0.000000	  0.555556	
  0.111111	  0.000000	  0.111111	  0.777778	
  0.000000	  1.000000	  0.000000	  0.000000	
  0.000000	  0.000000	  1.000000	  0.000000	
  0.000000	  0.000000	  1.000000	  0.000000	
  0.888889	  0.000000	  0.111111	  0.000000	
  1.000000	  0.000000	  0.000000	  0.000000	
  0.000000	  0.666667	  0.000000	  0.333333	

URL http://regprecise.lbl.gov/RegPrecise/regulog.jsp?regulog_id=1332

MOTIF KdgR_Vibrionales IclR-family

letter-probability matrix: alength= 4 w= 21 nsites= 40 E= 0
  0.375000	  0.025000	  0.000000	  0.600000	
  0.450000	  0.000000	  0.000000	  0.550000	
  0.225000	  0.000000	  0.025000	  0.750000	
  0.000000	  0.025000	  0.000000	  0.975000	
  0.425000	  0.000000	  0.575000	  0.000000	
  1.000000	  0.000000	  0.000000	  0.000000	
  1.000000	  0.000000	  0.000000	  0.000000	
  0.825000	  0.175000	  0.000000	  0.000000	
  0.250000	  0.600000	  0.000000	  0.150000	
  0.225000	  0.000000	  0.775000	  0.000000	
  0.175000	  0.300000	  0.300000	  0.225000	
  0.025000	  0.625000	  0.000000	  0.350000	
  0.175000	  0.000000	  0.575000	  0.250000	
  0.000000	  0.000000	  0.000000	  1.000000	
  0.025000	  0.000000	  0.000000	  0.975000	
  0.000000	  0.000000	  0.000000	  1.000000	
  0.000000	  0.500000	  0.000000	  0.500000	
  0.825000	  0.000000	  0.175000	  0.000000	
  0.750000	  0.000000	  0.025000	  0.225000	
  0.600000	  0.000000	  0.050000	  0.350000	
  0.625000	  0.000000	  0.100000	  0.275000	

URL http://regprecise.lbl.gov/RegPrecise/regulog.jsp?regulog_id=2175

MOTIF KdgR_Pasteurellales IclR-family

letter-probability matrix: alength= 4 w= 21 nsites= 17 E= 0
  0.705882	  0.000000	  0.000000	  0.294118	
  0.529412	  0.000000	  0.000000	  0.470588	
  0.411765	  0.058824	  0.000000	  0.529412	
  0.117647	  0.058824	  0.000000	  0.823529	
  0.764706	  0.000000	  0.235294	  0.000000	
  1.000000	  0.000000	  0.000000	  0.000000	
  0.941176	  0.058824	  0.000000	  0.000000	
  1.000000	  0.000000	  0.000000	  0.000000	
  0.000000	  0.294118	  0.000000	  0.705882	
  0.705882	  0.058824	  0.000000	  0.235294	
  0.470588	  0.058824	  0.176471	  0.294118	
  0.352941	  0.000000	  0.000000	  0.647059	
  0.529412	  0.000000	  0.470588	  0.000000	
  0.000000	  0.058824	  0.000000	  0.941176	
  0.058824	  0.000000	  0.000000	  0.941176	
  0.058824	  0.000000	  0.000000	  0.941176	
  0.000000	  0.529412	  0.000000	  0.470588	
  0.941176	  0.000000	  0.058824	  0.000000	
  0.411765	  0.000000	  0.117647	  0.470588	
  0.411765	  0.000000	  0.000000	  0.588235	
  0.294118	  0.000000	  0.000000	  0.705882	

URL http://regprecise.lbl.gov/RegPrecise/regulog.jsp?regulog_id=2176

MOTIF GenR_Corynebacteriaceae IclR-family

letter-probability matrix: alength= 4 w= 19 nsites= 6 E= 0
  0.166667	  0.333333	  0.500000	  0.000000	
  0.500000	  0.000000	  0.000000	  0.500000	
  0.000000	  0.000000	  0.000000	  1.000000	
  0.000000	  0.000000	  0.000000	  1.000000	
  0.000000	  1.000000	  0.000000	  0.000000	
  0.000000	  1.000000	  0.000000	  0.000000	
  0.500000	  0.000000	  0.333333	  0.166667	
  0.000000	  0.833333	  0.166667	  0.000000	
  0.666667	  0.000000	  0.000000	  0.333333	
  0.333333	  0.000000	  0.000000	  0.666667	
  0.666667	  0.000000	  0.000000	  0.333333	
  0.000000	  0.166667	  0.833333	  0.000000	
  0.166667	  0.500000	  0.000000	  0.333333	
  0.000000	  0.000000	  1.000000	  0.000000	
  0.000000	  0.000000	  1.000000	  0.000000	
  1.000000	  0.000000	  0.000000	  0.000000	
  1.000000	  0.000000	  0.000000	  0.000000	
  0.500000	  0.000000	  0.000000	  0.500000	
  0.000000	  0.500000	  0.333333	  0.166667	

URL http://regprecise.lbl.gov/RegPrecise/regulog.jsp?regulog_id=3717

MOTIF PcaR_Corynebacteriaceae IclR-family

letter-probability matrix: alength= 4 w= 15 nsites= 8 E= 0
  0.000000	  0.000000	  1.000000	  0.000000	
  0.000000	  0.000000	  0.000000	  1.000000	
  0.000000	  0.125000	  0.000000	  0.875000	
  0.000000	  1.000000	  0.000000	  0.000000	
  0.125000	  0.000000	  0.875000	  0.000000	
  0.000000	  1.000000	  0.000000	  0.000000	
  0.375000	  0.125000	  0.000000	  0.500000	
  0.250000	  0.500000	  0.125000	  0.125000	
  0.250000	  0.125000	  0.125000	  0.500000	
  0.000000	  0.000000	  1.000000	  0.000000	
  0.000000	  1.000000	  0.000000	  0.000000	
  0.000000	  0.000000	  1.000000	  0.000000	
  1.000000	  0.000000	  0.000000	  0.000000	
  1.000000	  0.000000	  0.000000	  0.000000	
  0.000000	  1.000000	  0.000000	  0.000000	

URL http://regprecise.lbl.gov/RegPrecise/regulog.jsp?regulog_id=3915

MOTIF MhpR_Chloroflexia IclR-family

letter-probability matrix: alength= 4 w= 19 nsites= 6 E= 0
  0.333333	  0.666667	  0.000000	  0.000000	
  0.333333	  0.000000	  0.666667	  0.000000	
  0.000000	  0.000000	  0.000000	  1.000000	
  0.000000	  0.000000	  0.000000	  1.000000	
  0.000000	  1.000000	  0.000000	  0.000000	
  0.000000	  0.000000	  1.000000	  0.000000	
  0.500000	  0.000000	  0.500000	  0.000000	
  0.000000	  0.666667	  0.000000	  0.333333	
  0.333333	  0.000000	  0.000000	  0.666667	
  0.666667	  0.000000	  0.000000	  0.333333	
  0.333333	  0.000000	  0.000000	  0.666667	
  0.666667	  0.000000	  0.333333	  0.000000	
  0.000000	  0.666667	  0.000000	  0.333333	
  0.000000	  1.000000	  0.000000	  0.000000	
  0.000000	  0.000000	  1.000000	  0.000000	
  1.000000	  0.000000	  0.000000	  0.000000	
  1.000000	  0.000000	  0.000000	  0.000000	
  0.000000	  0.500000	  0.000000	  0.500000	
  0.333333	  0.000000	  0.333333	  0.333333	

URL http://regprecise.lbl.gov/RegPrecise/regulog.jsp?regulog_id=5469

MOTIF HmgR_Pseudomonadaceae IclR-family

letter-probability matrix: alength= 4 w= 19 nsites= 12 E= 0
  0.500000	  0.000000	  0.000000	  0.500000	
  0.083333	  0.000000	  0.333333	  0.583333	
  0.000000	  1.000000	  0.000000	  0.000000	
  0.000000	  0.000000	  1.000000	  0.000000	
  0.000000	  0.000000	  0.000000	  1.000000	
  1.000000	  0.000000	  0.000000	  0.000000	
  1.000000	  0.000000	  0.000000	  0.000000	
  0.083333	  0.000000	  0.000000	  0.916667	
  0.083333	  0.416667	  0.083333	  0.416667	
  0.166667	  0.250000	  0.250000	  0.333333	
  0.333333	  0.000000	  0.583333	  0.083333	
  0.833333	  0.000000	  0.083333	  0.083333	
  0.000000	  0.000000	  0.000000	  1.000000	
  0.000000	  0.000000	  0.000000	  1.000000	
  0.916667	  0.000000	  0.083333	  0.000000	
  0.000000	  1.000000	  0.000000	  0.000000	
  0.083333	  0.083333	  0.833333	  0.000000	
  0.666667	  0.333333	  0.000000	  0.000000	
  0.583333	  0.000000	  0.000000	  0.416667	

URL http://regprecise.lbl.gov/RegPrecise/regulog.jsp?regulog_id=6182

MOTIF LtbR_Frankineae/Propionibacterineae/Pseudonocardiaceae IclR-family

letter-probability matrix: alength= 4 w= 19 nsites= 24 E= 0
  0.250000	  0.458333	  0.041667	  0.250000	
  0.333333	  0.000000	  0.458333	  0.208333	
  0.000000	  0.000000	  0.000000	  1.000000	
  0.166667	  0.833333	  0.000000	  0.000000	
  0.000000	  0.458333	  0.000000	  0.541667	
  0.000000	  1.000000	  0.000000	  0.000000	
  0.750000	  0.000000	  0.250000	  0.000000	
  0.041667	  0.458333	  0.250000	  0.250000	
  0.375000	  0.166667	  0.250000	  0.208333	
  0.458333	  0.041667	  0.041667	  0.458333	
  0.208333	  0.250000	  0.166667	  0.375000	
  0.250000	  0.250000	  0.458333	  0.041667	
  0.000000	  0.250000	  0.000000	  0.750000	
  0.000000	  0.000000	  1.000000	  0.000000	
  0.541667	  0.000000	  0.458333	  0.000000	
  0.000000	  0.000000	  0.833333	  0.166667	
  1.000000	  0.000000	  0.000000	  0.000000	
  0.208333	  0.458333	  0.000000	  0.333333	
  0.250000	  0.041667	  0.458333	  0.250000	

URL http://regprecise.lbl.gov/RegPrecise/regulog.jsp?regulog_id=6464

MOTIF  IclR-family

letter-probability matrix: alength= 4 w= 19 nsites= 8 E= 0
  0.000000	  0.000000	  0.500000	  0.500000	
  1.000000	  0.000000	  0.000000	  0.000000	
  0.000000	  0.000000	  0.000000	  1.000000	
  0.625000	  0.000000	  0.375000	  0.000000	
  0.000000	  1.000000	  0.000000	  0.000000	
  0.000000	  0.375000	  0.500000	  0.125000	
  1.000000	  0.000000	  0.000000	  0.000000	
  0.000000	  0.250000	  0.750000	  0.000000	
  0.500000	  0.125000	  0.000000	  0.375000	
  0.375000	  0.125000	  0.125000	  0.375000	
  0.375000	  0.000000	  0.125000	  0.500000	
  0.000000	  0.750000	  0.250000	  0.000000	
  0.000000	  0.000000	  0.000000	  1.000000	
  0.125000	  0.500000	  0.375000	  0.000000	
  0.000000	  0.000000	  1.000000	  0.000000	
  0.000000	  0.375000	  0.000000	  0.625000	
  1.000000	  0.000000	  0.000000	  0.000000	
  0.000000	  0.000000	  0.000000	  1.000000	
  0.500000	  0.500000	  0.000000	  0.000000	

URL http://regprecise.lbl.gov/RegPrecise/regulog.jsp?regulog_id=6483

MOTIF LtbR_Micrococcineae IclR-family

letter-probability matrix: alength= 4 w= 19 nsites= 26 E= 0
  0.076923	  0.807692	  0.076923	  0.038462	
  0.192308	  0.000000	  0.769231	  0.038462	
  0.000000	  0.000000	  0.000000	  1.000000	
  0.000000	  0.961538	  0.000000	  0.038462	
  0.000000	  0.115385	  0.000000	  0.884615	
  0.000000	  0.961538	  0.000000	  0.038462	
  0.846154	  0.000000	  0.153846	  0.000000	
  0.192308	  0.384615	  0.230769	  0.192308	
  0.384615	  0.038462	  0.230769	  0.346154	
  0.461538	  0.192308	  0.115385	  0.230769	
  0.192308	  0.115385	  0.076923	  0.615385	
  0.153846	  0.269231	  0.346154	  0.230769	
  0.000000	  0.307692	  0.000000	  0.692308	
  0.038462	  0.000000	  0.961538	  0.000000	
  0.846154	  0.000000	  0.153846	  0.000000	
  0.000000	  0.038462	  0.961538	  0.000000	
  1.000000	  0.000000	  0.000000	  0.000000	
  0.038462	  0.692308	  0.000000	  0.269231	
  0.115385	  0.000000	  0.846154	  0.038462	

URL http://regprecise.lbl.gov/RegPrecise/regulog.jsp?regulog_id=6490

MOTIF LtbR_Mycobacteriaceae IclR-family

letter-probability matrix: alength= 4 w= 19 nsites= 30 E= 0
  0.266667	  0.366667	  0.033333	  0.333333	
  0.200000	  0.033333	  0.633333	  0.133333	
  0.000000	  0.000000	  0.000000	  1.000000	
  0.233333	  0.733333	  0.000000	  0.033333	
  0.000000	  0.133333	  0.000000	  0.866667	
  0.000000	  1.000000	  0.000000	  0.000000	
  0.600000	  0.000000	  0.200000	  0.200000	
  0.133333	  0.600000	  0.066667	  0.200000	
  0.700000	  0.166667	  0.033333	  0.100000	
  0.433333	  0.066667	  0.066667	  0.433333	
  0.100000	  0.033333	  0.166667	  0.700000	
  0.200000	  0.066667	  0.600000	  0.133333	
  0.200000	  0.200000	  0.000000	  0.600000	
  0.000000	  0.000000	  1.000000	  0.000000	
  0.866667	  0.000000	  0.133333	  0.000000	
  0.033333	  0.000000	  0.733333	  0.233333	
  1.000000	  0.000000	  0.000000	  0.000000	
  0.133333	  0.633333	  0.033333	  0.200000	
  0.333333	  0.033333	  0.366667	  0.266667	

URL http://regprecise.lbl.gov/RegPrecise/regulog.jsp?regulog_id=6494

MOTIF LtbR_Streptomycetaceae IclR-family

letter-probability matrix: alength= 4 w= 19 nsites= 8 E= 0
  0.000000	  1.000000	  0.000000	  0.000000	
  0.000000	  0.000000	  1.000000	  0.000000	
  0.000000	  0.000000	  0.000000	  1.000000	
  0.000000	  0.500000	  0.000000	  0.500000	
  0.000000	  0.000000	  0.000000	  1.000000	
  0.000000	  1.000000	  0.000000	  0.000000	
  1.000000	  0.000000	  0.000000	  0.000000	
  0.000000	  1.000000	  0.000000	  0.000000	
  0.500000	  0.000000	  0.000000	  0.500000	
  0.000000	  0.500000	  0.500000	  0.000000	
  0.500000	  0.000000	  0.000000	  0.500000	
  0.000000	  0.000000	  1.000000	  0.000000	
  0.000000	  0.000000	  0.000000	  1.000000	
  0.000000	  0.000000	  1.000000	  0.000000	
  1.000000	  0.000000	  0.000000	  0.000000	
  0.500000    0.000000	  0.500000	  0.000000	
  1.000000	  0.000000	  0.000000	  0.000000	
  0.000000	  1.000000	  0.000000	  0.000000	
  0.000000	  0.000000	  1.000000	  0.000000	

URL http://regprecise.lbl.gov/RegPrecise/regulog.jsp?regulog_id=6535

MOTIF LtbR_Bifidobacteriaceae IclR-family

letter-probability matrix: alength= 4 w= 19 nsites= 19 E= 0
  0.000000	  0.842105	  0.000000	  0.157895	
  0.947368	  0.000000	  0.052632	  0.000000	
  0.000000	  0.000000	  0.000000	  1.000000	
  0.000000	  0.526316	  0.052632	  0.421053	
  0.000000	  0.000000	  0.000000	  1.000000	
  0.000000	  1.000000	  0.000000	  0.000000	
  0.894737	  0.000000	  0.105263	  0.000000	
  0.157895	  0.631579	  0.105263	  0.105263	
  0.578947	  0.000000	  0.000000	  0.421053	
  0.473684	  0.000000	  0.000000	  0.526316	
  0.473684	  0.000000	  0.000000	  0.526316	
  0.105263	  0.105263	  0.631579	  0.157895	
  0.000000	  0.105263	  0.000000	  0.894737	
  0.000000	  0.000000	  1.000000	  0.000000	
  1.000000	  0.000000	  0.000000	  0.000000	
  0.473684	  0.052632	  0.473684	  0.000000	
  1.000000	  0.000000	  0.000000	  0.000000	
  0.000000	  0.052632	  0.000000	  0.947368	
  0.157895	  0.000000	  0.842105	  0.000000	

URL http://regprecise.lbl.gov/RegPrecise/regulog.jsp?regulog_id=6848

MOTIF KdgR_Thermotogales IclR-family

letter-probability matrix: alength= 4 w= 19 nsites= 26 E= 0
  0.000000	  0.000000	  0.000000	  1.000000	
  0.000000	  0.000000	  0.538462	  0.461538	
  0.192308	  0.000000	  0.000000	  0.807692	
  0.115385	  0.000000	  0.884615	  0.000000	
  1.000000	  0.000000	  0.000000	  0.000000	
  1.000000	  0.000000	  0.000000	  0.000000	
  1.000000	  0.000000	  0.000000	  0.000000	
  0.423077	  0.000000	  0.461538	  0.115385	
  0.269231	  0.192308	  0.153846	  0.384615	
  0.269231	  0.230769	  0.230769	  0.269231	
  0.384615	  0.153846	  0.192308	  0.269231	
  0.115385	  0.461538	  0.000000	  0.423077	
  0.000000	  0.000000	  0.000000	  1.000000	
  0.000000	  0.000000	  0.000000	  1.000000	
  0.000000	  0.000000	  0.000000	  1.000000	
  0.000000	  0.884615	  0.000000	  0.115385	
  0.807692	  0.000000	  0.000000	  0.192308	
  0.461538	  0.538462	  0.000000	  0.000000	
  1.000000	  0.000000	  0.000000	  0.000000	

URL http://regprecise.lbl.gov/RegPrecise/regulog.jsp?regulog_id=751


