MEME version 4

ALPHABET= ACGT

strands: + -

Background letter frequencies (from uniform background):
A 0.25000 C 0.25000 G 0.25000 T 0.25000 

MOTIF GalR/GalS_Enterobacteriales LacI-family

letter-probability matrix: alength= 4 w= 20 nsites= 78 E= 0
  0.243590	  0.076923	  0.269231	  0.410256	
  0.410256	  0.038462	  0.230769	  0.320513	
  0.358974	  0.051282	  0.474359	  0.115385	
  0.012821	  0.000000	  0.012821	  0.974359	
  0.000000	  0.000000	  1.000000	  0.000000	
  0.153846	  0.012821	  0.089744	  0.743590	
  0.987179	  0.000000	  0.000000	  0.012821	
  0.987179	  0.000000	  0.012821	  0.000000	
  0.320513	  0.294872	  0.217949	  0.166667	
  0.000000	  0.974359	  0.012821	  0.012821	
  0.000000	  0.012821	  0.987179	  0.000000	
  0.461538	  0.141026	  0.102564	  0.294872	
  0.000000	  0.000000	  0.000000	  1.000000	
  0.038462	  0.000000	  0.000000	  0.961538	
  0.602564	  0.217949	  0.012821	  0.166667	
  0.000000	  1.000000	  0.000000	  0.000000	
  0.653846	  0.153846	  0.025641	  0.166667	
  0.153846	  0.384615	  0.038462	  0.423077	
  0.205128	  0.166667	  0.012821	  0.615385	
  0.294872	  0.243590	  0.141026	  0.320513	

URL http://regprecise.lbl.gov/RegPrecise/regulog.jsp?regulog_id=1123

MOTIF PurR_Enterobacteriales LacI-family

letter-probability matrix: alength= 4 w= 16 nsites= 313 E= 0
  0.753994	  0.019169	  0.143770	  0.083067	
  0.175719	  0.539936	  0.220447	  0.063898	
  0.035144	  0.047923	  0.881789	  0.035144	
  0.140575	  0.728435	  0.028754	  0.102236	
  0.913738	  0.003195	  0.015974	  0.067093	
  0.987220	  0.003195	  0.006390	  0.003195	
  0.638978	  0.108626	  0.031949	  0.220447	
  0.019169	  0.977636	  0.000000	  0.003195	
  0.003195	  0.000000	  0.996805	  0.000000	
  0.217252	  0.031949	  0.130990	  0.619808	
  0.003195	  0.000000	  0.041534	  0.955272	
  0.022364	  0.019169	  0.044728	  0.913738	
  0.242812	  0.051118	  0.367412	  0.338658	
  0.038339	  0.869010	  0.006390	  0.086262	
  0.073482	  0.178914	  0.517572	  0.230032	
  0.089457	  0.198083	  0.031949	  0.680511	

URL http://regprecise.lbl.gov/RegPrecise/regulog.jsp?regulog_id=1131

MOTIF AscG_Enterobacteriales LacI-family

letter-probability matrix: alength= 4 w= 20 nsites= 28 E= 0
  0.500000	  0.071429	  0.000000	  0.428571	
  0.285714	  0.071429	  0.000000	  0.642857	
  0.357143	  0.214286	  0.285714	  0.142857	
  0.107143	  0.000000	  0.357143	  0.535714	
  0.035714	  0.000000	  0.964286	  0.000000	
  0.642857	  0.142857	  0.107143	  0.107143	
  0.964286	  0.000000	  0.035714	  0.000000	
  1.000000	  0.000000	  0.000000	  0.000000	
  0.000000	  1.000000	  0.000000	  0.000000	
  0.000000	  0.964286	  0.035714	  0.000000	
  0.000000	  0.000000	  1.000000	  0.000000	
  0.035714	  0.000000	  0.928571	  0.035714	
  0.000000	  0.000000	  0.000000	  1.000000	
  0.000000	  0.000000	  0.000000	  1.000000	
  0.107143	  0.142857	  0.142857	  0.607143	
  0.000000	  0.964286	  0.000000	  0.035714	
  0.607143	  0.250000	  0.000000	  0.142857	
  0.071429	  0.321429	  0.250000	  0.357143	
  0.785714	  0.000000	  0.000000	  0.214286	
  0.392857	  0.035714	  0.071429	  0.500000	

URL http://regprecise.lbl.gov/RegPrecise/regulog.jsp?regulog_id=1132

MOTIF FruR_Enterobacteriales LacI-family

letter-probability matrix: alength= 4 w= 16 nsites= 213 E= 0
  0.215962	  0.112676	  0.619718	  0.051643	
  0.000000	  0.666667	  0.089202	  0.244131	
  0.004695	  0.014085	  0.023474	  0.957746	
  0.023474	  0.004695	  0.854460	  0.117371	
  0.863850	  0.000000	  0.107981	  0.028169	
  0.835681	  0.150235	  0.000000	  0.014085	
  0.305164	  0.103286	  0.178404	  0.413146	
  0.000000	  0.868545	  0.117371	  0.014085	
  0.065728	  0.009390	  0.924883	  0.000000	
  0.624413	  0.018779	  0.056338	  0.300469	
  0.028169	  0.000000	  0.089202	  0.882629	
  0.122066	  0.009390	  0.000000	  0.868545	
  0.150235	  0.713615	  0.000000	  0.136150	
  0.802817	  0.079812	  0.056338	  0.061033	
  0.169014	  0.159624	  0.643192	  0.028169	
  0.028169	  0.666667	  0.023474	  0.281690	

URL http://regprecise.lbl.gov/RegPrecise/regulog.jsp?regulog_id=1135

MOTIF LacI_Enterobacteriales LacI-family

letter-probability matrix: alength= 4 w= 21 nsites= 5 E= 0
  1.000000	  0.000000	  0.000000	  0.000000	
  1.000000	  0.000000	  0.000000	  0.000000	
  0.200000	  0.000000	  0.000000	  0.800000	
  0.000000	  0.000000	  0.000000	  1.000000	
  0.000000	  0.000000	  1.000000	  0.000000	
  0.000000	  0.000000	  0.000000	  1.000000	
  0.000000	  0.000000	  1.000000	  0.000000	
  1.000000	  0.000000	  0.000000	  0.000000	
  0.000000	  0.000000	  1.000000	  0.000000	
  0.000000	  1.000000	  0.000000	  0.000000	
  0.000000	  0.000000	  1.000000	  0.000000	
  0.200000	  0.200000	  0.600000	  0.000000	
  0.800000	  0.000000	  0.000000	  0.200000	
  0.000000	  0.000000	  0.000000	  1.000000	
  0.800000	  0.200000	  0.000000	  0.000000	
  0.800000	  0.000000	  0.200000	  0.000000	
  0.000000	  1.000000	  0.000000	  0.000000	
  1.000000	  0.000000	  0.000000	  0.000000	
  1.000000	  0.000000	  0.000000	  0.000000	
  0.400000	  0.000000	  0.000000	  0.600000	
  0.000000	  0.200000	  0.200000	  0.600000	

URL http://regprecise.lbl.gov/RegPrecise/regulog.jsp?regulog_id=1152

MOTIF RbsR_Enterobacteriales LacI-family

letter-probability matrix: alength= 4 w= 20 nsites= 17 E= 0
  0.176471	  0.470588	  0.000000	  0.352941	
  0.058824	  0.411765	  0.000000	  0.529412	
  0.882353	  0.058824	  0.058824	  0.000000	
  0.000000	  0.000000	  0.941176	  0.058824	
  0.000000	  1.000000	  0.000000	  0.000000	
  0.058824	  0.000000	  0.941176	  0.000000	
  1.000000	  0.000000	  0.000000	  0.000000	
  1.000000	  0.000000	  0.000000	  0.000000	
  1.000000	  0.000000	  0.000000	  0.000000	
  0.000000	  1.000000	  0.000000	  0.000000	
  0.000000	  0.000000	  1.000000	  0.000000	
  0.000000	  0.000000	  0.000000	  1.000000	
  0.000000	  0.000000	  0.000000	  1.000000	
  0.000000	  0.000000	  0.000000	  1.000000	
  0.000000	  1.000000	  0.000000	  0.000000	
  0.000000	  0.000000	  1.000000	  0.000000	
  0.352941	  0.647059	  0.000000	  0.000000	
  0.000000	  0.058824	  0.000000	  0.941176	
  0.411765	  0.000000	  0.588235	  0.000000	
  0.176471	  0.000000	  0.764706	  0.058824	

URL http://regprecise.lbl.gov/RegPrecise/regulog.jsp?regulog_id=1156

MOTIF TreR_Enterobacteriales LacI-family

letter-probability matrix: alength= 4 w= 20 nsites= 8 E= 0
  0.250000	  0.000000	  0.000000	  0.750000	
  0.250000	  0.000000	  0.000000	  0.750000	
  0.250000	  0.125000	  0.000000	  0.625000	
  0.000000	  0.625000	  0.000000	  0.375000	
  0.000000	  0.000000	  1.000000	  0.000000	
  0.000000	  0.000000	  1.000000	  0.000000	
  0.000000	  0.000000	  1.000000	  0.000000	
  1.000000	  0.000000	  0.000000	  0.000000	
  1.000000	  0.000000	  0.000000	  0.000000	
  0.000000	  1.000000	  0.000000	  0.000000	
  0.000000	  0.000000	  1.000000	  0.000000	
  0.000000	  0.000000	  0.000000	  1.000000	
  0.000000	  0.000000	  0.000000	  1.000000	
  0.000000	  1.000000	  0.000000	  0.000000	
  0.000000	  1.000000	  0.000000	  0.000000	
  0.000000	  1.000000	  0.000000	  0.000000	
  0.875000	  0.000000	  0.125000	  0.000000	
  0.000000	  0.000000	  0.000000	  1.000000	
  0.000000	  0.000000	  0.125000	  0.875000	
  0.125000	  0.250000	  0.125000	  0.500000	

URL http://regprecise.lbl.gov/RegPrecise/regulog.jsp?regulog_id=1158

MOTIF MalI_Enterobacteriales LacI-family

letter-probability matrix: alength= 4 w= 20 nsites= 19 E= 0
  0.368421	  0.210526	  0.000000	  0.421053	
  0.578947	  0.210526	  0.000000	  0.210526	
  0.105263	  0.000000	  0.894737	  0.000000	
  0.578947	  0.052632	  0.368421	  0.000000	
  0.052632	  0.000000	  0.000000	  0.947368	
  0.947368	  0.000000	  0.000000	  0.052632	
  1.000000	  0.000000	  0.000000	  0.000000	
  1.000000	  0.000000	  0.000000	  0.000000	
  1.000000	  0.000000	  0.000000	  0.000000	
  0.000000	  1.000000	  0.000000	  0.000000	
  0.000000	  0.000000	  1.000000	  0.000000	
  0.000000	  0.000000	  0.000000	  1.000000	
  0.000000	  0.000000	  0.000000	  1.000000	
  0.000000	  0.000000	  0.000000	  1.000000	
  0.000000	  0.000000	  0.000000	  1.000000	
  1.000000	  0.000000	  0.000000	  0.000000	
  0.000000	  0.421053	  0.000000	  0.578947	
  0.000000	  0.894737	  0.000000	  0.105263	
  0.210526	  0.052632	  0.210526	  0.526316	
  0.473684	  0.000000	  0.157895	  0.368421	

URL http://regprecise.lbl.gov/RegPrecise/regulog.jsp?regulog_id=1161

MOTIF GntR_Enterobacteriales LacI-family

letter-probability matrix: alength= 4 w= 20 nsites= 61 E= 0
  0.327869	  0.229508	  0.065574	  0.377049	
  0.409836	  0.262295	  0.147541	  0.180328	
  0.721311	  0.163934	  0.000000	  0.114754	
  0.147541	  0.163934	  0.000000	  0.688525	
  0.000000	  0.000000	  0.901639	  0.098361	
  0.098361	  0.016393	  0.000000	  0.885246	
  0.000000	  0.000000	  0.000000	  1.000000	
  1.000000	  0.000000	  0.000000	  0.000000	
  0.016393	  0.950820	  0.000000	  0.032787	
  0.016393	  0.836066	  0.131148	  0.016393	
  0.016393	  0.393443	  0.573770	  0.016393	
  0.278689	  0.000000	  0.704918	  0.016393	
  0.000000	  0.000000	  0.000000	  1.000000	
  1.000000	  0.000000	  0.000000	  0.000000	
  0.803279	  0.000000	  0.000000	  0.196721	
  0.000000	  0.983607	  0.016393	  0.000000	
  0.918033	  0.000000	  0.065574	  0.016393	
  0.295082	  0.000000	  0.180328	  0.524590	
  0.180328	  0.065574	  0.327869	  0.426230	
  0.245902	  0.114754	  0.147541	  0.491803	

URL http://regprecise.lbl.gov/RegPrecise/regulog.jsp?regulog_id=1169

MOTIF MsmR_Bacillales LacI-family

letter-probability matrix: alength= 4 w= 20 nsites= 6 E= 0
  0.333333	  0.000000	  0.000000	  0.666667	
  0.666667	  0.166667	  0.166667	  0.000000	
  0.166667	  0.000000	  0.000000	  0.833333	
  0.000000	  0.000000	  0.000000	  1.000000	
  0.000000	  0.000000	  1.000000	  0.000000	
  0.833333	  0.000000	  0.000000	  0.166667	
  1.000000	  0.000000	  0.000000	  0.000000	
  1.000000	  0.000000	  0.000000	  0.000000	
  0.500000	  0.166667	  0.333333	  0.000000	
  0.000000	  1.000000	  0.000000	  0.000000	
  0.000000	  0.000000	  0.833333	  0.166667	
  0.000000	  0.833333	  0.000000	  0.166667	
  0.000000	  0.000000	  0.000000	  1.000000	
  0.000000	  0.000000	  0.000000	  1.000000	
  0.666667	  0.000000	  0.000000	  0.333333	
  0.166667	  0.666667	  0.000000	  0.166667	
  0.000000	  0.500000	  0.000000	  0.500000	
  0.166667	  0.500000	  0.000000	  0.333333	
  0.166667	  0.000000	  0.000000	  0.833333	
  0.333333	  0.166667	  0.166667	  0.333333	

URL http://regprecise.lbl.gov/RegPrecise/regulog.jsp?regulog_id=1174

MOTIF RbsR_Bacillales LacI-family

letter-probability matrix: alength= 4 w= 20 nsites= 11 E= 0
  0.545455	  0.090909	  0.000000	  0.363636	
  0.000000	  0.000000	  0.000000	  1.000000	
  0.363636	  0.363636	  0.272727	  0.000000	
  0.000000	  0.000000	  0.000000	  1.000000	
  0.000000	  0.000000	  1.000000	  0.000000	
  0.090909	  0.000000	  0.000000	  0.909091	
  1.000000	  0.000000	  0.000000	  0.000000	
  1.000000	  0.000000	  0.000000	  0.000000	
  0.545455	  0.454545	  0.000000	  0.000000	
  0.000000	  1.000000	  0.000000	  0.000000	
  0.000000	  0.000000	  1.000000	  0.000000	
  0.000000	  0.000000	  1.000000	  0.000000	
  0.000000	  0.000000	  0.000000	  1.000000	
  0.000000	  0.000000	  0.000000	  1.000000	
  0.818182	  0.181818	  0.000000	  0.000000	
  0.000000	  1.000000	  0.000000	  0.000000	
  1.000000	  0.000000	  0.000000	  0.000000	
  0.000000	  0.454545	  0.090909	  0.454545	
  0.818182	  0.000000	  0.181818	  0.000000	
  0.363636	  0.000000	  0.090909	  0.545455	

URL http://regprecise.lbl.gov/RegPrecise/regulog.jsp?regulog_id=1176

MOTIF MdxR_Bacillales LacI-family

letter-probability matrix: alength= 4 w= 18 nsites= 4 E= 0
  0.000000	  0.000000	  0.000000	  1.000000	
  0.000000	  1.000000	  0.000000	  0.000000	
  0.000000	  0.000000	  0.000000	  1.000000	
  0.000000	  0.000000	  1.000000	  0.000000	
  0.000000	  0.000000	  0.000000	  1.000000	
  0.000000	  0.000000	  0.000000	  1.000000	
  1.000000	  0.000000	  0.000000	  0.000000	
  0.000000	  0.500000	  0.000000	  0.500000	
  0.000000	  1.000000	  0.000000	  0.000000	
  0.000000	  0.000000	  1.000000	  0.000000	
  0.000000	  0.000000	  0.750000	  0.250000	
  0.000000	  0.000000	  0.000000	  1.000000	
  1.000000	  0.000000	  0.000000	  0.000000	
  1.000000	  0.000000	  0.000000	  0.000000	
  0.000000	  1.000000	  0.000000	  0.000000	
  1.000000	  0.000000	  0.000000	  0.000000	
  0.250000	  0.000000	  0.750000	  0.000000	
  0.250000	  0.250000	  0.500000	  0.000000	

URL http://regprecise.lbl.gov/RegPrecise/regulog.jsp?regulog_id=1179

MOTIF BglZ_Bacillales LacI-family

letter-probability matrix: alength= 4 w= 18 nsites= 8 E= 0
  0.000000	  0.125000	  0.000000	  0.875000	
  0.500000	  0.375000	  0.125000	  0.000000	
  0.000000	  0.000000	  0.000000	  1.000000	
  0.000000	  0.000000	  1.000000	  0.000000	
  1.000000	  0.000000	  0.000000	  0.000000	
  1.000000	  0.000000	  0.000000	  0.000000	
  1.000000	  0.000000	  0.000000	  0.000000	
  0.125000	  0.875000	  0.000000	  0.000000	
  0.000000	  0.000000	  1.000000	  0.000000	
  0.000000	  1.000000	  0.000000	  0.000000	
  0.250000	  0.000000	  0.375000	  0.375000	
  0.000000	  0.000000	  0.000000	  1.000000	
  0.125000	  0.000000	  0.000000	  0.875000	
  0.000000	  0.375000	  0.000000	  0.625000	
  0.000000	  1.000000	  0.000000	  0.000000	
  1.000000	  0.000000	  0.000000	  0.000000	
  0.000000	  0.000000	  0.375000	  0.625000	
  0.875000	  0.000000	  0.125000	  0.000000	

URL http://regprecise.lbl.gov/RegPrecise/regulog.jsp?regulog_id=1230

MOTIF EbgR_Enterobacteriales LacI-family

letter-probability matrix: alength= 4 w= 21 nsites= 5 E= 0
  0.200000	  0.200000	  0.400000	  0.200000	
  0.400000	  0.000000	  0.000000	  0.600000	
  0.800000	  0.000000	  0.200000	  0.000000	
  0.600000	  0.200000	  0.000000	  0.200000	
  0.400000	  0.000000	  0.000000	  0.600000	
  0.200000	  0.000000	  0.000000	  0.800000	
  0.000000	  0.000000	  0.000000	  1.000000	
  0.000000	  0.000000	  0.000000	  1.000000	
  0.000000	  0.000000	  0.000000	  1.000000	
  1.000000	  0.000000	  0.000000	  0.000000	
  0.000000	  0.600000	  0.400000	  0.000000	
  0.000000	  0.000000	  0.000000	  1.000000	
  1.000000	  0.000000	  0.000000	  0.000000	
  1.000000	  0.000000	  0.000000	  0.000000	
  1.000000	  0.000000	  0.000000	  0.000000	
  0.400000	  0.200000	  0.000000	  0.400000	
  0.800000	  0.000000	  0.000000	  0.200000	
  0.400000	  0.000000	  0.000000	  0.600000	
  0.000000	  0.000000	  0.000000	  1.000000	
  0.400000	  0.000000	  0.000000	  0.600000	
  0.200000	  0.200000	  0.200000	  0.400000	

URL http://regprecise.lbl.gov/RegPrecise/regulog.jsp?regulog_id=1239

MOTIF IolR1_Bacillales LacI-family

letter-probability matrix: alength= 4 w= 14 nsites= 13 E= 0
  0.615385	  0.000000	  0.384615	  0.000000	
  0.000000	  0.000000	  0.692308	  0.307692	
  0.692308	  0.153846	  0.000000	  0.153846	
  1.000000	  0.000000	  0.000000	  0.000000	
  1.000000	  0.000000	  0.000000	  0.000000	
  0.076923	  0.000000	  0.923077	  0.000000	
  0.000000	  1.000000	  0.000000	  0.000000	
  0.000000	  0.000000	  1.000000	  0.000000	
  0.000000	  1.000000	  0.000000	  0.000000	
  0.000000	  0.000000	  0.000000	  1.000000	
  0.000000	  0.000000	  0.000000	  1.000000	
  0.307692	  0.076923	  0.307692	  0.307692	
  0.307692	  0.692308	  0.000000	  0.000000	
  0.076923	  0.461538	  0.153846	  0.307692	

URL http://regprecise.lbl.gov/RegPrecise/regulog.jsp?regulog_id=1384

MOTIF KdgR_Bacillales LacI-family

letter-probability matrix: alength= 4 w= 18 nsites= 13 E= 0
  0.000000	  0.076923	  0.000000	  0.923077	
  0.000000	  0.000000	  0.000000	  1.000000	
  0.000000	  0.076923	  0.000000	  0.923077	
  0.000000	  0.000000	  1.000000	  0.000000	
  0.769231	  0.000000	  0.230769	  0.000000	
  0.769231	  0.000000	  0.000000	  0.230769	
  1.000000	  0.000000	  0.000000	  0.000000	
  0.153846	  0.538462	  0.000000	  0.307692	
  0.000000	  1.000000	  0.000000	  0.000000	
  0.000000	  0.000000	  1.000000	  0.000000	
  0.307692	  0.000000	  0.538462	  0.153846	
  0.000000	  0.000000	  0.000000	  1.000000	
  0.307692	  0.000000	  0.000000	  0.692308	
  0.000000	  0.307692	  0.000000	  0.692308	
  0.000000	  1.000000	  0.000000	  0.000000	
  0.923077	  0.000000	  0.076923	  0.000000	
  1.000000	  0.000000	  0.000000	  0.000000	
  0.846154	  0.000000	  0.153846	  0.000000	

URL http://regprecise.lbl.gov/RegPrecise/regulog.jsp?regulog_id=1434

MOTIF NagR_Alteromonadales LacI-family

letter-probability matrix: alength= 4 w= 18 nsites= 27 E= 0
  0.592593	  0.000000	  0.259259	  0.148148	
  0.666667	  0.000000	  0.037037	  0.296296	
  0.037037	  0.000000	  0.000000	  0.962963	
  0.000000	  0.000000	  1.000000	  0.000000	
  1.000000	  0.000000	  0.000000	  0.000000	
  0.000000	  0.814815	  0.000000	  0.185185	
  1.000000	  0.000000	  0.000000	  0.000000	
  0.370370	  0.185185	  0.370370	  0.074074	
  0.000000	  1.000000	  0.000000	  0.000000	
  0.000000	  0.000000	  1.000000	  0.000000	
  0.074074	  0.407407	  0.185185	  0.333333	
  0.000000	  0.000000	  0.000000	  1.000000	
  0.185185	  0.000000	  0.814815	  0.000000	
  0.000000	  0.000000	  0.000000	  1.000000	
  0.000000	  1.000000	  0.000000	  0.000000	
  0.962963	  0.000000	  0.000000	  0.037037	
  0.222222	  0.000000	  0.000000	  0.777778	
  0.111111	  0.148148	  0.185185	  0.555556	

URL http://regprecise.lbl.gov/RegPrecise/regulog.jsp?regulog_id=1521

MOTIF NagR_Oceanospirillales/Alteromonadales LacI-family

letter-probability matrix: alength= 4 w= 18 nsites= 19 E= 0
  0.421053	  0.157895	  0.105263	  0.315789	
  0.263158	  0.052632	  0.052632	  0.631579	
  0.105263	  0.052632	  0.052632	  0.789474	
  0.000000	  0.000000	  0.947368	  0.052632	
  0.947368	  0.000000	  0.052632	  0.000000	
  0.000000	  1.000000	  0.000000	  0.000000	
  1.000000	  0.000000	  0.000000	  0.000000	
  0.894737	  0.000000	  0.105263	  0.000000	
  0.000000	  1.000000	  0.000000	  0.000000	
  0.000000	  0.000000	  1.000000	  0.000000	
  0.000000	  0.105263	  0.000000	  0.894737	
  0.000000	  0.000000	  0.000000	  1.000000	
  0.000000	  0.000000	  1.000000	  0.000000	
  0.000000	  0.000000	  0.000000	  1.000000	
  0.000000	  1.000000	  0.000000	  0.000000	
  0.421053	  0.105263	  0.000000	  0.473684	
  0.157895	  0.210526	  0.105263	  0.526316	
  0.210526	  0.052632	  0.105263	  0.631579	

URL http://regprecise.lbl.gov/RegPrecise/regulog.jsp?regulog_id=1523

MOTIF NagR_Xanthomonadales LacI-family

letter-probability matrix: alength= 4 w= 18 nsites= 17 E= 0
  0.235294	  0.000000	  0.764706	  0.000000	
  0.235294	  0.235294	  0.000000	  0.529412	
  0.000000	  0.000000	  0.000000	  1.000000	
  0.000000	  0.000000	  1.000000	  0.000000	
  1.000000	  0.000000	  0.000000	  0.000000	
  0.000000	  0.882353	  0.000000	  0.117647	
  1.000000	  0.000000	  0.000000	  0.000000	
  0.588235	  0.176471	  0.117647	  0.117647	
  0.000000	  1.000000	  0.000000	  0.000000	
  0.000000	  0.000000	  1.000000	  0.000000	
  0.235294	  0.117647	  0.058824	  0.588235	
  0.000000	  0.000000	  0.000000	  1.000000	
  0.058824	  0.000000	  0.941176	  0.000000	
  0.000000	  0.058824	  0.058824	  0.882353	
  0.000000	  1.000000	  0.000000	  0.000000	
  0.823529	  0.058824	  0.000000	  0.117647	
  0.294118	  0.176471	  0.294118	  0.235294	
  0.000000	  0.705882	  0.117647	  0.176471	

URL http://regprecise.lbl.gov/RegPrecise/regulog.jsp?regulog_id=1526

MOTIF FruR_Psychromonadaceae/Aeromonadales LacI-family

letter-probability matrix: alength= 4 w= 16 nsites= 22 E= 0
  0.272727	  0.000000	  0.727273	  0.000000	
  0.000000	  0.909091	  0.090909	  0.000000	
  0.000000	  0.000000	  0.000000	  1.000000	
  0.000000	  0.000000	  1.000000	  0.000000	
  0.954545	  0.000000	  0.000000	  0.045455	
  1.000000	  0.000000	  0.000000	  0.000000	
  0.545455	  0.090909	  0.000000	  0.363636	
  0.000000	  0.909091	  0.090909	  0.000000	
  0.000000	  0.090909	  0.909091	  0.000000	
  0.363636	  0.000000	  0.090909	  0.545455	
  0.000000	  0.000000	  0.000000	  1.000000	
  0.045455	  0.000000	  0.000000	  0.954545	
  0.000000	  1.000000	  0.000000	  0.000000	
  1.000000	  0.000000	  0.000000	  0.000000	
  0.000000	  0.090909	  0.909091	  0.000000	
  0.000000	  0.727273	  0.000000	  0.272727	

URL http://regprecise.lbl.gov/RegPrecise/regulog.jsp?regulog_id=2237

MOTIF FruR_Oceanospirillales/Alteromonadales LacI-family

letter-probability matrix: alength= 4 w= 20 nsites= 9 E= 0
  0.444444	  0.111111	  0.222222	  0.222222	
  0.444444	  0.111111	  0.111111	  0.333333	
  0.111111	  0.000000	  0.888889	  0.000000	
  0.000000	  1.000000	  0.000000	  0.000000	
  0.000000	  0.000000	  0.000000	  1.000000	
  0.000000	  0.000000	  1.000000	  0.000000	
  1.000000	  0.000000	  0.000000	  0.000000	
  0.666667	  0.222222	  0.000000	  0.111111	
  0.333333	  0.111111	  0.000000	  0.555556	
  0.000000	  0.777778	  0.222222	  0.000000	
  0.000000	  0.222222	  0.777778	  0.000000	
  0.555556	  0.000000	  0.111111	  0.333333	
  0.000000	  0.000000	  0.222222	  0.777778	
  0.000000	  0.000000	  0.000000	  1.000000	
  0.000000	  1.000000	  0.000000	  0.000000	
  1.000000	  0.000000	  0.000000	  0.000000	
  0.000000	  0.000000	  0.777778	  0.222222	
  0.000000	  0.777778	  0.111111	  0.111111	
  0.444444	  0.333333	  0.000000	  0.222222	
  0.333333	  0.333333	  0.111111	  0.222222	

URL http://regprecise.lbl.gov/RegPrecise/regulog.jsp?regulog_id=2238

MOTIF FruR_Pseudomonadaceae LacI-family

letter-probability matrix: alength= 4 w= 16 nsites= 16 E= 0
  0.125000	  0.000000	  0.875000	  0.000000	
  0.312500	  0.562500	  0.125000	  0.000000	
  0.000000	  0.000000	  0.000000	  1.000000	
  0.000000	  0.000000	  0.750000	  0.250000	
  1.000000	  0.000000	  0.000000	  0.000000	
  1.000000	  0.000000	  0.000000	  0.000000	
  0.625000	  0.000000	  0.000000	  0.375000	
  0.000000	  1.000000	  0.000000	  0.000000	
  0.000000	  0.000000	  1.000000	  0.000000	
  0.375000	  0.000000	  0.000000	  0.625000	
  0.000000	  0.000000	  0.000000	  1.000000	
  0.000000	  0.000000	  0.000000	  1.000000	
  0.250000	  0.750000	  0.000000	  0.000000	
  1.000000	  0.000000	  0.000000	  0.000000	
  0.000000	  0.125000	  0.562500	  0.312500	
  0.000000	  0.875000	  0.000000	  0.125000	

URL http://regprecise.lbl.gov/RegPrecise/regulog.jsp?regulog_id=2239

MOTIF PurR_Vibrionales LacI-family

letter-probability matrix: alength= 4 w= 16 nsites= 149 E= 0
  0.697987	  0.013423	  0.167785	  0.120805	
  0.328859	  0.442953	  0.181208	  0.046980	
  0.006711	  0.073826	  0.906040	  0.013423	
  0.174497	  0.697987	  0.033557	  0.093960	
  0.986577	  0.000000	  0.006711	  0.006711	
  1.000000	  0.000000	  0.000000	  0.000000	
  0.939597	  0.000000	  0.000000	  0.060403	
  0.000000	  0.993289	  0.006711	  0.000000	
  0.000000	  0.000000	  1.000000	  0.000000	
  0.127517	  0.000000	  0.067114	  0.805369	
  0.000000	  0.000000	  0.000000	  1.000000	
  0.000000	  0.000000	  0.000000	  1.000000	
  0.013423	  0.020134	  0.892617	  0.073826	
  0.000000	  1.000000	  0.000000	  0.000000	
  0.006711	  0.140940	  0.442953	  0.409396	
  0.073826	  0.147651	  0.000000	  0.778523	

URL http://regprecise.lbl.gov/RegPrecise/regulog.jsp?regulog_id=2255

MOTIF PurR_Pasteurellales LacI-family

letter-probability matrix: alength= 4 w= 16 nsites= 77 E= 0
  0.558442	  0.025974	  0.142857	  0.272727	
  0.246753	  0.597403	  0.051948	  0.103896	
  0.025974	  0.000000	  0.974026	  0.000000	
  0.012987	  0.974026	  0.000000	  0.012987	
  1.000000	  0.000000	  0.000000	  0.000000	
  1.000000	  0.000000	  0.000000	  0.000000	
  0.857143	  0.012987	  0.000000	  0.129870	
  0.000000	  1.000000	  0.000000	  0.000000	
  0.000000	  0.000000	  1.000000	  0.000000	
  0.142857	  0.012987	  0.012987	  0.831169	
  0.000000	  0.000000	  0.000000	  1.000000	
  0.000000	  0.000000	  0.000000	  1.000000	
  0.181818	  0.012987	  0.597403	  0.207792	
  0.012987	  0.961039	  0.000000	  0.025974	
  0.051948	  0.116883	  0.389610	  0.441558	
  0.051948	  0.077922	  0.038961	  0.831169	

URL http://regprecise.lbl.gov/RegPrecise/regulog.jsp?regulog_id=2256

MOTIF RbsR_Vibrionales LacI-family

letter-probability matrix: alength= 4 w= 20 nsites= 15 E= 0
  0.000000	  0.400000	  0.066667	  0.533333	
  0.000000	  0.600000	  0.000000	  0.400000	
  1.000000	  0.000000	  0.000000	  0.000000	
  0.000000	  0.133333	  0.000000	  0.866667	
  0.000000	  0.866667	  0.133333	  0.000000	
  0.000000	  0.133333	  0.866667	  0.000000	
  1.000000	  0.000000	  0.000000	  0.000000	
  1.000000	  0.000000	  0.000000	  0.000000	
  1.000000	  0.000000	  0.000000	  0.000000	
  0.000000	  1.000000	  0.000000	  0.000000	
  0.000000	  0.000000	  1.000000	  0.000000	
  0.000000	  0.000000	  0.000000	  1.000000	
  0.000000	  0.000000	  0.000000	  1.000000	
  0.000000	  0.000000	  0.000000	  1.000000	
  0.000000	  0.933333	  0.066667	  0.000000	
  0.000000	  0.066667	  0.933333	  0.000000	
  0.933333	  0.000000	  0.066667	  0.000000	
  0.000000	  0.000000	  0.000000	  1.000000	
  0.133333	  0.000000	  0.800000	  0.066667	
  0.533333	  0.000000	  0.266667	  0.200000	

URL http://regprecise.lbl.gov/RegPrecise/regulog.jsp?regulog_id=2275

MOTIF RbsR_Pasteurellales LacI-family

letter-probability matrix: alength= 4 w= 20 nsites= 6 E= 0
  0.000000	  0.000000	  0.000000	  1.000000	
  0.166667	  0.666667	  0.000000	  0.166667	
  1.000000	  0.000000	  0.000000	  0.000000	
  0.000000	  0.000000	  0.000000	  1.000000	
  0.000000	  1.000000	  0.000000	  0.000000	
  0.000000	  0.000000	  1.000000	  0.000000	
  1.000000	  0.000000	  0.000000	  0.000000	
  1.000000	  0.000000	  0.000000	  0.000000	
  1.000000	  0.000000	  0.000000	  0.000000	
  0.000000	  1.000000	  0.000000	  0.000000	
  0.000000	  0.000000	  1.000000	  0.000000	
  0.000000	  0.000000	  0.000000	  1.000000	
  0.000000	  0.000000	  0.000000	  1.000000	
  0.000000	  0.000000	  0.000000	  1.000000	
  0.000000	  1.000000	  0.000000	  0.000000	
  0.000000	  0.000000	  1.000000	  0.000000	
  1.000000	  0.000000	  0.000000	  0.000000	
  0.000000	  0.000000	  0.000000	  1.000000	
  0.500000	  0.000000	  0.500000	  0.000000	
  0.833333	  0.000000	  0.166667	  0.000000	

URL http://regprecise.lbl.gov/RegPrecise/regulog.jsp?regulog_id=2276

MOTIF RbsR_Burkholderia LacI-family

letter-probability matrix: alength= 4 w= 20 nsites= 7 E= 0
  0.000000	  0.285714	  0.285714	  0.428571	
  0.142857	  0.428571	  0.285714	  0.142857	
  0.000000	  0.000000	  0.714286	  0.285714	
  0.142857	  0.857143	  0.000000	  0.000000	
  0.000000	  0.000000	  1.000000	  0.000000	
  0.000000	  1.000000	  0.000000	  0.000000	
  1.000000	  0.000000	  0.000000	  0.000000	
  1.000000	  0.000000	  0.000000	  0.000000	
  1.000000	  0.000000	  0.000000	  0.000000	
  0.000000	  1.000000	  0.000000	  0.000000	
  0.000000	  0.000000	  1.000000	  0.000000	
  0.000000	  0.000000	  0.000000	  1.000000	
  0.000000	  0.000000	  0.000000	  1.000000	
  0.000000	  0.000000	  0.000000	  1.000000	
  0.000000	  0.000000	  1.000000	  0.000000	
  0.000000	  1.000000	  0.000000	  0.000000	
  0.000000	  0.000000	  0.285714	  0.714286	
  0.000000	  0.857143	  0.000000	  0.142857	
  0.428571	  0.000000	  0.571429	  0.000000	
  0.142857	  0.714286	  0.000000	  0.142857	

URL http://regprecise.lbl.gov/RegPrecise/regulog.jsp?regulog_id=2284

MOTIF CcpA_Bacillales LacI-family

letter-probability matrix: alength= 4 w= 16 nsites= 559 E= 0
  0.516995	  0.023256	  0.048301	  0.411449	
  0.101968	  0.007156	  0.021467	  0.869410	
  0.028623	  0.003578	  0.903399	  0.064401	
  0.624329	  0.010733	  0.048301	  0.316637	
  0.898032	  0.033989	  0.005367	  0.062612	
  0.960644	  0.008945	  0.007156	  0.023256	
  0.323792	  0.059034	  0.586762	  0.030411	
  0.001789	  0.958855	  0.021467	  0.017889	
  0.026834	  0.010733	  0.960644	  0.001789	
  0.062612	  0.388193	  0.134168	  0.415027	
  0.143113	  0.003578	  0.007156	  0.846154	
  0.143113	  0.003578	  0.053667	  0.799642	
  0.343470	  0.071556	  0.042934	  0.542039	
  0.186047	  0.738819	  0.003578	  0.071556	
  0.679785	  0.046512	  0.030411	  0.243292	
  0.395349	  0.041145	  0.076923	  0.486583	

URL http://regprecise.lbl.gov/RegPrecise/regulog.jsp?regulog_id=2992

MOTIF MalR_Streptococcaceae LacI-family

letter-probability matrix: alength= 4 w= 20 nsites= 80 E= 0
  0.262500	  0.112500	  0.000000	  0.625000	
  0.387500	  0.087500	  0.062500	  0.462500	
  0.675000	  0.087500	  0.137500	  0.100000	
  0.162500	  0.387500	  0.050000	  0.400000	
  0.000000	  0.000000	  1.000000	  0.000000	
  0.212500	  0.787500	  0.000000	  0.000000	
  1.000000	  0.000000	  0.000000	  0.000000	
  1.000000	  0.000000	  0.000000	  0.000000	
  0.750000	  0.087500	  0.112500	  0.050000	
  0.000000	  1.000000	  0.000000	  0.000000	
  0.012500	  0.000000	  0.987500	  0.000000	
  0.137500	  0.187500	  0.200000	  0.475000	
  0.000000	  0.000000	  0.000000	  1.000000	
  0.012500	  0.000000	  0.000000	  0.987500	
  0.025000	  0.000000	  0.850000	  0.125000	
  0.012500	  0.975000	  0.000000	  0.012500	
  0.375000	  0.025000	  0.550000	  0.050000	
  0.025000	  0.187500	  0.075000	  0.712500	
  0.562500	  0.075000	  0.025000	  0.337500	
  0.787500	  0.025000	  0.062500	  0.125000	

URL http://regprecise.lbl.gov/RegPrecise/regulog.jsp?regulog_id=3564

MOTIF ScrR_Streptococcaceae LacI-family

letter-probability matrix: alength= 4 w= 20 nsites= 27 E= 0
  0.037037	  0.000000	  0.000000	  0.962963	
  0.814815	  0.148148	  0.037037	  0.000000	
  0.000000	  0.000000	  0.037037	  0.962963	
  0.000000	  0.000000	  1.000000	  0.000000	
  0.111111	  0.185185	  0.000000	  0.703704	
  0.222222	  0.592593	  0.000000	  0.185185	
  1.000000	  0.000000	  0.000000	  0.000000	
  0.962963	  0.000000	  0.037037	  0.000000	
  0.592593	  0.000000	  0.370370	  0.037037	
  0.000000	  1.000000	  0.000000	  0.000000	
  0.000000	  0.000000	  1.000000	  0.000000	
  0.037037	  0.407407	  0.000000	  0.555556	
  0.000000	  0.037037	  0.000000	  0.962963	
  0.000000	  0.000000	  0.000000	  1.000000	
  0.185185	  0.000000	  0.666667	  0.148148	
  0.740741	  0.037037	  0.148148	  0.074074	
  0.000000	  0.962963	  0.000000	  0.037037	
  1.000000	  0.000000	  0.000000	  0.000000	
  0.000000	  0.037037	  0.148148	  0.814815	
  0.925926	  0.000000	  0.000000	  0.074074	

URL http://regprecise.lbl.gov/RegPrecise/regulog.jsp?regulog_id=3572

MOTIF ScrR_Lactobacillaceae LacI-family

letter-probability matrix: alength= 4 w= 20 nsites= 24 E= 0
  0.166667	  0.000000	  0.000000	  0.833333	
  0.750000	  0.041667	  0.208333	  0.000000	
  0.000000	  0.000000	  0.000000	  1.000000	
  0.083333	  0.000000	  0.916667	  0.000000	
  0.208333	  0.041667	  0.000000	  0.750000	
  0.000000	  0.708333	  0.000000	  0.291667	
  1.000000	  0.000000	  0.000000	  0.000000	
  0.875000	  0.000000	  0.000000	  0.125000	
  0.583333	  0.000000	  0.166667	  0.250000	
  0.000000	  1.000000	  0.000000	  0.000000	
  0.000000	  0.000000	  1.000000	  0.000000	
  0.333333	  0.166667	  0.041667	  0.458333	
  0.083333	  0.000000	  0.000000	  0.916667	
  0.000000	  0.000000	  0.000000	  1.000000	
  0.166667	  0.000000	  0.833333	  0.000000	
  0.833333	  0.000000	  0.000000	  0.166667	
  0.000000	  0.916667	  0.000000	  0.083333	
  1.000000	  0.000000	  0.000000	  0.000000	
  0.041667	  0.166667	  0.125000	  0.666667	
  0.708333	  0.041667	  0.000000	  0.250000	

URL http://regprecise.lbl.gov/RegPrecise/regulog.jsp?regulog_id=3573

MOTIF MalR_Lactobacillaceae LacI-family

letter-probability matrix: alength= 4 w= 20 nsites= 11 E= 0
  0.090909	  0.090909	  0.000000	  0.818182	
  0.272727	  0.090909	  0.000000	  0.636364	
  0.363636	  0.000000	  0.545455	  0.090909	
  0.000000	  0.545455	  0.000000	  0.454545	
  0.000000	  0.000000	  1.000000	  0.000000	
  0.181818	  0.727273	  0.000000	  0.090909	
  1.000000	  0.000000	  0.000000	  0.000000	
  1.000000	  0.000000	  0.000000	  0.000000	
  0.636364	  0.000000	  0.181818	  0.181818	
  0.000000	  1.000000	  0.000000	  0.000000	
  0.000000	  0.000000	  1.000000	  0.000000	
  0.000000	  0.454545	  0.454545	  0.090909	
  0.000000	  0.000000	  0.000000	  1.000000	
  0.000000	  0.000000	  0.000000	  1.000000	
  0.090909	  0.090909	  0.818182	  0.000000	
  0.000000	  1.000000	  0.000000	  0.000000	
  0.818182	  0.000000	  0.181818	  0.000000	
  0.363636	  0.363636	  0.000000	  0.272727	
  0.727273	  0.000000	  0.000000	  0.272727	
  0.909091	  0.000000	  0.090909	  0.000000	

URL http://regprecise.lbl.gov/RegPrecise/regulog.jsp?regulog_id=3576

MOTIF RbsR_Corynebacteriaceae LacI-family

letter-probability matrix: alength= 4 w= 18 nsites= 6 E= 0
  0.500000	  0.000000	  0.166667	  0.333333	
  0.833333	  0.000000	  0.166667	  0.000000	
  0.000000	  0.166667	  0.000000	  0.833333	
  0.000000	  0.000000	  1.000000	  0.000000	
  0.166667	  0.500000	  0.000000	  0.333333	
  1.000000	  0.000000	  0.000000	  0.000000	
  1.000000	  0.000000	  0.000000	  0.000000	
  0.666667	  0.000000	  0.000000	  0.333333	
  0.000000	  1.000000	  0.000000	  0.000000	
  0.000000	  0.000000	  1.000000	  0.000000	
  0.333333	  0.000000	  0.000000	  0.666667	
  0.000000	  0.000000	  0.000000	  1.000000	
  0.000000	  0.000000	  0.000000	  1.000000	
  0.166667	  0.000000	  0.833333	  0.000000	
  0.000000	  1.000000	  0.000000	  0.000000	
  0.833333	  0.166667	  0.000000	  0.000000	
  0.000000	  0.166667	  0.333333	  0.500000	
  0.333333	  0.333333	  0.000000	  0.333333	

URL http://regprecise.lbl.gov/RegPrecise/regulog.jsp?regulog_id=3852

MOTIF RbsR_Lactobacillaceae LacI-family

letter-probability matrix: alength= 4 w= 20 nsites= 18 E= 0
  0.055556	  0.055556	  0.055556	  0.833333	
  0.444444	  0.000000	  0.055556	  0.500000	
  0.555556	  0.277778	  0.055556	  0.111111	
  0.166667	  0.000000	  0.666667	  0.166667	
  0.000000	  0.000000	  0.055556	  0.944444	
  0.944444	  0.000000	  0.000000	  0.055556	
  1.000000	  0.000000	  0.000000	  0.000000	
  1.000000	  0.000000	  0.000000	  0.000000	
  0.833333	  0.055556	  0.055556	  0.055556	
  0.000000	  0.888889	  0.055556	  0.055556	
  0.000000	  0.000000	  0.944444	  0.055556	
  0.111111	  0.000000	  0.055556	  0.833333	
  0.000000	  0.000000	  0.000000	  1.000000	
  0.000000	  0.000000	  0.000000	  1.000000	
  0.111111	  0.000000	  0.000000	  0.888889	
  0.888889	  0.111111	  0.000000	  0.000000	
  0.333333	  0.611111	  0.000000	  0.055556	
  0.111111	  0.277778	  0.166667	  0.444444	
  0.666667	  0.111111	  0.055556	  0.166667	
  0.944444	  0.000000	  0.000000	  0.055556	

URL http://regprecise.lbl.gov/RegPrecise/regulog.jsp?regulog_id=3945

MOTIF RegR_Streptococcaceae LacI-family

letter-probability matrix: alength= 4 w= 20 nsites= 27 E= 0
  0.222222	  0.074074	  0.037037	  0.666667	
  0.481481	  0.000000	  0.296296	  0.222222	
  0.740741	  0.000000	  0.222222	  0.037037	
  0.037037	  0.185185	  0.740741	  0.037037	
  0.222222	  0.000000	  0.000000	  0.777778	
  0.888889	  0.000000	  0.000000	  0.111111	
  0.888889	  0.000000	  0.000000	  0.111111	
  1.000000	  0.000000	  0.000000	  0.000000	
  0.000000	  0.962963	  0.000000	  0.037037	
  0.148148	  0.703704	  0.000000	  0.148148	
  0.185185	  0.000000	  0.740741	  0.074074	
  0.037037	  0.000000	  0.962963	  0.000000	
  0.000000	  0.000000	  0.000000	  1.000000	
  0.222222	  0.000000	  0.000000	  0.777778	
  0.222222	  0.000000	  0.000000	  0.777778	
  0.851852	  0.000000	  0.000000	  0.148148	
  0.000000	  0.814815	  0.185185	  0.000000	
  0.074074	  0.111111	  0.000000	  0.814815	
  0.222222	  0.185185	  0.037037	  0.555556	
  0.592593	  0.037037	  0.074074	  0.296296	

URL http://regprecise.lbl.gov/RegPrecise/regulog.jsp?regulog_id=4345

MOTIF GalR_Streptococcaceae LacI-family

letter-probability matrix: alength= 4 w= 19 nsites= 20 E= 0
  0.650000	  0.000000	  0.200000	  0.150000	
  0.850000	  0.000000	  0.000000	  0.150000	
  0.650000	  0.000000	  0.000000	  0.350000	
  0.600000	  0.100000	  0.100000	  0.200000	
  0.050000	  0.050000	  0.200000	  0.700000	
  0.000000	  0.000000	  0.000000	  1.000000	
  0.000000	  0.000000	  0.000000	  1.000000	
  0.000000	  0.000000	  0.000000	  1.000000	
  1.000000	  0.000000	  0.000000	  0.000000	
  0.000000	  0.550000	  0.450000	  0.000000	
  0.050000	  0.000000	  0.000000	  0.950000	
  1.000000	  0.000000	  0.000000	  0.000000	
  1.000000	  0.000000	  0.000000	  0.000000	
  1.000000	  0.000000	  0.000000	  0.000000	
  0.600000	  0.150000	  0.050000	  0.200000	
  0.350000	  0.050000	  0.050000	  0.550000	
  0.300000	  0.050000	  0.000000	  0.650000	
  0.350000	  0.050000	  0.000000	  0.600000	
  0.250000	  0.100000	  0.000000	  0.650000	

URL http://regprecise.lbl.gov/RegPrecise/regulog.jsp?regulog_id=4350

MOTIF GalR_Lactobacillaceae LacI-family

letter-probability matrix: alength= 4 w= 19 nsites= 30 E= 0
  0.633333	  0.133333	  0.000000	  0.233333	
  0.633333	  0.033333	  0.033333	  0.300000	
  0.800000	  0.033333	  0.033333	  0.133333	
  0.566667	  0.066667	  0.066667	  0.300000	
  0.233333	  0.033333	  0.133333	  0.600000	
  0.000000	  0.000000	  0.000000	  1.000000	
  0.000000	  0.000000	  0.000000	  1.000000	
  0.133333	  0.000000	  0.000000	  0.866667	
  0.933333	  0.033333	  0.000000	  0.033333	
  0.000000	  0.500000	  0.500000	  0.000000	
  0.000000	  0.033333	  0.000000	  0.966667	
  1.000000	  0.000000	  0.000000	  0.000000	
  1.000000	  0.000000	  0.000000	  0.000000	
  1.000000	  0.000000	  0.000000	  0.000000	
  0.766667	  0.066667	  0.033333	  0.133333	
  0.400000	  0.066667	  0.066667	  0.466667	
  0.266667	  0.000000	  0.133333	  0.600000	
  0.400000	  0.066667	  0.000000	  0.533333	
  0.366667	  0.066667	  0.000000	  0.566667	

URL http://regprecise.lbl.gov/RegPrecise/regulog.jsp?regulog_id=4351

MOTIF RbsR2_Streptococcaceae LacI-family

letter-probability matrix: alength= 4 w= 20 nsites= 9 E= 0
  0.444444	  0.111111	  0.000000	  0.444444	
  0.555556	  0.222222	  0.000000	  0.222222	
  0.555556	  0.000000	  0.222222	  0.222222	
  0.444444	  0.000000	  0.000000	  0.555556	
  0.111111	  0.000000	  0.888889	  0.000000	
  1.000000	  0.000000	  0.000000	  0.000000	
  0.777778	  0.000000	  0.222222	  0.000000	
  1.000000	  0.000000	  0.000000	  0.000000	
  0.888889	  0.111111	  0.000000	  0.000000	
  0.000000	  1.000000	  0.000000	  0.000000	
  0.000000	  0.000000	  1.000000	  0.000000	
  0.000000	  0.000000	  0.888889	  0.111111	
  0.222222	  0.000000	  0.000000	  0.777778	
  0.000000	  0.000000	  0.000000	  1.000000	
  0.555556	  0.333333	  0.111111	  0.000000	
  0.111111	  0.888889	  0.000000	  0.000000	
  1.000000	  0.000000	  0.000000	  0.000000	
  0.555556	  0.444444	  0.000000	  0.000000	
  0.333333	  0.222222	  0.000000	  0.444444	
  0.777778	  0.111111	  0.000000	  0.111111	

URL http://regprecise.lbl.gov/RegPrecise/regulog.jsp?regulog_id=4361

MOTIF Lp_3221_Lactobacillaceae LacI-family

letter-probability matrix: alength= 4 w= 20 nsites= 6 E= 0
  0.500000	  0.166667	  0.166667	  0.166667	
  0.166667	  0.000000	  0.000000	  0.833333	
  0.833333	  0.000000	  0.166667	  0.000000	
  0.000000	  0.000000	  0.000000	  1.000000	
  0.000000	  0.000000	  1.000000	  0.000000	
  0.333333	  0.000000	  0.666667	  0.000000	
  1.000000	  0.000000	  0.000000	  0.000000	
  1.000000	  0.000000	  0.000000	  0.000000	
  0.166667	  0.000000	  0.000000	  0.833333	
  0.000000	  1.000000	  0.000000	  0.000000	
  0.000000	  0.000000	  1.000000	  0.000000	
  1.000000	  0.000000	  0.000000	  0.000000	
  0.000000	  0.000000	  0.000000	  1.000000	
  0.333333	  0.000000	  0.000000	  0.666667	
  0.000000	  1.000000	  0.000000	  0.000000	
  0.000000	  1.000000	  0.000000	  0.000000	
  1.000000	  0.000000	  0.000000	  0.000000	
  0.333333	  0.333333	  0.000000	  0.333333	
  1.000000	  0.000000	  0.000000	  0.000000	
  0.166667	  0.333333	  0.000000	  0.500000	

URL http://regprecise.lbl.gov/RegPrecise/regulog.jsp?regulog_id=4569

MOTIF MalR2_Streptococcaceae LacI-family

letter-probability matrix: alength= 4 w= 20 nsites= 4 E= 0
  0.000000	  0.250000	  0.000000	  0.750000	
  1.000000	  0.000000	  0.000000	  0.000000	
