MEME version 4

ALPHABET= ACGT

strands: + -

Background letter frequencies (from uniform background):
A 0.25000 C 0.25000 G 0.25000 T 0.25000 

MOTIF HexR_Ralstonia RpiR-family

letter-probability matrix: alength= 4 w= 17 nsites= 24 E= 0
  0.541667	  0.166667	  0.041667	  0.250000	
  0.000000	  0.000000	  0.000000	  1.000000	
  0.000000	  0.000000	  1.000000	  0.000000	
  0.000000	  0.000000	  0.000000	  1.000000	
  1.000000	  0.000000	  0.000000	  0.000000	
  0.083333	  0.000000	  0.916667	  0.000000	
  0.666667	  0.000000	  0.083333	  0.250000	
  0.625000	  0.000000	  0.125000	  0.250000	
  0.500000	  0.000000	  0.000000	  0.500000	
  0.250000	  0.125000	  0.000000	  0.625000	
  0.250000	  0.083333	  0.000000	  0.666667	
  0.000000	  0.916667	  0.000000	  0.083333	
  0.000000	  0.000000	  0.000000	  1.000000	
  1.000000	  0.000000	  0.000000	  0.000000	
  0.000000	  1.000000	  0.000000	  0.000000	
  1.000000	  0.000000	  0.000000	  0.000000	
  0.250000	  0.041667	  0.166667	  0.541667	

URL http://regprecise.lbl.gov/RegPrecise/regulog.jsp?regulog_id=1082

MOTIF HexR_Enterobacteriales RpiR-family

letter-probability matrix: alength= 4 w= 17 nsites= 45 E= 0
  0.266667	  0.111111	  0.200000	  0.422222	
  0.000000	  0.266667	  0.000000	  0.733333	
  0.000000	  0.000000	  1.000000	  0.000000	
  0.088889	  0.000000	  0.022222	  0.888889	
  0.977778	  0.022222	  0.000000	  0.000000	
  1.000000	  0.000000	  0.000000	  0.000000	
  0.088889	  0.266667	  0.088889	  0.555556	
  0.377778	  0.000000	  0.000000	  0.622222	
  0.511111	  0.000000	  0.000000	  0.488889	
  0.688889	  0.000000	  0.000000	  0.311111	
  0.666667	  0.222222	  0.044444	  0.066667	
  0.000000	  0.000000	  0.000000	  1.000000	
  0.000000	  0.000000	  0.044444	  0.955556	
  0.888889	  0.000000	  0.000000	  0.111111	
  0.000000	  1.000000	  0.000000	  0.000000	
  0.844444	  0.000000	  0.155556	  0.000000	
  0.333333	  0.133333	  0.244444	  0.288889	

URL http://regprecise.lbl.gov/RegPrecise/regulog.jsp?regulog_id=1307

MOTIF UgtR_Thermotogales RpiR-family

letter-probability matrix: alength= 4 w= 16 nsites= 8 E= 0
  0.125000	  0.000000	  0.875000	  0.000000	
  0.250000	  0.000000	  0.000000	  0.750000	
  0.750000	  0.125000	  0.000000	  0.125000	
  0.000000	  0.000000	  1.000000	  0.000000	
  1.000000	  0.000000	  0.000000	  0.000000	
  1.000000	  0.000000	  0.000000	  0.000000	
  1.000000	  0.000000	  0.000000	  0.000000	
  1.000000	  0.000000	  0.000000	  0.000000	
  0.000000	  0.000000	  0.000000	  1.000000	
  0.125000	  0.000000	  0.000000	  0.875000	
  0.000000	  0.000000	  0.000000	  1.000000	
  0.000000	  0.000000	  0.000000	  1.000000	
  0.000000	  1.000000	  0.000000	  0.000000	
  0.000000	  0.125000	  0.000000	  0.875000	
  0.500000	  0.000000	  0.000000	  0.500000	
  0.000000	  0.125000	  0.000000	  0.875000	

URL http://regprecise.lbl.gov/RegPrecise/regulog.jsp?regulog_id=1344

MOTIF UctR_Thermotogales RpiR-family

letter-probability matrix: alength= 4 w= 18 nsites= 5 E= 0
  0.000000	  0.000000	  1.000000	  0.000000	
  1.000000	  0.000000	  0.000000	  0.000000	
  1.000000	  0.000000	  0.000000	  0.000000	
  1.000000	  0.000000	  0.000000	  0.000000	
  1.000000	  0.000000	  0.000000	  0.000000	
  1.000000	  0.000000	  0.000000	  0.000000	
  1.000000	  0.000000	  0.000000	  0.000000	
  1.000000	  0.000000	  0.000000	  0.000000	
  0.000000	  0.000000	  0.000000	  1.000000	
  1.000000	  0.000000	  0.000000	  0.000000	
  0.000000	  0.000000	  0.000000	  1.000000	
  0.000000	  0.000000	  0.000000	  1.000000	
  0.000000	  0.000000	  0.000000	  1.000000	
  0.000000	  0.000000	  0.000000	  1.000000	
  0.000000	  0.000000	  0.000000	  1.000000	
  1.000000	  0.000000	  0.000000	  0.000000	
  0.400000	  0.600000	  0.000000	  0.000000	
  0.200000	  0.800000	  0.000000	  0.000000	

URL http://regprecise.lbl.gov/RegPrecise/regulog.jsp?regulog_id=1363

MOTIF HexR_Vibrionales RpiR-family

letter-probability matrix: alength= 4 w= 15 nsites= 190 E= 0
  0.078947	  0.105263	  0.031579	  0.784211	
  0.005263	  0.000000	  0.989474	  0.005263	
  0.184211	  0.000000	  0.000000	  0.815789	
  0.900000	  0.015789	  0.005263	  0.078947	
  0.773684	  0.000000	  0.189474	  0.036842	
  0.126316	  0.084211	  0.036842	  0.752632	
  0.352632	  0.010526	  0.005263	  0.631579	
  0.542105	  0.005263	  0.031579	  0.421053	
  0.726316	  0.000000	  0.000000	  0.273684	
  0.721053	  0.015789	  0.068421	  0.194737	
  0.015789	  0.136842	  0.000000	  0.847368	
  0.057895	  0.015789	  0.015789	  0.910526	
  0.847368	  0.015789	  0.000000	  0.136842	
  0.010526	  0.984211	  0.000000	  0.005263	
  0.668421	  0.073684	  0.226316	  0.031579	

URL http://regprecise.lbl.gov/RegPrecise/regulog.jsp?regulog_id=1581

MOTIF HexR_Alteromonadales RpiR-family

letter-probability matrix: alength= 4 w= 17 nsites= 38 E= 0
  0.315789	  0.105263	  0.078947	  0.500000	
  0.026316	  0.157895	  0.000000	  0.815789	
  0.000000	  0.000000	  1.000000	  0.000000	
  0.078947	  0.000000	  0.000000	  0.921053	
  0.947368	  0.026316	  0.000000	  0.026316	
  0.789474	  0.000000	  0.210526	  0.000000	
  0.052632	  0.078947	  0.000000	  0.868421	
  0.342105	  0.000000	  0.000000	  0.657895	
  0.500000	  0.000000	  0.000000	  0.500000	
  0.710526	  0.000000	  0.000000	  0.289474	
  0.815789	  0.026316	  0.078947	  0.078947	
  0.000000	  0.210526	  0.000000	  0.789474	
  0.078947	  0.000000	  0.026316	  0.894737	
  0.894737	  0.000000	  0.000000	  0.105263	
  0.000000	  1.000000	  0.000000	  0.000000	
  0.763158	  0.052632	  0.184211	  0.000000	
  0.447368	  0.000000	  0.078947	  0.473684	

URL http://regprecise.lbl.gov/RegPrecise/regulog.jsp?regulog_id=1583

MOTIF HexR_Psychromonadaceae/Aeromonadales RpiR-family

letter-probability matrix: alength= 4 w= 17 nsites= 79 E= 0
  0.278481	  0.088608	  0.050633	  0.582278	
  0.000000	  0.113924	  0.037975	  0.848101	
  0.012658	  0.025316	  0.949367	  0.012658	
  0.050633	  0.000000	  0.012658	  0.936709	
  0.772152	  0.025316	  0.025316	  0.177215	
  0.696203	  0.000000	  0.303797	  0.000000	
  0.037975	  0.202532	  0.012658	  0.746835	
  0.367089	  0.037975	  0.012658	  0.582278	
  0.481013	  0.000000	  0.000000	  0.518987	
  0.594937	  0.012658	  0.000000	  0.392405	
  0.708861	  0.025316	  0.151899	  0.113924	
  0.000000	  0.341772	  0.000000	  0.658228	
  0.227848	  0.025316	  0.025316	  0.721519	
  0.835443	  0.037975	  0.025316	  0.101266	
  0.000000	  1.000000	  0.000000	  0.000000	
  0.860759	  0.025316	  0.088608	  0.025316	
  0.531646	  0.012658	  0.164557	  0.291139	

URL http://regprecise.lbl.gov/RegPrecise/regulog.jsp?regulog_id=1584

MOTIF HexR_Oceanospirillales/Alteromonadales RpiR-family

letter-probability matrix: alength= 4 w= 17 nsites= 40 E= 0
  0.150000	  0.125000	  0.000000	  0.725000	
  0.000000	  0.075000	  0.125000	  0.800000	
  0.000000	  0.000000	  1.000000	  0.000000	
  0.075000	  0.000000	  0.025000	  0.900000	
  0.925000	  0.025000	  0.025000	  0.025000	
  0.650000	  0.000000	  0.350000	  0.000000	
  0.100000	  0.025000	  0.125000	  0.750000	
  0.575000	  0.025000	  0.050000	  0.350000	
  0.525000	  0.000000	  0.000000	  0.475000	
  0.525000	  0.025000	  0.025000	  0.425000	
  0.600000	  0.225000	  0.100000	  0.075000	
  0.025000	  0.375000	  0.000000	  0.600000	
  0.050000	  0.025000	  0.000000	  0.925000	
  0.875000	  0.050000	  0.000000	  0.075000	
  0.025000	  0.975000	  0.000000	  0.000000	
  0.850000	  0.050000	  0.075000	  0.025000	
  0.525000	  0.050000	  0.075000	  0.350000	

URL http://regprecise.lbl.gov/RegPrecise/regulog.jsp?regulog_id=1585

MOTIF HexR1_Pseudomonadaceae RpiR-family

letter-probability matrix: alength= 4 w= 17 nsites= 30 E= 0
  0.333333	  0.233333	  0.033333	  0.400000	
  0.000000	  0.000000	  0.033333	  0.966667	
  0.000000	  0.000000	  1.000000	  0.000000	
  0.000000	  0.000000	  0.000000	  1.000000	
  1.000000	  0.000000	  0.000000	  0.000000	
  0.000000	  0.000000	  1.000000	  0.000000	
  0.000000	  0.000000	  0.000000	  1.000000	
  0.566667	  0.000000	  0.000000	  0.433333	
  0.500000	  0.000000	  0.000000	  0.500000	
  0.566667	  0.000000	  0.000000	  0.433333	
  1.000000	  0.000000	  0.000000	  0.000000	
  0.000000	  1.000000	  0.000000	  0.000000	
  0.000000	  0.000000	  0.000000	  1.000000	
  1.000000	  0.000000	  0.000000	  0.000000	
  0.000000	  1.000000	  0.000000	  0.000000	
  0.733333	  0.033333	  0.000000	  0.233333	
  0.566667	  0.166667	  0.133333	  0.133333	

URL http://regprecise.lbl.gov/RegPrecise/regulog.jsp?regulog_id=1586

MOTIF HexR_Burkholderia RpiR-family

letter-probability matrix: alength= 4 w= 17 nsites= 38 E= 0
  0.263158	  0.026316	  0.026316	  0.684211	
  0.236842	  0.000000	  0.000000	  0.763158	
  0.000000	  0.000000	  1.000000	  0.000000	
  0.000000	  0.000000	  0.000000	  1.000000	
  1.000000	  0.000000	  0.000000	  0.000000	
  0.000000	  0.026316	  0.973684	  0.000000	
  0.526316	  0.000000	  0.000000	  0.473684	
  0.394737	  0.000000	  0.000000	  0.605263	
  0.605263	  0.000000	  0.000000	  0.394737	
  0.605263	  0.000000	  0.000000	  0.394737	
  0.473684	  0.000000	  0.000000	  0.526316	
  0.000000	  0.973684	  0.026316	  0.000000	
  0.000000	  0.000000	  0.000000	  1.000000	
  1.000000	  0.000000	  0.000000	  0.000000	
  0.000000	  1.000000	  0.000000	  0.000000	
  0.763158	  0.000000	  0.000000	  0.236842	
  0.684211	  0.026316	  0.026316	  0.263158	

URL http://regprecise.lbl.gov/RegPrecise/regulog.jsp?regulog_id=1590

MOTIF HexR_Comamonadaceae RpiR-family

letter-probability matrix: alength= 4 w= 17 nsites= 28 E= 0
  0.250000	  0.285714	  0.071429	  0.392857	
  0.000000	  0.142857	  0.250000	  0.607143	
  0.000000	  0.035714	  0.964286	  0.000000	
  0.535714	  0.000000	  0.035714	  0.428571	
  1.000000	  0.000000	  0.000000	  0.000000	
  1.000000	  0.000000	  0.000000	  0.000000	
  0.000000	  0.750000	  0.000000	  0.250000	
  0.071429	  0.321429	  0.035714	  0.571429	
  0.357143	  0.321429	  0.071429	  0.250000	
  0.535714	  0.000000	  0.428571	  0.035714	
  0.464286	  0.000000	  0.535714	  0.000000	
  0.000000	  0.000000	  0.000000	  1.000000	
  0.071429	  0.000000	  0.000000	  0.928571	
  0.857143	  0.000000	  0.000000	  0.142857	
  0.000000	  1.000000	  0.000000	  0.000000	
  0.750000	  0.178571	  0.035714	  0.035714	
  0.321429	  0.035714	  0.214286	  0.428571	

URL http://regprecise.lbl.gov/RegPrecise/regulog.jsp?regulog_id=1591

MOTIF HexR_betaproteobacteria RpiR-family

letter-probability matrix: alength= 4 w= 17 nsites= 13 E= 0
  0.153846	  0.076923	  0.307692	  0.461538	
  0.153846	  0.000000	  0.076923	  0.769231	
  0.000000	  0.000000	  1.000000	  0.000000	
  0.000000	  0.000000	  0.000000	  1.000000	
  0.923077	  0.000000	  0.000000	  0.076923	
  0.384615	  0.153846	  0.461538	  0.000000	
  0.000000	  0.076923	  0.000000	  0.923077	
  0.538462	  0.000000	  0.000000	  0.461538	
  0.461538	  0.000000	  0.000000	  0.538462	
  0.461538	  0.000000	  0.000000	  0.538462	
  0.923077	  0.000000	  0.076923	  0.000000	
  0.000000	  0.538462	  0.076923	  0.384615	
  0.076923	  0.000000	  0.000000	  0.923077	
  1.000000	  0.000000	  0.000000	  0.000000	
  0.000000	  1.000000	  0.000000	  0.000000	
  0.692308	  0.153846	  0.000000	  0.153846	
  0.461538	  0.384615	  0.076923	  0.076923	

URL http://regprecise.lbl.gov/RegPrecise/regulog.jsp?regulog_id=1592

MOTIF SiaR_Enterobacteriales RpiR-family

letter-probability matrix: alength= 4 w= 19 nsites= 14 E= 0
  0.571429	  0.000000	  0.142857	  0.285714	
  0.785714	  0.000000	  0.071429	  0.142857	
  0.214286	  0.142857	  0.000000	  0.642857	
  0.071429	  0.000000	  0.928571	  0.000000	
  0.285714	  0.000000	  0.714286	  0.000000	
  1.000000	  0.000000	  0.000000	  0.000000	
  0.142857	  0.000000	  0.857143	  0.000000	
  0.000000	  0.285714	  0.000000	  0.714286	
  0.285714	  0.071429	  0.071429	  0.571429	
  0.571429	  0.071429	  0.000000	  0.357143	
  0.642857	  0.071429	  0.000000	  0.285714	
  0.857143	  0.000000	  0.071429	  0.071429	
  0.000000	  0.857143	  0.000000	  0.142857	
  0.000000	  0.000000	  0.000000	  1.000000	
  0.071429	  0.714286	  0.000000	  0.214286	
  0.000000	  0.928571	  0.000000	  0.071429	
  0.857143	  0.000000	  0.071429	  0.071429	
  0.500000	  0.000000	  0.000000	  0.500000	
  0.714286	  0.071429	  0.000000	  0.214286	

URL http://regprecise.lbl.gov/RegPrecise/regulog.jsp?regulog_id=2033

MOTIF SiaR_Vibrionales RpiR-family

letter-probability matrix: alength= 4 w= 19 nsites= 17 E= 0
  0.352941	  0.117647	  0.117647	  0.411765	
  0.470588	  0.000000	  0.117647	  0.411765	
  0.000000	  0.117647	  0.000000	  0.882353	
  0.000000	  0.000000	  1.000000	  0.000000	
  0.529412	  0.000000	  0.470588	  0.000000	
  1.000000	  0.000000	  0.000000	  0.000000	
  0.117647	  0.000000	  0.882353	  0.000000	
  0.176471	  0.117647	  0.000000	  0.705882	
  0.352941	  0.000000	  0.058824	  0.588235	
  0.470588	  0.000000	  0.000000	  0.529412	
  0.529412	  0.176471	  0.117647	  0.176471	
  0.823529	  0.058824	  0.117647	  0.000000	
  0.000000	  1.000000	  0.000000	  0.000000	
  0.000000	  0.000000	  0.000000	  1.000000	
  0.000000	  0.411765	  0.000000	  0.588235	
  0.000000	  1.000000	  0.000000	  0.000000	
  0.764706	  0.000000	  0.235294	  0.000000	
  0.176471	  0.235294	  0.000000	  0.588235	
  0.588235	  0.058824	  0.000000	  0.352941	

URL http://regprecise.lbl.gov/RegPrecise/regulog.jsp?regulog_id=2034

MOTIF SiaR_Pasteurellales RpiR-family

letter-probability matrix: alength= 4 w= 19 nsites= 23 E= 0
  0.434783	  0.000000	  0.000000	  0.565217	
  0.391304	  0.173913	  0.000000	  0.434783	
  0.043478	  0.000000	  0.000000	  0.956522	
  0.043478	  0.086957	  0.869565	  0.000000	
  0.608696	  0.000000	  0.391304	  0.000000	
  0.913043	  0.000000	  0.000000	  0.086957	
  0.347826	  0.000000	  0.608696	  0.043478	
  0.130435	  0.000000	  0.000000	  0.869565	
  0.652174	  0.043478	  0.086957	  0.217391	
  0.521739	  0.000000	  0.043478	  0.434783	
  0.521739	  0.130435	  0.043478	  0.304348	
  0.652174	  0.000000	  0.000000	  0.347826	
  0.086957	  0.521739	  0.000000	  0.391304	
  0.043478	  0.000000	  0.043478	  0.913043	
  0.000000	  0.173913	  0.000000	  0.826087	
  0.000000	  0.826087	  0.130435	  0.043478	
  0.782609	  0.000000	  0.000000	  0.217391	
  0.260870	  0.000000	  0.086957	  0.652174	
  0.478261	  0.000000	  0.043478	  0.478261	

URL http://regprecise.lbl.gov/RegPrecise/regulog.jsp?regulog_id=2035

MOTIF SiaR_Psychromonadaceae/Aeromonadales RpiR-family

letter-probability matrix: alength= 4 w= 19 nsites= 9 E= 0
  0.666667	  0.000000	  0.111111	  0.222222	
  0.333333	  0.000000	  0.111111	  0.555556	
  0.111111	  0.111111	  0.000000	  0.777778	
  0.111111	  0.000000	  0.888889	  0.000000	
  0.555556	  0.000000	  0.444444	  0.000000	
  1.000000	  0.000000	  0.000000	  0.000000	
  0.222222	  0.000000	  0.777778	  0.000000	
  0.000000	  0.111111	  0.000000	  0.888889	
  0.222222	  0.000000	  0.000000	  0.777778	
  0.222222	  0.111111	  0.000000	  0.666667	
  0.666667	  0.111111	  0.000000	  0.222222	
  0.666667	  0.000000	  0.222222	  0.111111	
  0.000000	  0.777778	  0.000000	  0.222222	
  0.000000	  0.000000	  0.000000	  1.000000	
  0.222222	  0.444444	  0.000000	  0.333333	
  0.000000	  0.888889	  0.000000	  0.111111	
  0.777778	  0.000000	  0.111111	  0.111111	
  0.333333	  0.111111	  0.000000	  0.555556	
  0.444444	  0.000000	  0.111111	  0.444444	

URL http://regprecise.lbl.gov/RegPrecise/regulog.jsp?regulog_id=2037

MOTIF NanR_Vibrionales RpiR-family

letter-probability matrix: alength= 4 w= 19 nsites= 6 E= 0
  0.166667	  0.000000	  0.333333	  0.500000	
  0.166667	  0.000000	  0.333333	  0.500000	
  0.000000	  0.000000	  0.000000	  1.000000	
  0.000000	  0.000000	  1.000000	  0.000000	
  0.833333	  0.000000	  0.166667	  0.000000	
  1.000000	  0.000000	  0.000000	  0.000000	
  0.500000	  0.000000	  0.500000	  0.000000	
  1.000000	  0.000000	  0.000000	  0.000000	
  0.000000	  0.000000	  0.000000	  1.000000	
  0.666667	  0.000000	  0.000000	  0.333333	
  1.000000	  0.000000	  0.000000	  0.000000	
  0.000000	  0.000000	  0.000000	  1.000000	
  0.000000	  0.500000	  0.000000	  0.500000	
  0.000000	  0.000000	  0.000000	  1.000000	
  0.000000	  0.166667	  0.000000	  0.833333	
  0.000000	  0.833333	  0.000000	  0.166667	
  1.000000	  0.000000	  0.000000	  0.000000	
  0.333333	  0.500000	  0.000000	  0.166667	
  0.333333	  0.333333	  0.166667	  0.166667	

URL http://regprecise.lbl.gov/RegPrecise/regulog.jsp?regulog_id=2368

MOTIF NanR_Streptococcaceae RpiR-family

letter-probability matrix: alength= 4 w= 18 nsites= 16 E= 0
  0.250000	  0.062500	  0.000000	  0.687500	
  0.250000	  0.562500	  0.000000	  0.187500	
  0.000000	  0.000000	  0.125000	  0.875000	
  0.000000	  0.000000	  1.000000	  0.000000	
  1.000000	  0.000000	  0.000000	  0.000000	
  1.000000	  0.000000	  0.000000	  0.000000	
  1.000000	  0.000000	  0.000000	  0.000000	
  0.062500	  0.500000	  0.437500	  0.000000	
  0.000000	  0.000000	  0.000000	  1.000000	
  1.000000	  0.000000	  0.000000	  0.000000	
  0.000000	  0.500000	  0.375000	  0.125000	
  0.062500	  0.000000	  0.000000	  0.937500	
  0.062500	  0.000000	  0.000000	  0.937500	
  0.000000	  0.062500	  0.000000	  0.937500	
  0.000000	  0.937500	  0.000000	  0.062500	
  0.562500	  0.000000	  0.000000	  0.437500	
  0.562500	  0.062500	  0.375000	  0.000000	
  0.750000	  0.000000	  0.250000	  0.000000	

URL http://regprecise.lbl.gov/RegPrecise/regulog.jsp?regulog_id=3941

MOTIF AlsR_Enterobacteriales RpiR-family

letter-probability matrix: alength= 4 w= 17 nsites= 5 E= 0
  0.400000	  0.000000	  0.600000	  0.000000	
  0.400000	  0.200000	  0.400000	  0.000000	
  0.000000	  0.200000	  0.000000	  0.800000	
  0.000000	  0.600000	  0.400000	  0.000000	
  0.200000	  0.000000	  0.000000	  0.800000	
  0.000000	  0.000000	  1.000000	  0.000000	
  0.000000	  0.000000	  0.000000	  1.000000	
  0.400000	  0.200000	  0.000000	  0.400000	
  0.400000	  0.200000	  0.200000	  0.200000	
  0.400000	  0.000000	  0.200000	  0.400000	
  0.800000	  0.000000	  0.000000	  0.200000	
  0.000000	  1.000000	  0.000000	  0.000000	
  1.000000	  0.000000	  0.000000	  0.000000	
  0.000000	  0.200000	  0.800000	  0.000000	
  0.800000	  0.000000	  0.200000	  0.000000	
  0.200000	  0.400000	  0.200000	  0.200000	
  0.000000	  0.600000	  0.000000	  0.400000	

URL http://regprecise.lbl.gov/RegPrecise/regulog.jsp?regulog_id=4635

MOTIF MurR_Enterobacteriales RpiR-family

letter-probability matrix: alength= 4 w= 15 nsites= 6 E= 0
  0.000000	  0.000000	  1.000000	  0.000000	
  0.000000	  0.000000	  1.000000	  0.000000	
  0.833333	  0.000000	  0.166667	  0.000000	
  1.000000	  0.000000	  0.000000	  0.000000	
  0.000000	  0.000000	  0.000000	  1.000000	
  0.500000	  0.333333	  0.000000	  0.166667	
  0.666667	  0.000000	  0.000000	  0.333333	
  0.666667	  0.000000	  0.000000	  0.333333	
  0.333333	  0.000000	  0.000000	  0.666667	
  0.000000	  0.000000	  0.500000	  0.500000	
  1.000000	  0.000000	  0.000000	  0.000000	
  0.000000	  0.000000	  0.000000	  1.000000	
  0.000000	  0.166667	  0.000000	  0.833333	
  0.000000	  0.833333	  0.000000	  0.166667	
  0.000000	  1.000000	  0.000000	  0.000000	

URL http://regprecise.lbl.gov/RegPrecise/regulog.jsp?regulog_id=4637

MOTIF TagR_Lactobacillaceae RpiR-family

letter-probability matrix: alength= 4 w= 14 nsites= 8 E= 0
  0.000000	  0.000000	  0.375000	  0.625000	
  0.250000	  0.000000	  0.750000	  0.000000	
  0.625000	  0.000000	  0.000000	  0.375000	
  1.000000	  0.000000	  0.000000	  0.000000	
  1.000000	  0.000000	  0.000000	  0.000000	
  0.750000	  0.000000	  0.000000	  0.250000	
  0.125000	  0.125000	  0.625000	  0.125000	
  0.125000	  0.625000	  0.125000	  0.125000	
  0.250000	  0.000000	  0.000000	  0.750000	
  0.000000	  0.000000	  0.000000	  1.000000	
  0.000000	  0.000000	  0.000000	  1.000000	
  0.375000	  0.000000	  0.000000	  0.625000	
  0.000000	  0.750000	  0.000000	  0.250000	
  0.625000	  0.375000	  0.000000	  0.000000	

URL http://regprecise.lbl.gov/RegPrecise/regulog.jsp?regulog_id=4646

MOTIF GntR1_Lactobacillaceae RpiR-family

letter-probability matrix: alength= 4 w= 19 nsites= 32 E= 0
  0.187500	  0.125000	  0.031250	  0.656250	
  0.437500	  0.031250	  0.156250	  0.375000	
  0.156250	  0.093750	  0.000000	  0.750000	
  0.000000	  0.000000	  1.000000	  0.000000	
  0.437500	  0.000000	  0.000000	  0.562500	
  1.000000	  0.000000	  0.000000	  0.000000	
  1.000000	  0.000000	  0.000000	  0.000000	
  0.843750	  0.062500	  0.000000	  0.093750	
  0.187500	  0.093750	  0.000000	  0.718750	
  0.500000	  0.031250	  0.031250	  0.437500	
  0.593750	  0.000000	  0.125000	  0.281250	
  0.062500	  0.031250	  0.062500	  0.843750	
  0.031250	  0.000000	  0.000000	  0.968750	
  0.000000	  0.000000	  0.000000	  1.000000	
  0.531250	  0.000000	  0.000000	  0.468750	
  0.031250	  0.968750	  0.000000	  0.000000	
  0.687500	  0.000000	  0.125000	  0.187500	
  0.343750	  0.156250	  0.062500	  0.437500	
  0.656250	  0.031250	  0.093750	  0.218750	

URL http://regprecise.lbl.gov/RegPrecise/regulog.jsp?regulog_id=4725

MOTIF RpiR_Lactobacillaceae RpiR-family

letter-probability matrix: alength= 4 w= 15 nsites= 7 E= 0
  0.142857	  0.000000	  0.000000	  0.857143	
  0.000000	  0.000000	  1.000000	  0.000000	
  1.000000	  0.000000	  0.000000	  0.000000	
  1.000000	  0.000000	  0.000000	  0.000000	
  1.000000	  0.000000	  0.000000	  0.000000	
  0.428571	  0.000000	  0.000000	  0.571429	
  0.142857	  0.000000	  0.000000	  0.857143	
  0.571429	  0.000000	  0.000000	  0.428571	
  0.857143	  0.000000	  0.000000	  0.142857	
  0.571429	  0.000000	  0.142857	  0.285714	
  0.000000	  0.000000	  0.000000	  1.000000	
  0.000000	  0.000000	  0.000000	  1.000000	
  0.142857	  0.000000	  0.000000	  0.857143	
  0.000000	  1.000000	  0.000000	  0.000000	
  0.857143	  0.000000	  0.000000	  0.142857	

URL http://regprecise.lbl.gov/RegPrecise/regulog.jsp?regulog_id=4727

MOTIF NanR_Staphylococcaceae RpiR-family

letter-probability matrix: alength= 4 w= 17 nsites= 18 E= 0
  0.500000	  0.000000	  0.000000	  0.500000	
  0.000000	  0.000000	  0.000000	  1.000000	
  0.000000	  0.000000	  1.000000	  0.000000	
  1.000000	  0.000000	  0.000000	  0.000000	
  1.000000	  0.000000	  0.000000	  0.000000	
  1.000000	  0.000000	  0.000000	  0.000000	
  1.000000	  0.000000	  0.000000	  0.000000	
  0.388889	  0.000000	  0.000000	  0.611111	
  0.388889	  0.111111	  0.166667	  0.333333	
  0.500000	  0.000000	  0.000000	  0.500000	
  0.000000	  0.000000	  0.000000	  1.000000	
  0.000000	  0.000000	  0.000000	  1.000000	
  0.000000	  0.000000	  0.000000	  1.000000	
  0.000000	  0.000000	  0.000000	  1.000000	
  0.000000	  1.000000	  0.000000	  0.000000	
  0.944444	  0.000000	  0.055556	  0.000000	
  0.444444	  0.000000	  0.000000	  0.555556	

URL http://regprecise.lbl.gov/RegPrecise/regulog.jsp?regulog_id=5010

MOTIF HexR_Shewanellaceae RpiR-family

letter-probability matrix: alength= 4 w= 17 nsites= 316 E= 0
  0.151899	  0.148734	  0.060127	  0.639241	
  0.101266	  0.066456	  0.145570	  0.686709	
  0.006329	  0.060127	  0.930380	  0.003165	
  0.047468	  0.003165	  0.000000	  0.949367	
  0.813291	  0.015823	  0.018987	  0.151899	
  0.844937	  0.006329	  0.123418	  0.025316	
  0.075949	  0.091772	  0.022152	  0.810127	
  0.446203	  0.003165	  0.000000	  0.550633	
  0.585443	  0.003165	  0.003165	  0.408228	
  0.639241	  0.000000	  0.009494	  0.351266	
  0.791139	  0.034810	  0.082278	  0.091772	
  0.006329	  0.294304	  0.006329	  0.693038	
  0.091772	  0.018987	  0.006329	  0.882911	
  0.911392	  0.022152	  0.000000	  0.066456	
  0.003165	  0.977848	  0.018987	  0.000000	
  0.768987	  0.107595	  0.066456	  0.056962	
  0.493671	  0.022152	  0.170886	  0.313291	

URL http://regprecise.lbl.gov/RegPrecise/regulog.jsp?regulog_id=591

MOTIF EutR_Rhodobacterales RpiR-family

letter-probability matrix: alength= 4 w= 20 nsites= 30 E= 0
  0.000000	  0.100000	  0.233333	  0.666667	
  0.066667	  0.466667	  0.200000	  0.266667	
  0.066667	  0.033333	  0.000000	  0.900000	
  0.000000	  0.000000	  1.000000	  0.000000	
  0.333333	  0.000000	  0.100000	  0.566667	
  0.800000	  0.133333	  0.000000	  0.066667	
  0.900000	  0.000000	  0.100000	  0.000000	
  0.633333	  0.233333	  0.033333	  0.100000	
  0.433333	  0.233333	  0.166667	  0.166667	
  0.766667	  0.000000	  0.000000	  0.233333	
  0.233333	  0.000000	  0.000000	  0.766667	
  0.166667	  0.166667	  0.233333	  0.433333	
  0.100000	  0.033333	  0.233333	  0.633333	
  0.000000	  0.100000	  0.000000	  0.900000	
  0.066667	  0.000000	  0.133333	  0.800000	
  0.566667	  0.100000	  0.000000	  0.333333	
  0.000000	  1.000000	  0.000000	  0.000000	
  0.900000	  0.000000	  0.033333	  0.066667	
  0.266667	  0.200000	  0.466667	  0.066667	
  0.666667	  0.233333	  0.100000	  0.000000	

URL http://regprecise.lbl.gov/RegPrecise/regulog.jsp?regulog_id=6568

MOTIF EutR_Rhizobiales RpiR-family

letter-probability matrix: alength= 4 w= 20 nsites= 24 E= 0
  0.166667	  0.291667	  0.125000	  0.416667	
  0.250000	  0.333333	  0.250000	  0.166667	
  0.083333	  0.041667	  0.000000	  0.875000	
  0.000000	  0.000000	  1.000000	  0.000000	
  1.000000	  0.000000	  0.000000	  0.000000	
  1.000000	  0.000000	  0.000000	  0.000000	
  0.625000	  0.000000	  0.333333	  0.041667	
  0.791667	  0.083333	  0.041667	  0.083333	
  0.291667	  0.000000	  0.541667	  0.166667	
  0.583333	  0.000000	  0.000000	  0.416667	
  0.416667	  0.000000	  0.000000	  0.583333	
  0.166667	  0.541667	  0.000000	  0.291667	
  0.083333	  0.041667	  0.083333	  0.791667	
  0.041667	  0.333333	  0.000000	  0.625000	
  0.000000	  0.000000	  0.000000	  1.000000	
  0.000000	  0.000000	  0.000000	  1.000000	
  0.000000	  1.000000	  0.000000	  0.000000	
  0.875000	  0.000000	  0.041667	  0.083333	
  0.166667	  0.250000	  0.333333	  0.250000	
  0.416667	  0.125000	  0.291667	  0.166667	

URL http://regprecise.lbl.gov/RegPrecise/regulog.jsp?regulog_id=6569

MOTIF EutR_Burkholderia RpiR-family

letter-probability matrix: alength= 4 w= 20 nsites= 9 E= 0
  0.555556	  0.111111	  0.000000	  0.333333	
  0.666667	  0.111111	  0.222222	  0.000000	
  0.000000	  0.000000	  0.000000	  1.000000	
  0.000000	  0.000000	  1.000000	  0.000000	
  0.000000	  0.000000	  0.000000	  1.000000	
  0.666667	  0.000000	  0.000000	  0.333333	
  0.333333	  0.111111	  0.000000	  0.555556	
  0.000000	  0.222222	  0.333333	  0.444444	
  0.333333	  0.000000	  0.444444	  0.222222	
  0.333333	  0.000000	  0.000000	  0.666667	
  0.333333	  0.000000	  0.000000	  0.666667	
  0.222222	  0.333333	  0.000000	  0.444444	
  0.555556	  0.333333	  0.111111	  0.000000	
  0.333333	  0.000000	  0.000000	  0.666667	
  0.333333	  0.000000	  0.000000	  0.666667	
  1.000000	  0.000000	  0.000000	  0.000000	
  0.000000	  1.000000	  0.000000	  0.000000	
  1.000000	  0.000000	  0.000000	  0.000000	
  0.000000	  0.222222	  0.111111	  0.666667	
  0.333333	  0.000000	  0.333333	  0.333333	

URL http://regprecise.lbl.gov/RegPrecise/regulog.jsp?regulog_id=6573

MOTIF EutR_Mycobacteriaceae RpiR-family

letter-probability matrix: alength= 4 w= 20 nsites= 6 E= 0
  0.166667	  0.166667	  0.166667	  0.500000	
  0.333333	  0.166667	  0.166667	  0.333333	
  0.000000	  0.000000	  0.000000	  1.000000	
  0.000000	  0.000000	  0.666667	  0.333333	
  0.333333	  0.000000	  0.000000	  0.666667	
  0.500000	  0.500000	  0.000000	  0.000000	
  1.000000	  0.000000	  0.000000	  0.000000	
  0.333333	  0.333333	  0.000000	  0.333333	
  0.500000	  0.000000	  0.500000	  0.000000	
  0.500000	  0.000000	  0.000000	  0.500000	
  0.500000	  0.000000	  0.000000	  0.500000	
  0.000000	  0.500000	  0.000000	  0.500000	
  0.333333	  0.000000	  0.333333	  0.333333	
  0.000000	  0.000000	  0.000000	  1.000000	
  0.000000	  0.000000	  0.500000	  0.500000	
  0.666667	  0.000000	  0.000000	  0.333333	
  0.333333	  0.666667	  0.000000	  0.000000	
  1.000000	  0.000000	  0.000000	  0.000000	
  0.333333	  0.166667	  0.166667	  0.333333	
  0.500000	  0.166667	  0.166667	  0.166667	

URL http://regprecise.lbl.gov/RegPrecise/regulog.jsp?regulog_id=6574

MOTIF MurR_Staphylococcaceae RpiR-family

letter-probability matrix: alength= 4 w= 21 nsites= 7 E= 0
  0.857143	  0.000000	  0.000000	  0.142857	
  0.714286	  0.000000	  0.000000	  0.285714	
  0.142857	  0.000000	  0.000000	  0.857143	
  0.000000	  0.000000	  0.000000	  1.000000	
  0.142857	  0.000000	  0.857143	  0.000000	
  0.000000	  0.000000	  0.000000	  1.000000	
  1.000000	  0.000000	  0.000000	  0.000000	
  1.000000	  0.000000	  0.000000	  0.000000	
  0.428571	  0.000000	  0.142857	  0.428571	
  0.714286	  0.285714	  0.000000	  0.000000	
  0.428571	  0.142857	  0.142857	  0.285714	
  0.285714	  0.000000	  0.000000	  0.714286	
  0.428571	  0.000000	  0.142857	  0.428571	
  0.142857	  0.000000	  0.000000	  0.857143	
  0.142857	  0.000000	  0.000000	  0.857143	
  0.428571	  0.000000	  0.142857	  0.428571	
  0.000000	  0.714286	  0.000000	  0.285714	
  1.000000	  0.000000	  0.000000	  0.000000	
  0.714286	  0.000000	  0.000000	  0.285714	
  0.142857	  0.000000	  0.000000	  0.857143	
  0.428571	  0.000000	  0.142857	  0.428571	

URL http://regprecise.lbl.gov/RegPrecise/regulog.jsp?regulog_id=687


