MEME version 4

ALPHABET= ACGT

strands: + -

Background letter frequencies (from uniform background):
A 0.25000 C 0.25000 G 0.25000 T 0.25000 

MOTIF TrpR_Enterobacteriales TrpR-family

letter-probability matrix: alength= 4 w= 20 nsites= 44 E= 0
  0.000000	  0.340909	  0.022727	  0.636364	
  0.068182	  0.000000	  0.931818	  0.000000	
  0.272727	  0.000000	  0.000000	  0.727273	
  0.954545	  0.000000	  0.000000	  0.045455	
  0.000000	  1.000000	  0.000000	  0.000000	
  0.000000	  0.204545	  0.000000	  0.795455	
  0.750000	  0.250000	  0.000000	  0.000000	
  0.068182	  0.022727	  0.818182	  0.090909	
  0.022727	  0.068182	  0.000000	  0.909091	
  0.113636	  0.045455	  0.227273	  0.613636	
  0.545455	  0.090909	  0.045455	  0.318182	
  0.772727	  0.000000	  0.227273	  0.000000	
  0.363636	  0.590909	  0.022727	  0.022727	
  0.022727	  0.022727	  0.136364	  0.818182	
  0.772727	  0.000000	  0.227273	  0.000000	
  0.022727	  0.000000	  0.977273	  0.000000	
  0.000000	  0.000000	  0.000000	  1.000000	
  0.840909	  0.000000	  0.090909	  0.068182	
  0.000000	  0.750000	  0.000000	  0.250000	
  0.613636	  0.000000	  0.340909	  0.045455	

URL http://regprecise.lbl.gov/RegPrecise/regulog.jsp?regulog_id=1182

MOTIF HisR_Bacillales TrpR-family

letter-probability matrix: alength= 4 w= 20 nsites= 20 E= 0
  0.100000	  0.350000	  0.000000	  0.550000	
  0.750000	  0.050000	  0.200000	  0.000000	
  0.200000	  0.450000	  0.000000	  0.350000	
  0.550000	  0.000000	  0.000000	  0.450000	
  0.000000	  0.000000	  0.000000	  1.000000	
  0.000000	  0.000000	  0.000000	  1.000000	
  1.000000	  0.000000	  0.000000	  0.000000	
  0.150000	  0.100000	  0.600000	  0.150000	
  0.000000	  0.700000	  0.000000	  0.300000	
  0.550000	  0.000000	  0.300000	  0.150000	
  0.800000	  0.000000	  0.000000	  0.200000	
  0.750000	  0.000000	  0.250000	  0.000000	
  0.150000	  0.800000	  0.000000	  0.050000	
  0.000000	  0.000000	  0.000000	  1.000000	
  0.950000	  0.000000	  0.050000	  0.000000	
  0.950000	  0.000000	  0.050000	  0.000000	
  0.900000	  0.000000	  0.000000	  0.100000	
  0.100000	  0.000000	  0.900000	  0.000000	
  0.000000	  0.100000	  0.350000	  0.550000	
  0.850000	  0.000000	  0.150000	  0.000000	

URL http://regprecise.lbl.gov/RegPrecise/regulog.jsp?regulog_id=1192

MOTIF TrpR_Vibrionales TrpR-family

letter-probability matrix: alength= 4 w= 20 nsites= 24 E= 0
  0.083333	  0.333333	  0.083333	  0.500000	
  0.083333	  0.000000	  0.916667	  0.000000	
  0.166667	  0.250000	  0.000000	  0.583333	
  1.000000	  0.000000	  0.000000	  0.000000	
  0.000000	  1.000000	  0.000000	  0.000000	
  0.000000	  0.041667	  0.000000	  0.958333	
  0.958333	  0.000000	  0.000000	  0.041667	
  0.000000	  0.041667	  0.916667	  0.041667	
  0.000000	  0.208333	  0.000000	  0.791667	
  0.041667	  0.083333	  0.083333	  0.791667	
  0.625000	  0.000000	  0.083333	  0.291667	
  0.833333	  0.000000	  0.166667	  0.000000	
  0.000000	  0.875000	  0.083333	  0.041667	
  0.000000	  0.000000	  0.000000	  1.000000	
  0.791667	  0.000000	  0.208333	  0.000000	
  0.208333	  0.000000	  0.791667	  0.000000	
  0.000000	  0.000000	  0.000000	  1.000000	
  0.666667	  0.000000	  0.125000	  0.208333	
  0.000000	  0.958333	  0.000000	  0.041667	
  0.583333	  0.000000	  0.375000	  0.041667	

URL http://regprecise.lbl.gov/RegPrecise/regulog.jsp?regulog_id=1405

MOTIF TrpR_Pasteurellales TrpR-family

letter-probability matrix: alength= 4 w= 20 nsites= 34 E= 0
  0.029412	  0.088235	  0.029412	  0.852941	
  0.205882	  0.000000	  0.794118	  0.000000	
  0.205882	  0.235294	  0.000000	  0.558824	
  1.000000	  0.000000	  0.000000	  0.000000	
  0.000000	  0.970588	  0.000000	  0.029412	
  0.000000	  0.000000	  0.000000	  1.000000	
  1.000000	  0.000000	  0.000000	  0.000000	
  0.000000	  0.117647	  0.735294	  0.147059	
  0.000000	  0.000000	  0.000000	  1.000000	
  0.235294	  0.000000	  0.029412	  0.735294	
  0.117647	  0.000000	  0.000000	  0.882353	
  1.000000	  0.000000	  0.000000	  0.000000	
  0.794118	  0.176471	  0.029412	  0.000000	
  0.000000	  0.029412	  0.000000	  0.970588	
  1.000000	  0.000000	  0.000000	  0.000000	
  0.029412	  0.000000	  0.970588	  0.000000	
  0.000000	  0.000000	  0.000000	  1.000000	
  0.382353	  0.058824	  0.382353	  0.176471	
  0.029412	  0.676471	  0.000000	  0.294118	
  0.794118	  0.000000	  0.147059	  0.058824	

URL http://regprecise.lbl.gov/RegPrecise/regulog.jsp?regulog_id=2118

MOTIF HisR_Clostridia-3 TrpR-family

letter-probability matrix: alength= 4 w= 20 nsites= 37 E= 0
  0.243243	  0.432432	  0.135135	  0.189189	
  0.864865	  0.000000	  0.135135	  0.000000	
  0.324324	  0.405405	  0.054054	  0.216216	
  0.054054	  0.000000	  0.189189	  0.756757	
  0.000000	  0.000000	  0.162162	  0.837838	
  0.000000	  0.054054	  0.000000	  0.945946	
  1.000000	  0.000000	  0.000000	  0.000000	
  0.162162	  0.297297	  0.540541	  0.000000	
  0.000000	  0.432432	  0.000000	  0.567568	
  0.513514	  0.000000	  0.486486	  0.000000	
  0.000000	  0.243243	  0.027027	  0.729730	
  0.297297	  0.000000	  0.702703	  0.000000	
  0.162162	  0.378378	  0.270270	  0.189189	
  0.054054	  0.000000	  0.027027	  0.918919	
  0.972973	  0.000000	  0.027027	  0.000000	
  0.864865	  0.054054	  0.081081	  0.000000	
  0.864865	  0.027027	  0.000000	  0.108108	
  0.378378	  0.000000	  0.594595	  0.027027	
  0.027027	  0.081081	  0.000000	  0.891892	
  0.324324	  0.000000	  0.621622	  0.054054	

URL http://regprecise.lbl.gov/RegPrecise/regulog.jsp?regulog_id=5569

MOTIF HisR_Thermoanaerobacterales TrpR-family

letter-probability matrix: alength= 4 w= 20 nsites= 8 E= 0
  0.000000	  0.375000	  0.000000	  0.625000	
  1.000000	  0.000000	  0.000000	  0.000000	
  0.000000	  0.875000	  0.000000	  0.125000	
  0.000000	  0.000000	  0.125000	  0.875000	
  0.000000	  0.000000	  0.000000	  1.000000	
  0.000000	  0.250000	  0.000000	  0.750000	
  1.000000	  0.000000	  0.000000	  0.000000	
  0.250000	  0.000000	  0.125000	  0.625000	
  0.000000	  0.750000	  0.000000	  0.250000	
  1.000000	  0.000000	  0.000000	  0.000000	
  0.125000	  0.375000	  0.000000	  0.500000	
  0.375000	  0.000000	  0.625000	  0.000000	
  0.375000	  0.000000	  0.125000	  0.500000	
  0.000000	  0.000000	  0.000000	  1.000000	
  1.000000	  0.000000	  0.000000	  0.000000	
  0.625000	  0.375000	  0.000000	  0.000000	
  1.000000	  0.000000	  0.000000	  0.000000	
  0.375000	  0.000000	  0.625000	  0.000000	
  0.375000	  0.125000	  0.000000	  0.500000	
  0.500000	  0.000000	  0.500000	  0.000000	

URL http://regprecise.lbl.gov/RegPrecise/regulog.jsp?regulog_id=6189

MOTIF HisR_Listeriaceae TrpR-family

letter-probability matrix: alength= 4 w= 20 nsites= 8 E= 0
  0.000000	  0.875000	  0.000000	  0.125000	
  0.625000	  0.000000	  0.375000	  0.000000	
  0.000000	  0.500000	  0.000000	  0.500000	
  0.500000	  0.000000	  0.000000	  0.500000	
  0.000000	  0.000000	  0.000000	  1.000000	
  0.000000	  0.000000	  0.000000	  1.000000	
  1.000000	  0.000000	  0.000000	  0.000000	
  0.500000	  0.000000	  0.500000	  0.000000	
  0.000000	  1.000000	  0.000000	  0.000000	
  0.500000	  0.000000	  0.500000	  0.000000	
  0.000000	  0.500000	  0.000000	  0.500000	
  0.000000	  0.000000	  1.000000	  0.000000	
  0.000000	  0.500000	  0.000000	  0.500000	
  0.000000	  0.000000	  0.000000	  1.000000	
  1.000000	  0.000000	  0.000000	  0.000000	
  1.000000	  0.000000	  0.000000	  0.000000	
  0.500000	  0.000000	  0.000000	  0.500000	
  0.500000	  0.000000	  0.500000	  0.000000	
  0.000000	  0.375000	  0.000000	  0.625000	
  0.125000	  0.000000	  0.875000	  0.000000	

URL http://regprecise.lbl.gov/RegPrecise/regulog.jsp?regulog_id=6190

MOTIF HisR_Xanthomonadales TrpR-family

letter-probability matrix: alength= 4 w= 20 nsites= 8 E= 0
  0.000000	  0.000000	  0.000000	  1.000000	
  0.000000	  0.000000	  1.000000	  0.000000	
  0.000000	  0.000000	  0.000000	  1.000000	
  1.000000	  0.000000	  0.000000	  0.000000	
  0.250000	  0.750000	  0.000000	  0.000000	
  0.000000	  0.000000	  0.000000	  1.000000	
  1.000000	  0.000000	  0.000000	  0.000000	
  0.750000	  0.000000	  0.250000	  0.000000	
  0.000000	  0.750000	  0.000000	  0.250000	
  0.500000	  0.000000	  0.250000	  0.250000	
  0.000000	  1.000000	  0.000000	  0.000000	
  0.000000	  0.000000	  1.000000	  0.000000	
  0.000000	  1.000000	  0.000000	  0.000000	
  0.000000	  0.000000	  0.000000	  1.000000	
  1.000000	  0.000000	  0.000000	  0.000000	
  0.000000	  0.000000	  0.000000	  1.000000	
  0.250000	  0.000000	  0.000000	  0.750000	
  0.750000	  0.000000	  0.000000	  0.250000	
  0.000000	  1.000000	  0.000000	  0.000000	
  1.000000	  0.000000	  0.000000	  0.000000	

URL http://regprecise.lbl.gov/RegPrecise/regulog.jsp?regulog_id=6191

MOTIF TrpR_Shewanellaceae TrpR-family

letter-probability matrix: alength= 4 w= 20 nsites= 32 E= 0
  0.000000	  0.062500	  0.000000	  0.937500	
  0.000000	  0.000000	  1.000000	  0.000000	
  0.000000	  0.000000	  0.000000	  1.000000	
  1.000000	  0.000000	  0.000000	  0.000000	
  0.968750	  0.031250	  0.000000	  0.000000	
  0.000000	  0.000000	  0.000000	  1.000000	
  0.000000	  0.000000	  1.000000	  0.000000	
  0.156250	  0.281250	  0.531250	  0.031250	
  0.093750	  0.125000	  0.000000	  0.781250	
  0.062500	  0.000000	  0.687500	  0.250000	
  0.218750	  0.093750	  0.062500	  0.625000	
  0.906250	  0.000000	  0.093750	  0.000000	
  0.250000	  0.218750	  0.437500	  0.093750	
  0.000000	  0.906250	  0.000000	  0.093750	
  0.781250	  0.000000	  0.218750	  0.000000	
  0.125000	  0.000000	  0.312500	  0.562500	
  0.062500	  0.000000	  0.031250	  0.906250	
  1.000000	  0.000000	  0.000000	  0.000000	
  0.000000	  0.937500	  0.062500	  0.000000	
  0.468750	  0.000000	  0.281250	  0.250000	

URL http://regprecise.lbl.gov/RegPrecise/regulog.jsp?regulog_id=644

MOTIF HisR_Staphylococcaceae TrpR-family

letter-probability matrix: alength= 4 w= 20 nsites= 24 E= 0
  0.000000	  0.625000	  0.000000	  0.375000	
  0.750000	  0.000000	  0.250000	  0.000000	
  0.000000	  1.000000	  0.000000	  0.000000	
  0.000000	  0.000000	  0.000000	  1.000000	
  0.000000	  0.000000	  0.000000	  1.000000	
  0.000000	  0.000000	  0.000000	  1.000000	
  1.000000	  0.000000	  0.000000	  0.000000	
  0.458333	  0.041667	  0.500000	  0.000000	
  0.041667	  0.416667	  0.000000	  0.541667	
  0.083333	  0.000000	  0.500000	  0.416667	
  0.125000	  0.625000	  0.041667	  0.208333	
  0.291667	  0.000000	  0.500000	  0.208333	
  0.250000	  0.083333	  0.166667	  0.500000	
  0.000000	  0.000000	  0.000000	  1.000000	
  1.000000	  0.000000	  0.000000	  0.000000	
  0.541667	  0.000000	  0.416667	  0.041667	
  0.583333	  0.125000	  0.000000	  0.291667	
  0.250000	  0.000000	  0.750000	  0.000000	
  0.250000	  0.333333	  0.166667	  0.250000	
  0.291667	  0.000000	  0.666667	  0.041667	

URL http://regprecise.lbl.gov/RegPrecise/regulog.jsp?regulog_id=699


